0 0
1 0
2 0
3 0
4 0
5 0
6 0
7 0
8 0
9 0
10 0
11 0
12 0
13 0
14 0
15 0
16 0
17 0
18 0
19 0
20 0
21 0
22 0
23 0
24 0
25 0
26 0
27 0
28 0
29 0
30 0
31 0
32 0
33 0
34 0
35 0
36 0
37 1 1677 49 236 177 drone
38 1 1653 58 271 191 drone
39 1 1626 98 278 162 drone
40 1 1600 114 309 167 drone
41 1 1576 134 298 148 drone
42 1 1536 161 311 132 drone
43 1 1513 168 298 132 drone
44 1 1500 188 285 115 drone
45 1 1483 201 278 115 drone
46 1 1463 211 265 125 drone
47 1 1433 214 268 125 drone
48 1 1420 221 258 125 drone
49 1 1400 234 258 115 drone
50 1 1390 241 248 108 drone
51 1 1380 247 231 112 drone
52 1 1367 254 225 108 drone
53 1 1343 257 231 105 drone
54 1 1323 257 228 108 drone
55 1 1327 271 211 105 drone
56 1 1307 277 231 105 drone
57 1 1295 273 225 108 drone
58 1 1287 284 208 95 drone
59 1 1267 287 228 105 drone
60 1 1264 291 221 102 drone
61 1 1260 291 205 102 drone
62 1 1250 297 215 108 drone
63 1 1237 297 215 105 drone
64 1 1234 314 211 92 drone
65 1 1224 311 211 108 drone
66 1 1224 321 205 95 drone
67 1 1217 324 205 102 drone
68 1 1210 321 205 108 drone
69 1 1204 327 208 102 drone
70 1 1197 331 201 92 drone
71 1 1197 334 195 95 drone
72 1 1184 337 208 95 drone
73 1 1184 337 211 98 drone
74 1 1182 339 214 102 drone
75 1 1170 341 211 98 drone
76 1 1157 341 218 95 drone
77 1 1164 341 211 108 drone
78 1 1167 347 210 101 drone
79 1 1150 347 215 102 drone
80 1 1146 343 215 102 drone
81 1 1146 343 215 102 drone
82 1 1146 343 215 102 drone
83 1 1146 343 215 102 drone
84 1 1139 346 215 102 drone
85 1 1139 349 215 102 drone
86 1 1132 349 215 102 drone
87 1 1132 352 215 102 drone
88 1 1132 361 215 102 drone
89 1 1132 361 215 102 drone
90 1 1128 364 215 102 drone
91 1 1128 367 215 102 drone
92 1 1128 367 215 102 drone
93 1 1128 370 215 102 drone
94 1 1128 373 215 102 drone
95 1 1124 373 215 102 drone
96 1 1124 379 215 102 drone
97 1 1124 379 215 102 drone
98 1 1124 379 215 102 drone
99 1 1124 379 215 102 drone
100 1 1124 382 215 102 drone
101 1 1124 388 215 102 drone
102 1 1120 391 215 102 drone
103 1 1116 391 215 102 drone
104 1 1116 394 215 102 drone
105 1 1116 397 215 102 drone
106 1 1119 403 215 102 drone
107 1 1125 406 215 102 drone
108 1 1125 412 215 102 drone
109 1 1121 412 215 102 drone
110 1 1117 425 215 102 drone
111 1 1117 434 215 102 drone
112 1 1123 434 215 102 drone
113 1 1119 434 215 102 drone
114 1 1115 440 215 102 drone
115 1 1124 440 215 102 drone
116 1 1124 443 215 102 drone
117 1 1120 452 215 102 drone
118 1 1120 461 215 102 drone
119 1 1120 464 215 102 drone
120 1 1116 467 215 102 drone
121 1 1119 476 215 102 drone
122 1 1119 482 215 102 drone
123 1 1119 485 215 102 drone
124 1 1119 485 215 102 drone
125 1 1119 494 215 102 drone
126 1 1122 494 215 102 drone
127 1 1118 494 215 102 drone
128 1 1118 500 215 102 drone
129 1 1118 503 215 102 drone
130 1 1118 509 215 102 drone
131 1 1118 512 215 102 drone
132 1 1114 521 215 102 drone
133 1 1120 524 215 102 drone
134 1 1120 533 215 102 drone
135 1 1120 539 215 102 drone
136 1 1120 545 215 102 drone
137 1 1120 548 215 102 drone
138 1 1120 551 215 102 drone
139 1 1120 554 215 102 drone
140 1 1118 559 215 102 drone
141 1 1118 560 215 102 drone
142 1 1118 563 215 102 drone
143 1 1118 570 215 102 drone
144 1 1118 575 215 102 drone
145 1 1127 580 205 98 drone
146 1 1125 585 205 98 drone
147 1 1124 590 205 88 drone
148 1 1122 595 205 88 drone
149 1 1122 598 205 88 drone
150 1 1122 603 205 88 drone
151 1 1125 604 205 88 drone
152 1 1123 607 205 88 drone
153 1 1124 608 205 88 drone
154 1 1124 608 205 88 drone
155 1 1122 608 205 88 drone
156 1 1122 613 205 88 drone
157 1 1125 613 205 88 drone
158 1 1121 613 205 88 drone
159 1 1124 614 205 88 drone
160 1 1124 615 205 88 drone
161 1 1125 615 205 88 drone
162 1 1126 615 205 88 drone
163 1 1129 616 205 88 drone
164 1 1129 617 205 88 drone
165 1 1129 618 205 88 drone
166 1 1129 619 205 88 drone
167 1 1129 620 205 88 drone
168 1 1129 620 205 88 drone
169 1 1134 621 205 88 drone
170 1 1130 619 205 88 drone
171 1 1130 619 205 88 drone
172 1 1130 620 205 88 drone
173 1 1130 620 205 88 drone
174 1 1130 620 205 88 drone
175 1 1130 620 205 88 drone
176 1 1130 620 205 88 drone
177 1 1124 621 205 88 drone
178 1 1127 621 205 88 drone
179 1 1128 619 205 88 drone
180 1 1131 619 205 88 drone
181 1 1132 615 205 88 drone
182 1 1132 620 205 88 drone
183 1 1135 618 205 88 drone
184 1 1133 616 205 88 drone
185 1 1133 617 205 88 drone
186 1 1131 615 205 88 drone
187 1 1131 618 205 88 drone
188 1 1131 616 205 88 drone
189 1 1132 614 205 88 drone
190 1 1133 612 205 88 drone
191 1 1134 612 205 88 drone
192 1 1137 613 205 88 drone
193 1 1135 613 205 88 drone
194 1 1135 614 205 88 drone
195 1 1133 615 205 88 drone
196 1 1133 613 205 88 drone
197 1 1133 611 205 88 drone
198 1 1131 616 205 88 drone
199 1 1132 614 205 88 drone
200 1 1135 617 205 88 drone
201 1 1135 615 205 88 drone
202 1 1135 616 205 88 drone
203 1 1136 616 205 88 drone
204 1 1134 616 205 88 drone
205 1 1132 610 205 88 drone
206 1 1133 607 197 91 drone
207 1 1125 601 206 97 drone
208 1 1119 601 206 97 drone
209 1 1120 602 206 97 drone
210 1 1114 605 206 97 drone
211 1 1108 605 206 97 drone
212 1 1102 606 206 97 drone
213 1 1094 607 206 97 drone
214 1 1088 607 206 97 drone
215 1 1076 607 206 97 drone
216 1 1068 607 206 97 drone
217 1 1068 605 206 97 drone
218 1 1058 606 206 97 drone
219 1 1054 606 206 97 drone
220 1 1050 606 206 97 drone
221 1 1048 607 206 97 drone
222 1 1038 603 206 97 drone
223 1 1034 604 206 105 drone
224 1 1035 597 204 114 drone
225 1 1029 597 204 114 drone
226 1 1030 600 201 108 drone
227 1 1035 607 201 108 drone
228 1 1033 607 201 108 drone
229 1 1036 605 201 108 drone
230 1 1037 603 201 108 drone
231 1 1044 604 201 108 drone
232 1 1049 607 201 108 drone
233 1 1052 610 201 108 drone
234 1 1057 615 201 108 drone
235 1 1062 613 201 108 drone
236 1 1065 611 201 108 drone
237 1 1077 612 201 108 drone
238 1 1084 615 201 108 drone
239 1 1096 615 201 108 drone
240 1 1103 613 201 108 drone
241 1 1117 614 195 102 drone
242 1 1128 615 195 102 drone
243 1 1133 622 195 102 drone
244 1 1145 625 194 92 drone
245 1 1154 630 193 86 drone
246 1 1165 631 193 86 drone
247 1 1177 631 193 86 drone
248 1 1182 631 193 86 drone
249 1 1189 631 193 86 drone
250 1 1196 632 193 86 drone
251 1 1207 633 193 86 drone
252 1 1214 636 193 86 drone
253 1 1225 639 192 82 drone
254 1 1230 637 192 82 drone
255 1 1237 640 192 82 drone
256 1 1244 640 192 82 drone
257 1 1253 640 192 82 drone
258 1 1256 640 192 82 drone
259 1 1261 641 192 82 drone
260 1 1266 641 192 82 drone
261 1 1273 641 192 82 drone
262 1 1276 642 192 82 drone
263 1 1276 642 192 82 drone
264 1 1279 642 192 82 drone
265 1 1284 642 192 82 drone
266 1 1280 643 192 82 drone
267 1 1281 648 192 82 drone
268 1 1282 646 192 82 drone
269 1 1283 644 192 82 drone
270 1 1286 645 192 82 drone
271 1 1284 646 192 82 drone
272 1 1280 646 192 82 drone
273 1 1274 646 192 82 drone
274 1 1272 653 192 82 drone
275 1 1275 651 192 82 drone
276 1 1269 652 192 82 drone
277 1 1261 652 192 82 drone
278 1 1264 652 192 82 drone
279 1 1260 655 192 82 drone
280 1 1256 658 189 80 drone
281 1 1256 659 189 80 drone
282 1 1246 662 189 80 drone
283 1 1242 663 189 80 drone
284 1 1234 663 189 80 drone
285 1 1234 661 189 80 drone
286 1 1230 661 189 80 drone
287 1 1230 664 189 80 drone
288 1 1222 664 189 80 drone
289 1 1216 665 189 80 drone
290 1 1214 668 189 80 drone
291 1 1206 671 189 80 drone
292 1 1206 671 189 80 drone
293 1 1200 672 189 80 drone
294 1 1200 672 189 80 drone
295 1 1196 675 189 80 drone
296 1 1190 675 189 80 drone
297 1 1197 680 179 76 drone
298 1 1187 680 179 76 drone
299 1 1186 681 179 76 drone
300 1 1182 681 179 76 drone
301 1 1176 684 179 76 drone
302 1 1170 684 179 76 drone
303 1 1170 685 179 76 drone
304 1 1168 688 179 76 drone
305 1 1162 689 179 76 drone
306 1 1158 689 179 76 drone
307 1 1154 689 179 76 drone
308 1 1155 690 179 76 drone
309 1 1155 693 179 76 drone
310 1 1153 693 179 76 drone
311 1 1149 693 179 76 drone
312 1 1145 693 179 76 drone
313 1 1145 693 170 72 drone
314 1 1139 698 170 72 drone
315 1 1139 696 170 72 drone
316 1 1139 701 170 72 drone
317 1 1137 701 170 72 drone
318 1 1133 702 170 72 drone
319 1 1133 703 170 72 drone
320 1 1133 704 170 72 drone
321 1 1129 705 170 72 drone
322 1 1129 706 170 72 drone
323 1 1127 707 170 72 drone
324 1 1123 707 170 72 drone
325 1 1119 712 170 72 drone
326 1 1122 710 170 72 drone
327 1 1123 713 170 72 drone
328 1 1119 713 170 72 drone
329 1 1117 713 170 72 drone
330 1 1113 713 170 72 drone
331 1 1111 716 170 72 drone
332 1 1116 712 170 72 drone
333 1 1110 713 170 72 drone
334 1 1108 713 170 72 drone
335 1 1106 713 170 72 drone
336 1 1100 713 170 72 drone
337 1 1100 713 170 72 drone
338 1 1096 713 170 72 drone
339 1 1097 713 170 72 drone
340 1 1091 713 170 72 drone
341 1 1089 714 170 72 drone
342 1 1089 719 170 72 drone
343 1 1083 715 170 72 drone
344 1 1077 718 170 72 drone
345 1 1075 718 170 72 drone
346 1 1069 719 170 72 drone
347 1 1069 722 170 72 drone
348 1 1065 720 170 72 drone
349 1 1063 718 170 72 drone
350 1 1061 723 170 72 drone
351 1 1055 723 170 72 drone
352 1 1047 723 170 72 drone
353 1 1047 723 170 72 drone
354 1 1050 724 155 69 drone
355 1 1048 729 155 69 drone
356 1 1042 730 155 69 drone
357 1 1038 726 155 69 drone
358 1 1036 729 155 69 drone
359 1 1032 729 155 69 drone
360 1 1026 729 155 69 drone
361 1 1033 727 147 68 drone
362 1 1025 728 147 68 drone
363 1 1017 728 147 68 drone
364 1 1020 729 142 66 drone
365 1 1023 729 142 66 drone
366 1 1013 730 142 66 drone
367 1 1018 731 142 66 drone
368 1 1010 729 142 66 drone
369 1 1015 732 132 61 drone
370 1 1009 730 132 61 drone
371 1 1005 728 132 61 drone
372 1 1009 731 125 58 drone
373 1 1003 731 125 58 drone
374 1 1000 729 125 58 drone
375 1 1001 729 125 58 drone
376 1 999 729 125 58 drone
377 1 999 729 125 58 drone
378 1 995 729 125 58 drone
379 1 994 729 125 52 drone
380 1 998 729 120 53 drone
381 1 994 729 120 53 drone
382 1 997 728 120 53 drone
383 1 997 729 120 53 drone
384 1 997 729 116 49 drone
385 1 995 729 116 49 drone
386 1 993 729 116 49 drone
387 1 992 731 116 49 drone
388 1 991 731 116 49 drone
389 1 992 729 116 49 drone
390 1 991 729 116 49 drone
391 1 991 730 116 49 drone
392 1 990 730 116 49 drone
393 1 990 729 116 49 drone
394 1 987 729 116 49 drone
395 1 986 730 116 49 drone
396 1 990 729 111 49 drone
397 1 988 729 111 49 drone
398 1 991 730 111 49 drone
399 1 994 730 111 49 drone
400 1 994 731 111 49 drone
401 1 991 731 111 49 drone
402 1 986 731 111 49 drone
403 1 989 731 111 49 drone
404 1 992 730 111 49 drone
405 1 992 732 105 46 drone
406 1 992 732 105 46 drone
407 1 993 732 105 46 drone
408 1 990 732 105 46 drone
409 1 994 731 105 46 drone
410 1 992 732 105 46 drone
411 1 996 732 100 44 drone
412 1 996 734 100 44 drone
413 1 998 733 100 44 drone
414 1 996 735 100 44 drone
415 1 998 735 100 44 drone
416 1 999 736 100 44 drone
417 1 1003 735 100 44 drone
418 1 998 735 100 44 drone
419 1 1001 735 100 44 drone
420 1 1001 737 98 41 drone
421 1 1001 737 98 41 drone
422 1 1001 738 98 41 drone
423 1 1003 738 98 41 drone
424 1 1002 738 98 41 drone
425 1 1004 738 98 41 drone
426 1 1006 738 91 40 drone
427 1 1007 738 91 41 drone
428 1 1008 739 91 41 drone
429 1 1009 739 91 41 drone
430 1 1007 739 91 41 drone
431 1 1008 740 91 41 drone
432 1 1008 741 91 41 drone
433 1 1012 741 91 41 drone
434 1 1011 743 91 41 drone
435 1 1011 741 89 39 drone
436 1 1011 741 89 39 drone
437 1 1010 741 89 39 drone
438 1 1011 741 89 39 drone
439 1 1012 741 89 39 drone
440 1 1014 741 89 39 drone
441 1 1015 741 89 39 drone
442 1 1014 741 89 39 drone
443 1 1016 741 89 39 drone
444 1 1015 741 89 39 drone
445 1 1018 740 89 39 drone
446 1 1019 740 89 39 drone
447 1 1021 741 89 39 drone
448 1 1019 741 89 39 drone
449 1 1023 741 89 39 drone
450 1 1023 740 89 39 drone
451 1 1024 741 89 39 drone
452 1 1027 741 89 39 drone
453 1 1025 742 89 39 drone
454 1 1029 743 89 39 drone
455 1 1029 742 89 39 drone
456 1 1029 742 89 39 drone
457 1 1029 740 89 39 drone
458 1 1029 740 89 39 drone
459 1 1031 739 84 43 drone
460 1 1028 739 84 43 drone
461 1 1023 738 84 43 drone
462 1 1024 738 84 43 drone
463 1 1019 739 84 43 drone
464 1 1016 739 84 43 drone
465 1 1012 740 84 43 drone
466 1 1007 739 84 43 drone
467 1 1004 739 84 43 drone
468 1 999 739 84 43 drone
469 1 993 739 79 43 drone
470 1 988 739 79 43 drone
471 1 981 739 80 43 drone
472 1 977 740 80 43 drone
473 1 971 740 80 43 drone
474 1 960 742 80 43 drone
475 1 955 742 80 43 drone
476 1 952 742 80 43 drone
477 1 944 739 80 43 drone
478 1 936 739 80 43 drone
479 1 930 739 80 43 drone
480 1 924 740 80 43 drone
481 1 921 739 76 40 drone
482 1 910 739 76 40 drone
483 1 906 739 76 40 drone
484 1 901 739 79 40 drone
485 1 897 738 79 40 drone
486 1 889 737 79 40 drone
487 1 884 737 79 40 drone
488 1 881 737 79 40 drone
489 1 877 735 79 40 drone
490 1 871 735 79 40 drone
491 1 868 735 79 40 drone
492 1 865 734 79 40 drone
493 1 858 732 79 41 drone
494 1 854 732 79 41 drone
495 1 852 732 79 41 drone
496 1 851 732 79 41 drone
497 1 846 732 79 41 drone
498 1 845 732 79 41 drone
499 1 841 732 79 41 drone
500 1 839 732 79 41 drone
501 1 839 732 79 41 drone
502 1 836 731 79 41 drone
503 1 836 732 79 41 drone
504 1 836 732 79 41 drone
505 1 836 732 79 41 drone
506 1 833 732 79 41 drone
507 1 829 731 79 41 drone
508 1 832 731 79 41 drone
509 1 831 731 79 41 drone
510 1 831 733 79 41 drone
511 1 834 733 76 40 drone
512 1 834 733 76 40 drone
513 1 833 733 76 40 drone
514 1 833 733 76 40 drone
515 1 834 733 76 40 drone
516 1 834 731 76 40 drone
517 1 835 734 77 36 drone
518 1 836 735 77 36 drone
519 1 836 734 77 36 drone
520 1 838 734 77 36 drone
521 1 840 734 77 36 drone
522 1 841 734 77 36 drone
523 1 843 733 77 36 drone
524 1 841 733 77 36 drone
525 1 844 733 77 36 drone
526 1 846 731 73 38 drone
527 1 844 731 73 38 drone
528 1 847 732 73 38 drone
529 1 848 732 73 38 drone
530 1 845 733 73 38 drone
531 1 847 733 73 38 drone
532 1 844 734 73 38 drone
533 1 847 734 73 38 drone
534 1 849 735 73 38 drone
535 1 849 734 73 38 drone
536 1 847 734 73 38 drone
537 1 845 734 73 38 drone
538 1 847 734 73 38 drone
539 1 847 735 73 38 drone
540 1 843 735 73 38 drone
541 1 842 735 73 38 drone
542 1 844 734 73 38 drone
543 1 843 736 73 38 drone
544 1 839 736 73 38 drone
545 1 841 736 72 35 drone
546 1 840 737 72 35 drone
547 1 838 737 72 35 drone
548 1 836 736 72 35 drone
549 1 838 736 66 34 drone
550 1 836 737 66 34 drone
551 1 836 736 66 34 drone
552 1 834 736 66 34 drone
553 1 831 736 66 34 drone
554 1 831 735 66 34 drone
555 1 828 735 66 34 drone
556 1 826 736 66 34 drone
557 1 824 735 66 34 drone
558 1 825 735 66 34 drone
559 1 824 735 66 34 drone
560 1 822 735 66 34 drone
561 1 818 735 66 34 drone
562 1 817 735 66 34 drone
563 1 815 735 66 34 drone
564 1 812 736 64 34 drone
565 1 812 736 64 34 drone
566 1 812 737 64 34 drone
567 1 810 737 64 34 drone
568 1 810 737 64 34 drone
569 1 806 737 64 34 drone
570 1 803 737 64 34 drone
571 1 799 737 64 34 drone
572 1 796 737 64 34 drone
573 1 794 737 64 34 drone
574 1 793 738 61 32 drone
575 1 793 738 61 32 drone
576 1 790 738 61 32 drone
577 1 787 738 61 32 drone
578 1 784 738 61 32 drone
579 1 782 737 61 32 drone
580 1 781 738 61 32 drone
581 1 778 738 61 32 drone
582 1 777 738 61 32 drone
583 1 775 738 61 32 drone
584 1 771 739 61 32 drone
585 1 770 738 61 32 drone
586 1 766 738 61 32 drone
587 1 764 738 61 32 drone
588 1 763 738 61 32 drone
589 1 763 740 55 29 drone
590 1 762 741 55 29 drone
591 1 758 739 55 29 drone
592 1 757 741 55 29 drone
593 1 754 741 55 29 drone
594 1 751 741 55 29 drone
595 1 750 741 55 29 drone
596 1 748 741 55 29 drone
597 1 744 741 55 29 drone
598 1 741 741 55 29 drone
599 1 741 741 55 29 drone
600 1 740 741 55 29 drone
601 1 734 742 55 29 drone
602 1 733 742 55 29 drone
603 1 731 742 55 29 drone
604 1 731 743 52 27 drone
605 1 728 743 52 27 drone
606 1 727 743 52 27 drone
607 1 725 743 52 27 drone
608 1 721 743 52 27 drone
609 1 719 743 52 27 drone
610 1 717 743 52 27 drone
611 1 716 743 52 27 drone
612 1 715 743 52 27 drone
613 1 711 743 52 27 drone
614 1 709 742 52 27 drone
615 1 709 743 52 27 drone
616 1 705 742 52 27 drone
617 1 704 742 52 27 drone
618 1 701 742 52 27 drone
619 1 699 742 52 27 drone
620 1 698 742 52 27 drone
621 1 698 742 52 27 drone
622 1 695 742 52 27 drone
623 1 691 742 52 27 drone
624 1 687 742 52 27 drone
625 1 684 742 52 27 drone
626 1 682 742 52 27 drone
627 1 681 742 49 27 drone
628 1 679 742 49 27 drone
629 1 677 742 49 27 drone
630 1 675 742 49 27 drone
631 1 675 742 49 27 drone
632 1 673 742 46 26 drone
633 1 670 742 46 26 drone
634 1 667 742 46 26 drone
635 1 665 742 46 26 drone
636 1 664 743 44 23 drone
637 1 661 743 44 23 drone
638 1 660 743 44 23 drone
639 1 657 744 44 23 drone
640 1 655 744 44 23 drone
641 1 653 744 44 23 drone
642 1 651 744 44 23 drone
643 1 649 744 44 23 drone
644 1 646 744 44 23 drone
645 1 643 744 44 23 drone
646 1 639 744 44 23 drone
647 1 637 744 44 23 drone
648 1 636 744 44 23 drone
649 1 634 744 44 23 drone
650 1 631 744 44 23 drone
651 1 628 744 44 23 drone
652 1 626 744 44 23 drone
653 1 626 744 39 23 drone
654 1 624 744 39 23 drone
655 1 623 746 39 21 drone
656 1 620 746 39 21 drone
657 1 618 745 39 21 drone
658 1 615 746 39 21 drone
659 1 612 746 39 21 drone
660 1 611 746 39 21 drone
661 1 610 746 39 21 drone
662 1 608 746 39 21 drone
663 1 606 746 39 21 drone
664 1 603 746 39 21 drone
665 1 600 746 39 21 drone
666 1 599 746 39 21 drone
667 1 598 746 39 21 drone
668 1 596 746 39 21 drone
669 1 593 746 39 21 drone
670 1 591 746 39 21 drone
671 1 589 746 39 21 drone
672 1 589 746 39 21 drone
673 1 586 745 39 21 drone
674 1 583 745 39 21 drone
675 1 579 745 39 21 drone
676 1 578 746 39 21 drone
677 1 578 747 37 18 drone
678 1 577 747 37 18 drone
679 1 574 747 37 18 drone
680 1 572 747 37 19 drone
681 1 571 747 37 19 drone
682 1 569 747 37 19 drone
683 1 567 746 37 19 drone
684 1 565 746 37 19 drone
685 1 563 745 37 19 drone
686 1 564 745 35 20 drone
687 1 563 745 35 20 drone
688 1 561 744 35 20 drone
689 1 560 744 35 20 drone
690 1 559 745 35 20 drone
691 1 557 744 34 21 drone
692 1 557 744 34 21 drone
693 1 556 744 34 21 drone
694 1 554 745 34 21 drone
695 1 552 746 34 21 drone
696 1 552 748 34 21 drone
697 1 551 748 34 21 drone
698 1 548 748 34 21 drone
699 1 548 748 34 21 drone
700 1 547 748 34 21 drone
701 1 546 748 34 21 drone
702 1 544 748 34 21 drone
703 1 543 748 34 21 drone
704 1 543 748 34 21 drone
705 1 542 749 34 21 drone
706 1 541 749 34 21 drone
707 1 540 749 34 21 drone
708 1 539 749 34 21 drone
709 1 538 749 34 21 drone
710 1 537 750 34 21 drone
711 1 536 750 34 21 drone
712 1 534 750 34 21 drone
713 1 532 750 34 21 drone
714 1 532 750 34 21 drone
715 1 531 750 34 21 drone
716 1 530 750 34 21 drone
717 1 529 751 34 21 drone
718 1 528 751 34 21 drone
719 1 527 751 34 21 drone
720 1 526 752 34 21 drone
721 1 525 753 34 21 drone
722 1 525 752 34 21 drone
723 1 524 753 34 21 drone
724 1 522 753 34 21 drone
725 1 520 754 34 21 drone
726 1 519 753 34 21 drone
727 1 519 754 34 21 drone
728 1 518 754 34 21 drone
729 1 518 753 34 21 drone
730 1 517 754 34 21 drone
731 1 516 754 34 21 drone
732 1 515 753 34 21 drone
733 1 514 753 34 21 drone
734 1 514 755 34 21 drone
735 1 512 755 34 21 drone
736 1 513 755 34 21 drone
737 1 512 755 34 21 drone
738 1 511 755 34 21 drone
739 1 510 755 34 21 drone
740 1 510 754 34 21 drone
741 1 509 755 34 21 drone
742 1 509 755 34 21 drone
743 1 509 755 34 21 drone
744 1 507 755 34 21 drone
745 1 506 754 34 21 drone
746 1 505 754 34 21 drone
747 1 504 755 34 21 drone
748 1 505 754 34 21 drone
749 1 504 755 34 21 drone
750 1 504 754 34 21 drone
751 1 502 754 34 21 drone
752 1 503 754 34 21 drone
753 1 501 754 34 21 drone
754 1 501 755 34 21 drone
755 1 500 755 34 21 drone
756 1 500 756 34 21 drone
757 1 498 755 34 21 drone
758 1 498 755 34 21 drone
759 1 498 755 34 19 drone
760 1 496 755 34 19 drone
761 1 497 755 34 19 drone
762 1 496 755 34 19 drone
763 1 495 755 34 19 drone
764 1 495 755 34 19 drone
765 1 495 756 34 19 drone
766 1 495 755 34 19 drone
767 1 494 755 34 19 drone
768 1 492 755 34 19 drone
769 1 492 755 34 19 drone
770 1 492 754 34 19 drone
771 1 492 755 34 19 drone
772 1 492 754 34 19 drone
773 1 490 754 34 19 drone
774 1 491 754 34 19 drone
775 1 490 754 34 17 drone
776 1 491 755 30 17 drone
777 1 492 753 31 19 drone
778 1 490 753 31 19 drone
779 1 491 753 31 19 drone
780 1 489 753 31 19 drone
781 1 489 752 31 19 drone
782 1 487 752 31 19 drone
783 1 488 751 31 19 drone
784 1 487 751 31 19 drone
785 1 487 750 31 19 drone
786 1 486 751 31 19 drone
787 1 486 751 31 19 drone
788 1 486 752 31 19 drone
789 1 484 750 31 19 drone
790 1 485 750 31 19 drone
791 1 486 750 31 19 drone
792 1 485 750 31 19 drone
793 1 483 750 31 19 drone
794 1 484 750 31 19 drone
795 1 483 749 31 19 drone
796 1 482 749 31 19 drone
797 1 481 750 31 19 drone
798 1 481 750 31 19 drone
799 1 480 750 31 19 drone
800 1 481 750 29 18 drone
801 1 479 751 29 18 drone
802 1 479 751 29 18 drone
803 0
804 0
805 0
806 0
807 0
808 0
809 0
810 0
811 0
812 0
813 0
814 0
815 0
816 0
817 0
818 0
819 0
820 0
821 0
822 0
823 0
824 0
825 0
826 0
827 0
828 0
829 0
830 0
831 0
832 0
833 0
834 0
835 0
836 0
837 0
838 0
839 0
840 0
841 0
842 0
843 0
844 1 464 743 24 15 drone
845 1 464 743 23 13 drone
846 1 464 743 22 13 drone
847 1 464 743 22 13 drone
848 1 463 744 23 13 drone
849 1 461 742 24 15 drone
850 1 460 743 23 14 drone
851 1 460 743 23 13 drone
852 1 461 743 23 14 drone
853 1 459 743 24 12 drone
854 1 458 742 24 14 drone
855 1 458 742 24 14 drone
856 1 458 742 24 14 drone
857 1 458 742 24 14 drone
858 1 458 742 24 14 drone
859 1 455 743 26 12 drone
860 1 455 743 26 12 drone
861 1 455 743 26 12 drone
862 1 455 743 26 12 drone
863 1 455 743 24 12 drone
864 1 454 743 24 12 drone
865 1 454 742 22 12 drone
866 1 453 742 22 13 drone
867 1 453 742 22 13 drone
868 1 453 742 22 13 drone
869 1 453 742 22 13 drone
870 1 453 742 22 13 drone
871 1 453 742 22 13 drone
872 1 453 742 22 13 drone
873 1 453 742 22 13 drone
874 1 451 742 22 12 drone
875 1 451 742 22 12 drone
876 1 451 741 21 13 drone
877 1 449 740 23 15 drone
878 1 447 741 23 13 drone
879 1 449 740 21 14 drone
880 1 448 742 22 12 drone
881 1 448 741 21 13 drone
882 1 447 741 21 12 drone
883 1 446 740 21 12 drone
884 1 446 741 22 12 drone
885 1 448 740 19 12 drone
886 1 446 740 21 12 drone
887 1 445 740 20 12 drone
888 1 445 740 21 12 drone
889 1 445 739 19 13 drone
890 1 444 738 20 15 drone
891 1 444 738 20 13 drone
892 1 443 738 19 13 drone
893 1 443 739 20 13 drone
894 1 442 738 20 12 drone
895 1 442 738 19 12 drone
896 1 442 737 19 12 drone
897 1 440 737 20 13 drone
898 1 440 738 20 13 drone
899 1 440 737 20 12 drone
900 1 440 737 19 11 drone
901 1 439 737 19 12 drone
902 1 438 736 20 13 drone
903 1 439 737 20 11 drone
904 1 438 735 18 12 drone
905 1 436 736 20 12 drone
906 1 436 735 20 13 drone
907 1 437 736 20 10 drone
908 1 436 735 19 12 drone
909 1 435 735 21 11 drone
910 1 436 736 19 12 drone
911 1 433 735 21 12 drone
912 1 435 735 18 11 drone
913 1 435 735 19 12 drone
914 1 432 733 21 13 drone
915 1 433 735 20 11 drone
916 1 432 733 21 13 drone
917 1 432 734 21 11 drone
918 1 431 732 21 13 drone
919 1 430 731 21 13 drone
920 1 430 732 22 13 drone
921 1 429 731 23 13 drone
922 1 429 729 21 16 drone
923 1 429 730 21 14 drone
924 1 427 731 23 13 drone
925 1 427 728 23 13 drone
926 1 429 730 20 12 drone
927 1 428 728 22 13 drone
928 1 428 728 22 13 drone
929 1 428 729 20 13 drone
930 1 427 730 22 11 drone
931 1 428 729 20 13 drone
932 1 427 729 19 12 drone
933 1 426 728 21 13 drone
934 1 427 729 20 12 drone
935 1 426 727 21 13 drone
936 1 426 727 20 13 drone
937 1 426 727 20 14 drone
938 1 426 728 19 12 drone
939 1 425 728 20 12 drone
940 1 425 728 19 13 drone
941 1 425 728 19 12 drone
942 1 423 728 20 13 drone
943 1 423 729 23 13 drone
944 1 421 727 23 15 drone
945 1 422 729 22 12 drone
946 1 422 728 22 13 drone
947 1 422 729 20 13 drone
948 1 420 728 21 13 drone
949 1 421 728 21 14 drone
950 1 421 729 21 12 drone
951 1 420 729 22 13 drone
952 1 420 730 21 11 drone
953 1 420 729 21 12 drone
954 1 420 730 20 11 drone
955 1 420 730 19 12 drone
956 1 421 730 19 11 drone
957 1 418 730 20 12 drone
958 1 418 729 20 13 drone
959 1 418 730 19 11 drone
960 1 417 729 20 12 drone
961 1 418 730 18 10 drone
962 1 417 730 19 11 drone
963 1 415 729 19 13 drone
964 1 414 729 21 13 drone
965 1 414 729 20 12 drone
966 1 415 729 19 13 drone
967 1 416 730 18 13 drone
968 1 415 729 19 13 drone
969 1 414 728 19 14 drone
970 1 414 730 20 13 drone
971 1 413 728 20 14 drone
972 1 413 730 20 13 drone
973 1 412 729 19 13 drone
974 1 413 730 19 13 drone
975 1 413 730 18 13 drone
976 1 412 729 19 14 drone
977 1 411 730 20 14 drone
978 1 412 729 18 14 drone
979 1 413 733 17 10 drone
980 1 410 732 20 12 drone
981 1 411 732 20 12 drone
982 1 412 733 18 10 drone
983 1 413 733 17 11 drone
984 1 412 734 17 11 drone
985 1 410 733 18 11 drone
986 1 410 734 20 10 drone
987 1 410 733 19 11 drone
988 1 411 734 17 11 drone
989 1 411 735 18 9 drone
990 1 409 734 19 11 drone
991 1 410 735 18 10 drone
992 1 410 734 18 11 drone
993 1 410 735 17 9 drone
994 1 412 736 15 8 drone
995 1 410 735 17 9 drone
996 1 409 735 18 10 drone
997 1 409 735 19 10 drone
998 1 408 736 19 8 drone
999 1 409 735 18 11 drone
1000 1 408 735 19 11 drone
1001 1 408 735 18 11 drone
1002 1 408 735 19 10 drone
1003 0
1004 1 409 735 16 12 drone
1005 1 407 735 19 12 drone
1006 1 409 735 17 13 drone
1007 1 406 735 20 12 drone
1008 1 407 735 18 12 drone
1009 1 407 734 18 13 drone
1010 1 406 735 18 13 drone
1011 1 406 735 19 12 drone
1012 1 405 736 19 11 drone
1013 1 406 736 18 11 drone
1014 1 405 736 17 12 drone
1015 1 404 735 19 14 drone
1016 1 403 736 19 11 drone
1017 1 403 736 19 11 drone
1018 1 404 736 17 13 drone
1019 1 404 736 17 11 drone
1020 1 404 737 17 11 drone
1021 1 403 737 17 10 drone
1022 1 403 736 16 12 drone
1023 1 402 737 17 11 drone
1024 1 402 737 18 11 drone
1025 1 401 737 19 11 drone
1026 1 399 737 19 11 drone
1027 1 400 736 17 12 drone
1028 1 398 736 20 12 drone
1029 1 400 736 16 12 drone
1030 1 399 737 17 11 drone
1031 1 398 737 18 12 drone
1032 1 397 737 18 12 drone
1033 1 397 737 19 13 drone
1034 1 398 737 17 13 drone
1035 1 396 737 20 13 drone
1036 1 397 736 18 13 drone
1037 1 396 738 18 10 drone
1038 1 396 737 17 11 drone
1039 1 395 738 18 11 drone
1040 1 395 737 17 11 drone
1041 1 393 737 18 11 drone
1042 1 394 737 17 10 drone
1043 1 393 738 18 9 drone
1044 1 392 737 18 10 drone
1045 1 393 738 16 9 drone
1046 1 393 738 16 9 drone
1047 1 393 738 15 9 drone
1048 1 391 738 16 8 drone
1049 1 391 738 17 9 drone
1050 1 391 739 16 8 drone
1051 1 390 738 18 9 drone
1052 1 389 738 18 9 drone
1053 1 388 738 19 10 drone
1054 1 389 738 17 10 drone
1055 1 390 739 16 9 drone
1056 1 388 738 15 10 drone
1057 1 388 739 16 9 drone
1058 1 386 738 18 9 drone
1059 1 387 738 15 9 drone
1060 1 387 739 16 9 drone
1061 1 385 739 17 9 drone
1062 1 386 739 16 9 drone
1063 1 386 739 14 9 drone
1064 1 386 739 15 9 drone
1065 1 385 739 16 9 drone
1066 1 384 739 16 8 drone
1067 1 384 739 16 9 drone
1068 1 383 739 17 9 drone
1069 1 382 739 18 10 drone
1070 1 383 739 15 9 drone
1071 1 381 738 18 10 drone
1072 1 382 739 16 10 drone
1073 1 381 739 17 9 drone
1074 1 381 739 17 9 drone
1075 1 382 740 17 9 drone
1076 1 382 740 16 9 drone
1077 1 381 739 17 9 drone
1078 1 380 740 15 8 drone
1079 1 380 739 15 8 drone
1080 1 380 740 15 8 drone
1081 1 379 739 16 9 drone
1082 1 379 739 16 8 drone
1083 1 378 739 16 9 drone
1084 1 379 739 15 8 drone
1085 1 378 739 15 8 drone
1086 1 379 739 14 9 drone
1087 1 378 738 14 10 drone
1088 1 378 738 16 9 drone
1089 1 376 738 16 9 drone
1090 1 377 739 16 9 drone
1091 1 376 739 18 8 drone
1092 1 376 739 16 9 drone
1093 1 377 739 14 10 drone
1094 1 377 739 14 10 drone
1095 1 377 739 14 10 drone
1096 1 377 739 14 10 drone
1097 1 377 739 14 10 drone
1098 1 377 739 14 10 drone
1099 1 377 739 14 10 drone
1100 1 377 739 14 10 drone
1101 1 377 739 14 10 drone
1102 1 377 739 14 10 drone
1103 1 377 739 14 10 drone
1104 1 377 739 14 10 drone
1105 1 376 739 14 10 drone
1106 1 376 739 14 10 drone
1107 1 376 739 14 10 drone
1108 1 376 741 16 8 drone
1109 1 376 741 16 8 drone
1110 1 374 741 15 8 drone
1111 1 374 741 15 8 drone
1112 1 374 741 15 8 drone
1113 1 374 741 15 8 drone
1114 1 374 741 15 8 drone
1115 1 374 741 15 8 drone
1116 1 374 741 15 8 drone
1117 1 374 741 15 8 drone
1118 1 374 741 15 8 drone
1119 1 374 741 15 8 drone
1120 1 374 741 15 8 drone
1121 1 371 741 17 10 drone
1122 1 372 742 16 8 drone
1123 1 372 742 14 8 drone
1124 1 373 743 13 7 drone
1125 1 373 742 14 8 drone
1126 1 372 742 14 7 drone
1127 1 372 742 14 7 drone
1128 1 372 742 14 7 drone
1129 1 372 742 14 7 drone
1130 1 372 742 14 7 drone
1131 1 372 742 14 7 drone
1132 1 372 742 14 7 drone
1133 1 372 742 14 7 drone
1134 1 372 742 14 7 drone
1135 1 372 742 14 7 drone
1136 1 372 742 14 7 drone
1137 1 372 742 14 7 drone
1138 1 372 742 14 7 drone
1139 1 372 742 14 7 drone
1140 1 372 742 14 7 drone
1141 1 372 743 15 8 drone
1142 1 372 743 15 8 drone
1143 1 372 743 15 8 drone
1144 1 372 743 15 8 drone
1145 1 372 743 15 8 drone
1146 1 372 743 15 8 drone
1147 1 370 743 16 8 drone
1148 1 370 743 16 8 drone
1149 1 369 743 15 8 drone
1150 1 369 743 15 8 drone
1151 1 369 743 15 8 drone
1152 1 369 743 15 8 drone
1153 1 369 743 15 8 drone
1154 1 369 743 15 8 drone
1155 1 368 743 15 8 drone
1156 1 368 743 15 8 drone
1157 1 368 743 15 8 drone
1158 1 368 743 15 8 drone
1159 1 368 743 15 8 drone
1160 1 368 743 15 8 drone
1161 1 368 743 15 8 drone
1162 1 368 743 15 8 drone
1163 1 368 743 15 8 drone
1164 0
