0 1 708 757 15 13 drone
1 1 707 758 15 12 drone
2 1 707 757 15 13 drone
3 1 706 759 16 11 drone
4 1 703 758 18 11 drone
5 1 704 758 16 12 drone
6 1 703 758 18 12 drone
7 1 701 758 17 11 drone
8 1 701 758 17 12 drone
9 1 699 757 19 11 drone
10 1 698 758 19 12 drone
11 1 700 758 15 10 drone
12 1 700 757 15 12 drone
13 1 699 758 13 12 drone
14 1 698 757 14 12 drone
15 1 696 758 16 11 drone
16 1 695 758 16 12 drone
17 1 694 758 15 12 drone
18 1 694 757 16 12 drone
19 1 693 757 17 11 drone
20 1 693 757 15 11 drone
21 1 692 758 15 11 drone
22 1 692 758 16 11 drone
23 1 692 758 14 11 drone
24 1 690 757 16 12 drone
25 1 690 758 14 11 drone
26 1 690 758 15 11 drone
27 1 689 757 15 11 drone
28 1 688 757 16 11 drone
29 1 688 757 15 11 drone
30 1 687 756 16 12 drone
31 1 686 757 14 10 drone
32 1 685 756 16 12 drone
33 1 684 756 16 12 drone
34 1 684 756 15 13 drone
35 1 683 756 16 13 drone
36 1 682 755 16 12 drone
37 1 681 755 16 14 drone
38 1 681 755 16 13 drone
39 1 680 754 16 14 drone
40 1 678 754 18 14 drone
41 1 677 753 19 15 drone
42 1 676 753 19 15 drone
43 1 676 753 19 15 drone
44 1 675 753 19 15 drone
45 1 675 753 19 15 drone
46 1 674 753 19 15 drone
47 1 674 753 19 15 drone
48 1 672 753 19 15 drone
49 1 672 752 19 15 drone
50 1 671 752 19 15 drone
51 1 670 752 19 15 drone
52 1 669 752 19 15 drone
53 1 669 752 19 15 drone
54 1 668 752 19 15 drone
55 1 667 751 19 15 drone
56 1 666 751 19 15 drone
57 1 666 751 19 15 drone
58 1 666 751 19 15 drone
59 1 666 751 19 15 drone
60 1 665 751 19 15 drone
61 1 665 751 17 14 drone
62 1 662 750 17 15 drone
63 1 662 751 17 13 drone
64 1 662 751 16 12 drone
65 1 661 751 15 13 drone
66 1 659 751 19 11 drone
67 1 659 751 18 11 drone
68 1 658 749 19 15 drone
69 1 658 749 19 15 drone
70 1 657 749 19 15 drone
71 1 655 749 19 15 drone
72 1 655 749 19 15 drone
73 1 654 748 19 15 drone
74 1 653 748 19 15 drone
75 1 652 748 19 15 drone
76 1 652 748 19 15 drone
77 1 651 748 19 15 drone
78 1 650 748 19 15 drone
79 1 649 748 19 15 drone
80 1 648 748 19 15 drone
81 1 647 748 19 15 drone
82 1 646 748 19 15 drone
83 1 645 748 19 15 drone
84 1 644 748 19 15 drone
85 1 643 748 19 15 drone
86 1 642 748 19 15 drone
87 1 642 748 19 14 drone
88 1 643 749 17 12 drone
89 1 642 748 20 13 drone
90 1 640 748 20 14 drone
91 1 640 748 18 12 drone
92 1 638 747 19 15 drone
93 1 637 747 19 15 drone
94 1 636 747 19 15 drone
95 1 636 747 19 15 drone
96 1 635 747 19 15 drone
97 1 635 747 19 15 drone
98 1 633 746 19 15 drone
99 1 632 746 19 14 drone
100 1 631 747 21 14 drone
101 1 631 748 19 13 drone
102 1 629 747 19 12 drone
103 1 629 747 19 12 drone
104 1 628 746 19 13 drone
105 1 627 746 19 13 drone
106 1 626 745 19 15 drone
107 1 625 745 19 15 drone
108 1 625 745 19 15 drone
109 1 624 745 19 15 drone
110 1 623 745 19 15 drone
111 1 623 745 19 15 drone
112 1 621 745 20 15 drone
113 1 619 745 21 15 drone
114 1 618 745 22 16 drone
115 1 617 745 22 15 drone
116 1 617 745 22 15 drone
117 1 615 745 21 15 drone
118 1 615 745 20 15 drone
119 1 613 745 23 15 drone
120 1 612 745 24 15 drone
121 1 613 745 21 15 drone
122 1 611 745 24 15 drone
123 1 611 745 23 16 drone
124 1 611 744 23 16 drone
125 1 610 743 24 16 drone
126 1 610 743 22 17 drone
127 1 608 743 23 16 drone
128 1 607 743 23 15 drone
129 1 606 743 23 14 drone
130 1 605 743 24 15 drone
131 1 604 743 24 16 drone
132 1 603 742 24 16 drone
133 1 603 741 23 17 drone
134 1 602 743 23 14 drone
135 1 601 743 23 14 drone
136 1 601 742 24 15 drone
137 1 600 742 24 15 drone
138 1 599 741 23 16 drone
139 1 599 741 22 16 drone
140 1 597 740 24 17 drone
141 1 597 741 23 16 drone
142 1 597 742 21 15 drone
143 1 596 741 23 16 drone
144 1 596 742 21 13 drone
145 1 594 741 24 17 drone
146 1 592 740 25 17 drone
147 1 591 741 25 15 drone
148 1 591 740 24 18 drone
149 1 588 740 29 17 drone
150 1 588 739 27 17 drone
151 1 588 739 25 18 drone
152 1 586 738 28 19 drone
153 1 586 740 28 16 drone
154 1 586 740 26 15 drone
155 1 583 739 28 18 drone
156 1 582 740 28 16 drone
157 1 582 740 27 15 drone
158 1 581 739 27 15 drone
159 1 580 738 27 17 drone
160 1 580 739 26 16 drone
161 1 579 739 26 16 drone
162 1 577 738 29 17 drone
163 1 578 739 26 15 drone
164 1 578 738 26 16 drone
165 1 576 738 27 16 drone
166 1 575 738 27 16 drone
167 1 576 737 26 17 drone
168 1 575 737 26 17 drone
169 1 573 737 27 17 drone
170 1 572 736 27 18 drone
171 1 571 736 28 17 drone
172 1 571 736 27 17 drone
173 1 570 735 27 18 drone
174 1 569 735 29 18 drone
175 1 567 734 31 18 drone
176 1 567 735 28 16 drone
177 1 566 734 28 17 drone
178 1 566 735 28 16 drone
179 1 566 734 27 16 drone
180 1 564 734 29 16 drone
181 1 564 734 28 16 drone
182 1 563 733 30 17 drone
183 1 563 733 28 17 drone
184 1 562 734 29 15 drone
185 1 560 732 30 17 drone
186 1 559 732 29 17 drone
187 1 559 732 29 16 drone
188 1 559 731 28 18 drone
189 1 558 731 28 17 drone
190 1 558 731 27 16 drone
191 1 557 730 28 17 drone
192 1 556 729 28 18 drone
193 1 556 729 28 18 drone
194 1 554 729 29 17 drone
195 1 553 728 30 19 drone
196 1 553 728 29 17 drone
197 1 552 728 29 18 drone
198 1 552 728 29 18 drone
199 1 551 728 29 17 drone
200 1 550 727 29 17 drone
201 1 549 727 29 17 drone
202 1 548 727 29 16 drone
203 1 547 727 31 17 drone
204 1 547 726 30 18 drone
205 1 546 725 30 18 drone
206 1 545 725 29 17 drone
207 1 545 724 29 18 drone
208 1 544 725 29 17 drone
209 1 543 725 30 18 drone
210 1 540 724 32 19 drone
211 1 539 725 34 18 drone
212 1 539 724 32 19 drone
213 1 539 725 31 18 drone
214 1 539 724 30 19 drone
215 1 538 724 30 19 drone
216 1 536 724 33 19 drone
217 1 536 724 31 18 drone
218 1 534 723 32 20 drone
219 1 534 724 33 19 drone
220 1 533 723 32 19 drone
221 1 532 724 32 19 drone
222 1 532 724 32 19 drone
223 1 531 725 31 18 drone
224 1 529 724 33 18 drone
225 1 529 724 32 18 drone
226 1 528 724 32 18 drone
227 1 528 723 31 19 drone
228 1 526 723 33 19 drone
229 1 526 723 31 19 drone
230 1 525 724 32 18 drone
231 1 523 723 33 19 drone
232 1 523 723 32 19 drone
233 1 522 722 32 21 drone
234 1 522 722 31 20 drone
235 1 519 722 35 21 drone
236 1 520 722 32 20 drone
237 1 519 721 33 21 drone
238 1 518 721 33 22 drone
239 1 516 721 35 21 drone
240 1 516 721 34 21 drone
241 1 517 722 32 20 drone
242 1 515 721 33 20 drone
243 1 514 721 35 21 drone
244 1 513 721 34 21 drone
245 1 512 720 34 20 drone
246 1 512 721 33 20 drone
247 1 511 721 32 19 drone
248 1 510 720 33 20 drone
249 1 510 720 32 19 drone
250 1 509 720 33 20 drone
251 1 509 720 33 20 drone
252 1 506 719 36 21 drone
253 1 506 719 35 20 drone
254 1 505 719 35 20 drone
255 1 505 718 34 21 drone
256 1 503 718 37 21 drone
257 1 503 718 35 20 drone
258 1 502 718 35 20 drone
259 1 503 718 34 20 drone
260 1 502 717 35 21 drone
261 1 500 717 36 21 drone
262 1 500 717 36 21 drone
263 1 499 718 37 20 drone
264 1 497 717 39 21 drone
265 1 497 717 37 21 drone
266 1 498 718 36 20 drone
267 1 497 718 36 19 drone
268 1 496 718 37 19 drone
269 1 495 717 37 20 drone
270 1 495 716 37 21 drone
271 1 496 717 35 20 drone
272 1 495 716 35 20 drone
273 1 494 716 36 20 drone
274 1 493 716 37 20 drone
275 1 492 716 38 21 drone
276 1 492 716 36 21 drone
277 1 492 715 37 21 drone
278 1 491 714 38 22 drone
279 1 491 715 37 21 drone
280 1 490 714 38 22 drone
281 1 489 715 38 20 drone
282 1 490 714 38 21 drone
283 1 489 714 39 22 drone
284 1 489 714 36 22 drone
285 1 489 714 37 21 drone
286 1 488 713 39 22 drone
287 1 486 713 40 22 drone
288 1 486 713 39 21 drone
289 1 487 714 38 20 drone
290 1 485 713 39 20 drone
291 1 486 712 38 22 drone
292 1 486 712 38 23 drone
293 1 486 713 38 20 drone
294 1 486 713 37 21 drone
295 1 484 713 40 21 drone
296 1 485 712 38 21 drone
297 1 484 712 38 21 drone
298 1 483 712 39 21 drone
299 1 483 712 40 21 drone
300 1 483 712 40 21 drone
301 1 483 712 39 21 drone
302 1 482 711 41 22 drone
303 1 483 711 40 21 drone
304 1 481 710 41 21 drone
305 1 482 711 41 21 drone
306 1 482 710 38 22 drone
307 1 481 710 41 22 drone
308 1 481 710 41 22 drone
309 1 480 711 41 21 drone
310 1 480 710 40 20 drone
311 1 480 709 41 22 drone
312 1 480 710 41 21 drone
313 1 479 710 42 21 drone
314 1 478 709 42 22 drone
315 1 477 709 43 22 drone
316 1 477 709 44 22 drone
317 1 478 709 43 21 drone
318 1 478 709 43 21 drone
319 1 478 708 42 22 drone
320 1 479 708 42 22 drone
321 1 478 707 42 22 drone
322 1 478 706 43 23 drone
323 1 478 706 43 23 drone
324 1 478 705 42 24 drone
325 1 478 706 42 23 drone
326 1 476 707 44 21 drone
327 1 477 707 43 21 drone
328 1 478 706 42 22 drone
329 1 478 705 41 23 drone
330 1 477 705 43 23 drone
331 1 476 704 44 24 drone
332 1 476 704 45 24 drone
333 1 476 705 43 22 drone
334 1 476 705 45 23 drone
335 1 476 704 45 24 drone
336 1 475 705 46 22 drone
337 1 476 704 44 23 drone
338 1 475 704 45 24 drone
339 1 475 703 44 23 drone
340 1 476 704 45 23 drone
341 1 474 702 46 26 drone
342 1 475 703 46 24 drone
343 1 475 703 46 24 drone
344 1 474 702 46 25 drone
345 1 474 702 46 24 drone
346 1 474 702 47 25 drone
347 1 475 702 45 24 drone
348 1 475 702 45 23 drone
349 1 475 702 46 24 drone
350 1 475 702 46 23 drone
351 1 475 702 46 23 drone
352 1 474 701 47 24 drone
353 1 475 702 45 22 drone
354 1 475 702 46 23 drone
355 1 475 702 47 23 drone
356 1 474 701 48 23 drone
357 1 475 702 47 23 drone
358 1 473 701 49 24 drone
359 1 474 702 48 21 drone
360 1 473 701 49 23 drone
361 1 474 700 48 23 drone
362 1 474 700 48 23 drone
363 1 472 700 50 24 drone
364 1 472 700 50 23 drone
365 1 472 700 50 23 drone
366 1 471 700 52 23 drone
367 1 471 700 51 23 drone
368 1 472 699 50 23 drone
369 1 472 699 50 23 drone
370 1 472 699 51 23 drone
371 1 471 699 51 23 drone
372 1 470 699 52 24 drone
373 1 470 698 52 25 drone
374 1 470 698 52 24 drone
375 1 469 699 53 23 drone
376 1 468 698 53 24 drone
377 1 469 698 53 24 drone
378 1 469 698 51 23 drone
379 1 469 697 51 24 drone
380 1 467 697 53 24 drone
381 1 466 697 54 24 drone
382 1 464 696 56 25 drone
383 1 463 696 57 24 drone
384 1 463 696 55 25 drone
385 1 463 695 55 25 drone
386 1 462 695 57 25 drone
387 1 461 694 55 26 drone
388 1 462 695 54 24 drone
389 1 460 693 55 26 drone
390 1 461 694 53 25 drone
391 1 459 694 55 25 drone
392 1 457 694 57 25 drone
393 1 456 693 56 27 drone
394 1 455 693 57 26 drone
395 1 455 693 56 25 drone
396 1 454 692 56 27 drone
397 1 453 692 56 27 drone
398 1 451 692 57 26 drone
399 0
