0 0
1 0
2 0
3 0
4 0
5 0
6 0
7 0
8 0
9 0
10 0
11 0
12 0
13 0
14 0
15 0
16 0
17 0
18 0
19 0
20 0
21 0
22 0
23 0
24 0
25 0
26 0
27 0
28 0
29 0
30 0
31 0
32 0
33 0
34 0
35 0
36 0
37 0
38 0
39 0
40 0
41 0
42 0
43 0
44 0
45 0
46 0
47 0
48 0
49 0
50 0
51 0
52 0
53 0
54 0
55 0
56 0
57 0
58 0
59 0
60 0
61 0
62 0
63 0
64 0
65 0
66 0
67 0
68 0
69 0
70 0
71 0
72 0
73 0
74 0
75 0
76 0
77 0
78 0
79 0
80 0
81 0
82 0
83 0
84 0
85 0
86 0
87 0
88 0
89 0
90 0
91 0
92 0
93 0
94 0
95 0
96 0
97 0
98 0
99 0
100 0
101 0
102 0
103 0
104 0
105 0
106 0
107 0
108 0
109 0
110 0
111 0
112 0
113 0
114 0
115 0
116 0
117 0
118 0
119 0
120 0
121 0
122 0
123 0
124 0
125 0
126 0
127 0
128 0
129 0
130 0
131 0
132 0
133 0
134 0
135 0
136 0
137 0
138 0
139 0
140 0
141 0
142 0
143 0
144 0
145 0
146 0
147 0
148 0
149 0
150 0
151 0
152 0
153 0
154 0
155 0
156 0
157 0
158 0
159 0
160 0
161 0
162 0
163 0
164 0
165 0
166 0
167 0
168 0
169 0
170 0
171 0
172 0
173 0
174 0
175 0
176 0
177 0
178 0
179 0
180 0
181 0
182 0
183 0
184 0
185 0
186 0
187 0
188 0
189 0
190 0
191 0
192 0
193 0
194 0
195 0
196 0
197 0
198 0
199 0
200 0
201 0
202 0
203 0
204 0
205 0
206 0
207 0
208 0
209 0
210 0
211 0
212 0
213 0
214 0
215 0
216 0
217 0
218 0
219 0
220 0
221 0
222 0
223 0
224 0
225 0
226 0
227 0
228 0
229 0
230 0
231 0
232 0
233 0
234 0
235 0
236 0
237 0
238 0
239 0
240 0
241 0
242 0
243 0
244 0
245 0
246 0
247 0
248 0
249 0
250 0
251 0
252 0
253 0
254 0
255 0
256 0
257 0
258 0
259 0
260 1 750 768 10 12 drone
261 1 750 770 12 10 drone
262 1 747 768 16 10 drone
263 0
264 1 744 766 17 10 drone
265 1 746 766 16 10 drone
266 1 744 766 19 9 drone
267 0
268 1 746 762 12 10 drone
269 0
270 1 745 760 14 11 drone
271 1 746 760 11 10 drone
272 1 745 758 13 11 drone
273 1 744 757 14 10 drone
274 1 743 757 14 11 drone
275 1 743 755 15 12 drone
276 1 742 754 17 11 drone
277 1 741 752 17 12 drone
278 1 743 752 17 12 drone
279 1 743 750 15 11 drone
280 1 743 749 14 11 drone
281 1 743 749 14 10 drone
282 1 742 748 16 11 drone
283 1 741 746 18 11 drone
284 1 740 744 19 10 drone
285 1 740 743 18 12 drone
286 1 740 741 19 11 drone
287 1 739 741 21 11 drone
288 1 740 739 20 12 drone
289 1 738 736 21 13 drone
290 1 739 736 19 11 drone
291 1 738 734 20 12 drone
292 1 738 732 20 12 drone
293 1 738 731 21 11 drone
294 1 736 730 23 12 drone
295 1 738 728 21 12 drone
296 1 738 727 21 12 drone
297 1 737 726 22 13 drone
298 1 737 724 22 13 drone
299 0
300 1 738 721 19 12 drone
301 1 738 720 20 12 drone
302 1 738 718 20 11 drone
303 1 738 716 21 12 drone
304 1 737 716 22 12 drone
305 1 738 714 20 11 drone
306 1 738 712 20 12 drone
307 1 739 710 21 13 drone
308 1 738 708 21 13 drone
309 1 738 706 19 13 drone
310 1 736 704 24 15 drone
311 1 737 703 22 13 drone
312 1 739 701 20 14 drone
313 1 739 700 20 14 drone
314 1 738 699 19 13 drone
315 1 737 696 23 15 drone
316 1 737 695 22 15 drone
317 1 738 692 21 16 drone
318 1 738 692 21 14 drone
319 1 739 690 19 16 drone
320 1 740 688 20 16 drone
321 1 739 687 20 16 drone
322 1 738 687 21 14 drone
323 1 739 686 21 14 drone
324 1 741 685 20 13 drone
325 1 740 685 22 12 drone
326 1 740 685 21 12 drone
327 1 740 684 22 13 drone
328 1 742 684 21 11 drone
329 1 743 682 21 12 drone
330 1 742 682 22 12 drone
331 1 743 681 22 12 drone
332 1 744 679 20 14 drone
333 1 744 678 20 14 drone
334 1 744 679 20 12 drone
335 1 745 678 21 12 drone
336 1 745 676 22 13 drone
337 1 744 676 22 12 drone
338 1 747 676 20 13 drone
339 1 747 675 20 13 drone
340 1 749 675 20 12 drone
341 1 746 673 24 14 drone
342 1 747 673 22 13 drone
343 1 749 671 22 14 drone
344 1 747 672 25 14 drone
345 1 750 672 23 12 drone
346 1 750 670 23 14 drone
347 1 752 669 21 14 drone
348 1 754 669 20 14 drone
349 1 752 668 24 13 drone
350 1 754 667 22 13 drone
351 1 754 667 25 14 drone
352 1 755 666 24 14 drone
353 1 756 665 24 12 drone
354 1 757 664 21 14 drone
355 1 757 664 25 13 drone
356 1 758 662 23 14 drone
357 1 759 662 25 14 drone
358 1 760 661 22 15 drone
359 1 760 661 25 13 drone
360 1 762 659 22 16 drone
361 1 763 659 23 14 drone
362 1 765 657 22 15 drone
363 1 765 656 23 15 drone
364 1 764 655 27 15 drone
365 1 768 655 22 13 drone
366 1 768 653 23 14 drone
367 1 768 652 22 15 drone
368 1 771 653 21 13 drone
369 1 771 651 24 14 drone
370 1 774 650 22 14 drone
371 1 772 648 24 14 drone
372 1 774 648 24 15 drone
373 1 776 647 23 14 drone
374 1 776 645 25 15 drone
375 1 778 644 25 15 drone
376 1 778 642 25 15 drone
377 1 778 640 26 16 drone
378 1 781 641 25 15 drone
379 1 782 639 25 15 drone
380 1 785 637 23 15 drone
381 1 785 637 27 14 drone
382 1 787 636 24 14 drone
383 1 787 633 26 16 drone
384 1 790 632 25 16 drone
385 1 788 630 29 17 drone
386 1 792 629 26 16 drone
387 1 791 627 29 16 drone
388 1 796 626 24 16 drone
389 1 795 623 28 17 drone
390 1 798 622 26 17 drone
391 1 801 621 25 16 drone
392 1 802 619 25 16 drone
393 1 801 617 28 16 drone
394 1 804 616 27 15 drone
395 1 806 614 28 17 drone
396 1 808 612 28 17 drone
397 1 808 610 29 16 drone
398 1 810 608 28 18 drone
399 1 813 607 27 16 drone
400 1 814 605 27 17 drone
401 1 815 603 26 17 drone
402 1 816 601 29 16 drone
403 1 818 600 30 17 drone
404 1 822 597 27 17 drone
405 1 820 595 30 17 drone
406 1 824 593 30 18 drone
407 1 824 590 32 18 drone
408 1 828 589 31 17 drone
409 1 831 585 30 16 drone
410 1 831 583 33 17 drone
411 1 832 581 36 17 drone
412 1 837 579 31 17 drone
413 1 839 576 31 16 drone
414 1 836 571 39 20 drone
415 1 841 572 37 16 drone
416 1 842 568 37 19 drone
417 1 845 565 36 19 drone
418 1 845 562 39 20 drone
419 1 850 560 37 18 drone
420 1 851 556 39 19 drone
421 1 856 554 35 19 drone
422 1 857 551 36 17 drone
423 1 860 547 36 19 drone
424 1 863 545 35 18 drone
425 1 863 541 40 19 drone
426 1 868 537 37 19 drone
427 1 870 532 38 20 drone
428 1 872 531 40 20 drone
429 1 874 527 39 20 drone
430 1 878 523 39 20 drone
431 1 881 520 39 19 drone
432 1 884 516 39 21 drone
433 1 887 512 40 21 drone
434 1 890 507 40 22 drone
435 1 892 503 40 22 drone
436 1 896 499 40 22 drone
437 1 899 496 41 22 drone
438 1 902 490 42 20 drone
439 1 905 486 41 21 drone
440 1 909 481 43 21 drone
441 1 912 476 43 23 drone
442 1 916 472 43 22 drone
443 1 918 467 46 23 drone
444 1 923 463 43 21 drone
445 1 929 457 45 23 drone
446 1 930 453 45 23 drone
447 1 933 446 48 23 drone
448 1 939 442 47 22 drone
449 1 942 435 48 23 drone
450 1 945 425 48 31 drone
451 1 953 423 45 25 drone
452 1 958 415 46 26 drone
453 1 960 408 51 29 drone
454 1 964 404 52 26 drone
455 1 970 395 48 31 drone
456 1 974 392 51 26 drone
457 1 977 384 53 24 drone
458 1 983 375 54 26 drone
459 1 989 371 52 23 drone
460 1 994 364 51 25 drone
461 1 999 353 55 29 drone
462 1 1006 348 59 28 drone
463 1 1010 336 55 31 drone
464 1 1016 332 56 29 drone
465 1 1024 322 54 29 drone
466 1 1027 313 61 29 drone
467 1 1033 305 62 31 drone
468 1 1043 293 55 32 drone
469 1 1047 283 64 35 drone
470 1 1056 275 61 35 drone
471 1 1062 265 61 35 drone
472 1 1069 253 64 35 drone
473 1 1075 243 64 34 drone
474 1 1083 229 67 36 drone
475 1 1092 220 65 35 drone
476 1 1103 206 62 35 drone
477 1 1109 194 71 39 drone
478 1 1116 178 74 41 drone
479 1 1125 167 72 42 drone
480 1 1132 153 75 41 drone
481 1 1138 140 84 41 drone
482 1 1147 125 87 38 drone
483 1 1159 109 87 48 drone
484 1 1161 94 100 45 drone
485 1 1178 76 88 46 drone
486 1 1193 58 85 49 drone
487 1 1203 40 91 52 drone
488 1 1214 25 95 53 drone
489 1 1229 3 99 53 drone
490 1 1238 -5 93 53 drone
491 0
492 0
493 0
494 0
495 0
496 0
497 0
498 0
