0 0
1 0
2 0
3 0
4 0
5 0
6 0
7 0
8 0
9 0
10 0
11 0
12 0
13 0
14 0
15 0
16 0
17 0
18 0
19 0
20 0
21 0
22 0
23 0
24 0
25 0
26 0
27 0
28 0
29 0
30 0
31 0
32 0
33 0
34 1 1 241 55 43 drone
35 1 11 238 55 43 drone
36 1 26 244 55 43 drone
37 1 33 239 67 46 drone
38 1 49 240 67 46 drone
39 1 62 245 71 46 drone
40 1 78 241 71 46 drone
41 1 94 241 71 46 drone
42 1 107 244 71 46 drone
43 1 122 245 71 46 drone
44 1 142 247 65 41 drone
45 1 158 245 65 41 drone
46 1 173 245 65 41 drone
47 1 188 244 68 42 drone
48 1 204 244 68 42 drone
49 1 216 244 68 42 drone
50 1 232 247 68 42 drone
51 1 247 247 68 42 drone
52 1 265 250 68 42 drone
53 1 281 246 68 42 drone
54 1 296 246 68 42 drone
55 1 314 247 68 42 drone
56 1 330 247 68 42 drone
57 1 346 250 68 42 drone
58 1 362 250 68 42 drone
59 1 380 248 68 42 drone
60 1 395 246 68 42 drone
61 1 415 249 68 42 drone
62 1 431 247 68 42 drone
63 1 444 247 68 42 drone
64 1 460 250 68 42 drone
65 1 480 250 68 42 drone
66 1 495 251 68 42 drone
67 1 513 252 68 42 drone
68 1 528 252 68 42 drone
69 1 548 252 68 42 drone
70 1 561 250 68 42 drone
71 1 581 253 68 42 drone
72 1 597 253 68 42 drone
73 1 612 253 68 42 drone
74 1 628 254 68 42 drone
75 1 651 254 68 42 drone
76 1 664 252 68 42 drone
77 1 682 255 68 42 drone
78 1 697 255 68 42 drone
79 1 715 255 68 42 drone
80 1 733 255 68 42 drone
81 1 751 258 68 42 drone
82 1 766 256 68 42 drone
83 1 782 257 68 42 drone
84 1 795 257 68 42 drone
85 1 818 257 68 42 drone
86 1 834 257 68 42 drone
87 1 852 262 68 42 drone
88 1 868 260 68 42 drone
89 1 884 258 68 42 drone
90 1 900 261 68 42 drone
91 1 920 261 68 42 drone
92 1 935 259 68 42 drone
93 1 950 260 68 42 drone
94 1 968 261 68 42 drone
95 1 988 262 68 42 drone
96 1 1001 263 68 42 drone
97 1 1024 264 68 42 drone
98 1 1035 262 68 42 drone
99 1 1053 262 68 42 drone
100 1 1069 267 68 42 drone
101 1 1084 268 68 42 drone
102 1 1102 266 68 42 drone
103 1 1120 267 68 42 drone
104 1 1138 268 68 42 drone
105 1 1153 269 68 42 drone
106 1 1168 267 68 42 drone
107 1 1186 268 68 42 drone
108 1 1202 266 68 42 drone
109 1 1217 267 74 44 drone
110 1 1233 268 74 44 drone
111 1 1249 266 74 44 drone
112 1 1265 271 74 44 drone
113 1 1281 269 74 44 drone
114 1 1294 270 74 44 drone
115 1 1310 270 74 44 drone
116 1 1325 273 74 44 drone
117 1 1343 273 74 44 drone
118 1 1359 271 74 44 drone
119 1 1374 274 74 44 drone
120 1 1392 272 74 44 drone
121 1 1408 273 74 44 drone
122 1 1424 273 74 44 drone
123 1 1440 274 74 44 drone
124 1 1455 277 74 44 drone
125 1 1471 277 74 44 drone
126 1 1484 278 74 44 drone
127 1 1497 278 74 44 drone
128 1 1513 278 74 44 drone
129 1 1529 278 74 44 drone
130 1 1544 279 74 44 drone
131 1 1555 280 74 44 drone
132 1 1571 283 74 44 drone
133 1 1586 283 74 44 drone
134 1 1602 284 74 44 drone
135 1 1613 280 74 44 drone
136 1 1631 283 74 44 drone
137 1 1644 283 74 44 drone
138 1 1660 283 74 44 drone
139 1 1675 284 74 44 drone
140 1 1690 285 74 44 drone
141 1 1705 286 74 44 drone
142 1 1716 286 74 44 drone
143 1 1731 287 74 44 drone
144 1 1746 287 74 44 drone
145 1 1759 285 74 44 drone
146 1 1774 286 74 44 drone
147 1 1782 287 74 44 drone
148 1 1804 287 74 44 drone
149 1 1814 287 74 44 drone
150 1 1827 287 74 44 drone
151 1 1838 288 74 44 drone
152 1 1855 291 61 43 drone
153 1 1863 290 56 46 drone
154 1 1879 290 56 46 drone
155 1 1879 290 56 46 drone
156 0
157 0
158 0
159 0
160 0
161 0
162 0
163 0
164 0
165 0
166 0
167 0
168 0
169 0
170 0
171 0
172 0
173 0
174 0
