0 1 363 742 16 9 drone
1 1 364 742 16 9 drone
2 1 364 742 16 9 drone
3 1 364 742 16 9 drone
4 1 364 742 16 9 drone
5 1 364 742 16 9 drone
6 1 364 742 16 9 drone
7 1 364 742 16 9 drone
8 1 364 742 16 9 drone
9 1 364 742 16 9 drone
10 1 364 742 16 9 drone
11 1 364 742 16 9 drone
12 1 364 742 16 9 drone
13 1 364 742 16 9 drone
14 1 364 742 16 9 drone
15 1 363 742 16 10 drone
16 1 363 742 16 10 drone
17 1 363 742 16 10 drone
18 1 363 742 16 10 drone
19 1 363 742 16 10 drone
20 1 363 742 16 10 drone
21 1 363 742 16 10 drone
22 1 361 742 17 10 drone
23 1 361 742 17 10 drone
24 1 361 742 17 10 drone
25 1 360 742 17 11 drone
26 1 360 742 17 11 drone
27 1 360 742 17 11 drone
28 1 360 742 17 11 drone
29 1 360 742 17 11 drone
30 1 360 742 17 11 drone
31 1 360 742 17 11 drone
32 1 360 742 17 11 drone
33 1 360 742 17 11 drone
34 1 357 742 19 10 drone
35 1 357 742 19 10 drone
36 1 357 742 19 10 drone
37 1 357 742 19 10 drone
38 1 357 742 19 10 drone
39 1 357 742 19 10 drone
40 1 357 742 19 10 drone
41 1 357 742 18 9 drone
42 1 357 742 18 9 drone
43 1 357 742 18 9 drone
44 1 357 742 18 9 drone
45 1 357 742 18 9 drone
46 1 357 742 18 9 drone
47 1 357 742 18 9 drone
48 1 357 742 18 9 drone
49 1 357 742 18 9 drone
50 1 357 742 18 9 drone
51 1 357 742 18 9 drone
52 1 357 742 18 9 drone
53 1 357 742 18 9 drone
54 1 357 742 18 9 drone
55 1 357 742 18 9 drone
56 1 357 742 14 10 drone
57 1 357 742 14 10 drone
58 1 357 742 14 10 drone
59 1 357 742 14 10 drone
60 1 357 742 14 10 drone
61 1 357 742 14 9 drone
62 1 358 742 14 10 drone
63 1 356 742 15 10 drone
64 1 356 742 15 10 drone
65 1 356 742 15 10 drone
66 1 356 742 15 10 drone
67 1 356 742 15 10 drone
68 1 356 742 15 10 drone
69 1 356 742 15 10 drone
70 1 356 742 15 10 drone
71 1 356 742 15 10 drone
72 1 356 742 15 10 drone
73 1 356 742 15 10 drone
74 1 356 742 15 10 drone
75 1 356 742 15 10 drone
76 1 356 742 15 10 drone
77 1 356 742 15 10 drone
78 1 356 742 15 10 drone
79 1 356 742 15 10 drone
80 1 356 742 15 10 drone
81 1 356 742 15 10 drone
82 1 356 742 15 10 drone
83 1 356 742 15 10 drone
84 1 356 741 16 10 drone
85 1 356 741 16 10 drone
86 1 356 741 16 10 drone
87 1 356 741 16 10 drone
88 1 356 741 16 10 drone
89 1 354 741 17 9 drone
90 1 354 741 17 9 drone
91 1 354 741 17 9 drone
92 1 354 741 17 9 drone
93 1 354 741 17 9 drone
94 1 354 741 17 9 drone
95 1 353 741 17 9 drone
96 1 353 741 19 9 drone
97 1 353 741 19 9 drone
98 1 353 741 19 9 drone
99 1 353 741 19 9 drone
100 1 353 741 19 9 drone
101 1 353 741 19 9 drone
102 1 353 741 19 9 drone
103 1 353 741 19 9 drone
104 1 353 741 19 9 drone
105 1 353 741 19 9 drone
106 1 353 741 19 9 drone
107 1 353 741 19 9 drone
108 1 353 741 19 9 drone
109 1 353 741 19 9 drone
110 1 353 741 19 9 drone
111 1 353 741 19 9 drone
112 1 353 741 19 9 drone
113 1 353 741 19 9 drone
114 1 353 741 19 9 drone
115 1 352 741 19 9 drone
116 1 352 741 19 9 drone
117 1 351 741 19 10 drone
118 1 351 741 19 10 drone
119 1 351 741 19 10 drone
120 1 351 741 19 10 drone
121 1 351 741 19 10 drone
122 1 351 741 19 10 drone
123 1 351 741 19 10 drone
124 1 351 741 19 10 drone
125 1 351 741 19 10 drone
126 1 351 741 19 10 drone
127 1 351 741 19 10 drone
128 1 351 741 19 10 drone
129 1 349 741 20 10 drone
130 1 349 741 20 10 drone
131 1 349 741 20 10 drone
132 1 349 741 20 10 drone
133 1 349 741 20 10 drone
134 1 349 741 20 10 drone
135 1 349 741 20 10 drone
136 1 348 741 16 9 drone
137 1 348 741 16 9 drone
138 1 348 741 18 10 drone
139 1 348 741 16 10 drone
140 1 348 741 16 10 drone
141 1 348 741 16 10 drone
142 1 348 741 16 10 drone
143 1 348 741 16 10 drone
144 1 348 741 16 10 drone
145 1 348 741 16 10 drone
146 1 348 741 16 10 drone
147 1 348 741 16 10 drone
148 1 348 741 14 10 drone
149 1 348 741 14 10 drone
150 1 348 741 14 10 drone
151 1 348 741 14 10 drone
152 1 348 741 14 10 drone
153 1 346 742 15 8 drone
154 1 346 742 15 8 drone
155 1 346 742 15 8 drone
156 1 346 742 15 8 drone
157 1 345 742 15 9 drone
158 1 345 742 15 9 drone
159 1 345 742 16 9 drone
160 1 345 742 16 9 drone
161 1 345 742 17 8 drone
162 1 345 742 17 8 drone
163 1 345 742 17 8 drone
164 1 345 742 17 8 drone
165 1 345 742 17 8 drone
166 1 345 742 17 8 drone
167 1 345 742 17 8 drone
168 1 345 742 17 8 drone
169 1 345 742 17 8 drone
170 1 344 741 17 8 drone
171 1 344 741 17 8 drone
172 1 344 741 17 8 drone
173 1 344 741 17 8 drone
174 1 344 741 17 8 drone
175 1 344 741 17 8 drone
176 1 344 741 17 8 drone
177 1 344 741 17 8 drone
178 1 344 741 17 8 drone
179 1 343 740 16 9 drone
180 1 343 740 16 9 drone
181 1 343 740 16 9 drone
182 1 343 740 16 9 drone
183 1 344 739 16 9 drone
184 1 344 739 16 9 drone
185 1 344 739 16 9 drone
186 1 344 739 16 9 drone
187 1 344 739 16 9 drone
188 1 344 739 16 9 drone
189 1 344 739 16 9 drone
190 1 344 739 16 9 drone
191 1 344 739 16 9 drone
192 1 342 738 17 9 drone
193 1 342 738 17 9 drone
194 1 340 738 19 8 drone
195 1 340 738 19 8 drone
196 1 341 737 17 9 drone
197 1 341 737 17 9 drone
198 1 341 737 17 9 drone
199 1 341 737 17 9 drone
200 1 341 737 17 9 drone
201 1 341 737 17 9 drone
202 1 341 737 18 8 drone
203 1 340 737 17 8 drone
204 1 340 737 18 9 drone
205 1 340 736 18 9 drone
206 1 340 736 18 9 drone
207 1 340 736 18 9 drone
208 1 340 736 18 9 drone
209 1 340 736 16 8 drone
210 1 340 736 17 8 drone
211 1 339 735 17 10 drone
212 1 339 735 17 10 drone
213 1 339 735 18 9 drone
214 1 339 735 18 9 drone
215 1 339 735 18 9 drone
216 1 339 735 18 9 drone
217 1 338 734 19 9 drone
218 1 338 734 19 9 drone
219 1 338 734 19 9 drone
220 1 338 734 19 9 drone
221 1 338 734 19 9 drone
222 1 338 734 19 9 drone
223 1 338 734 19 9 drone
224 1 338 734 19 9 drone
225 1 338 734 19 9 drone
226 1 338 734 19 9 drone
227 1 337 733 19 9 drone
228 1 337 733 19 9 drone
229 1 337 733 19 9 drone
230 1 337 732 18 9 drone
231 1 337 732 18 9 drone
232 1 337 732 18 9 drone
233 1 337 732 18 9 drone
234 1 337 732 18 9 drone
235 1 337 732 18 9 drone
236 1 337 732 18 9 drone
237 1 337 732 18 9 drone
238 1 337 730 18 10 drone
239 1 337 730 18 10 drone
240 1 337 730 18 10 drone
241 1 337 730 18 10 drone
242 1 337 730 18 10 drone
243 1 337 730 18 10 drone
244 1 337 730 18 10 drone
245 1 337 730 18 10 drone
246 1 337 730 18 10 drone
247 1 337 730 18 10 drone
248 1 337 729 17 10 drone
249 1 337 729 17 10 drone
250 1 337 729 17 9 drone
251 1 337 729 17 9 drone
252 1 337 729 17 9 drone
253 1 337 728 17 9 drone
254 1 337 728 17 9 drone
255 1 337 728 17 9 drone
256 1 337 728 19 8 drone
257 1 337 728 19 8 drone
258 1 337 728 19 8 drone
259 1 337 727 18 8 drone
260 1 337 727 18 8 drone
261 1 337 727 18 8 drone
262 1 337 727 18 8 drone
263 1 337 727 18 8 drone
264 1 337 727 18 8 drone
265 1 337 727 18 8 drone
266 1 337 726 17 8 drone
267 1 337 726 17 8 drone
268 1 337 726 17 8 drone
269 1 337 726 17 8 drone
270 1 337 726 17 8 drone
271 1 337 726 17 8 drone
272 1 337 725 19 8 drone
273 1 337 725 19 8 drone
274 1 337 725 19 8 drone
275 1 337 725 19 8 drone
276 1 337 725 19 8 drone
277 1 337 725 19 8 drone
278 1 337 725 19 8 drone
279 1 337 724 19 8 drone
280 1 337 724 19 8 drone
281 1 337 724 19 8 drone
282 1 337 724 19 8 drone
283 1 337 724 19 8 drone
284 1 337 724 19 8 drone
285 1 337 724 19 8 drone
286 1 337 723 20 8 drone
287 1 337 723 20 8 drone
288 1 337 723 20 8 drone
289 1 337 723 20 8 drone
290 1 337 723 20 8 drone
291 1 337 723 20 8 drone
292 1 337 722 21 8 drone
293 1 339 722 18 9 drone
294 1 339 722 18 9 drone
295 1 339 722 18 9 drone
296 1 338 722 20 8 drone
297 1 338 722 20 8 drone
298 1 339 722 18 8 drone
299 1 339 722 20 9 drone
300 1 338 722 21 8 drone
301 1 338 722 21 8 drone
302 1 338 722 21 8 drone
303 1 340 722 18 8 drone
304 1 340 722 18 8 drone
305 1 339 721 18 8 drone
306 1 339 721 18 8 drone
307 1 339 721 20 8 drone
308 1 339 721 20 8 drone
309 1 339 721 20 8 drone
310 1 339 721 20 8 drone
311 1 339 721 20 8 drone
312 1 339 721 20 8 drone
313 1 339 720 20 8 drone
314 1 339 720 20 8 drone
315 1 339 720 20 8 drone
316 1 339 720 20 8 drone
317 1 339 720 20 8 drone
318 1 339 720 20 8 drone
319 1 339 720 20 8 drone
320 1 339 720 20 8 drone
321 1 340 720 21 9 drone
322 1 340 720 21 9 drone
323 1 340 720 21 9 drone
324 1 340 720 21 9 drone
325 1 340 720 21 9 drone
326 1 340 720 21 9 drone
327 1 342 720 19 8 drone
328 1 341 719 19 9 drone
329 1 341 719 19 9 drone
330 1 341 719 19 9 drone
331 1 341 719 21 8 drone
332 1 341 719 21 8 drone
333 1 341 719 21 8 drone
334 1 341 719 21 8 drone
335 1 341 719 21 8 drone
336 1 341 719 21 8 drone
337 1 341 719 21 8 drone
338 1 344 719 20 9 drone
339 1 344 719 20 9 drone
340 1 344 719 20 9 drone
341 1 344 719 20 9 drone
342 1 344 719 20 9 drone
343 1 344 719 21 9 drone
344 1 344 718 22 10 drone
345 1 344 718 22 10 drone
346 1 344 718 22 10 drone
347 1 344 718 22 10 drone
348 1 344 718 22 10 drone
349 1 345 718 20 9 drone
350 1 345 718 20 9 drone
351 1 345 718 21 10 drone
352 1 345 718 23 10 drone
353 1 345 718 23 10 drone
354 1 347 717 20 11 drone
355 1 347 717 20 11 drone
356 1 347 717 20 11 drone
357 1 347 717 20 11 drone
358 1 347 717 20 11 drone
359 1 347 717 20 11 drone
360 1 347 717 20 11 drone
361 1 347 717 20 10 drone
362 1 347 717 20 10 drone
363 1 347 717 20 10 drone
364 1 347 717 22 9 drone
365 1 347 717 22 9 drone
366 1 348 717 20 8 drone
367 1 348 717 20 8 drone
368 1 348 717 20 8 drone
369 1 348 717 21 9 drone
370 1 348 717 21 9 drone
371 1 348 717 21 9 drone
372 1 350 716 18 10 drone
373 1 350 716 18 10 drone
374 1 350 716 19 10 drone
375 1 350 716 19 10 drone
376 1 350 716 19 10 drone
377 1 350 716 19 10 drone
378 1 350 716 19 10 drone
379 1 350 716 19 10 drone
380 1 351 715 19 10 drone
381 1 351 715 19 10 drone
382 1 351 715 19 10 drone
383 1 350 715 19 10 drone
384 1 350 715 20 9 drone
385 1 350 715 22 10 drone
386 1 350 715 22 10 drone
387 1 350 715 21 9 drone
388 1 349 714 23 10 drone
389 1 349 714 23 10 drone
390 1 349 714 23 10 drone
391 1 349 714 23 10 drone
392 1 349 714 23 10 drone
393 1 349 714 23 10 drone
394 1 351 714 20 10 drone
395 1 351 714 20 10 drone
396 1 351 714 20 10 drone
397 1 351 714 19 9 drone
398 1 351 713 20 10 drone
399 1 351 713 20 10 drone
400 1 351 713 20 10 drone
401 1 350 713 20 9 drone
402 1 350 713 22 9 drone
403 1 350 713 22 9 drone
404 1 351 712 20 10 drone
405 1 351 712 20 10 drone
406 1 351 712 20 10 drone
407 1 351 712 20 10 drone
408 1 351 712 20 10 drone
409 1 351 712 20 10 drone
410 1 351 712 20 10 drone
411 1 351 712 20 10 drone
412 1 351 712 20 10 drone
413 1 351 712 20 10 drone
414 1 351 712 20 10 drone
415 1 351 712 20 10 drone
416 1 351 712 20 10 drone
417 1 351 712 20 10 drone
418 1 351 712 20 10 drone
419 1 351 712 20 10 drone
420 1 351 712 20 10 drone
421 1 351 712 20 10 drone
422 1 351 712 20 10 drone
423 1 351 712 20 10 drone
424 1 347 711 21 10 drone
425 1 347 711 21 10 drone
426 1 347 711 21 10 drone
427 1 347 711 21 10 drone
428 1 347 711 21 10 drone
429 1 348 712 22 10 drone
430 1 348 712 22 10 drone
431 1 348 712 22 10 drone
432 1 348 712 22 10 drone
433 1 348 712 21 11 drone
434 1 347 712 20 10 drone
435 1 347 712 20 10 drone
436 1 347 712 20 10 drone
437 1 347 712 20 10 drone
438 1 347 712 20 10 drone
439 1 347 712 20 10 drone
440 1 347 712 20 10 drone
441 1 347 712 20 10 drone
442 1 347 712 20 10 drone
443 1 347 712 20 10 drone
444 1 347 712 20 10 drone
445 1 347 712 20 10 drone
446 1 344 712 22 11 drone
447 1 344 712 22 11 drone
448 1 344 712 20 11 drone
449 1 344 712 20 11 drone
450 1 344 712 20 11 drone
451 1 344 712 20 11 drone
452 1 344 712 20 11 drone
453 1 344 712 20 11 drone
454 1 344 712 20 11 drone
455 1 344 712 20 11 drone
456 1 343 714 21 10 drone
457 1 342 713 21 12 drone
458 1 342 713 21 12 drone
459 1 342 713 21 12 drone
460 1 342 713 21 12 drone
461 1 342 714 21 11 drone
462 1 342 714 21 11 drone
463 1 342 714 21 11 drone
464 1 342 714 21 11 drone
465 1 341 714 21 12 drone
466 1 341 714 21 12 drone
467 1 341 714 21 12 drone
468 1 341 714 21 12 drone
469 1 341 714 21 12 drone
470 1 340 714 20 12 drone
471 1 339 714 22 12 drone
472 1 339 714 22 12 drone
473 1 339 714 22 12 drone
474 1 339 714 22 12 drone
475 1 337 714 23 13 drone
476 1 337 714 23 13 drone
477 1 337 714 23 13 drone
478 1 337 714 23 13 drone
479 1 337 714 23 13 drone
480 1 337 714 23 13 drone
481 1 337 714 23 13 drone
482 1 337 714 23 13 drone
483 1 337 714 23 13 drone
484 1 337 714 23 13 drone
485 1 337 714 23 13 drone
486 1 336 715 23 13 drone
487 1 336 715 23 13 drone
488 1 336 715 23 13 drone
489 1 336 715 23 14 drone
490 1 336 715 23 14 drone
491 1 334 714 24 14 drone
492 1 334 714 24 14 drone
493 1 334 715 23 14 drone
494 1 334 715 23 14 drone
495 1 334 715 23 14 drone
496 1 334 715 23 14 drone
497 1 334 715 23 14 drone
498 1 334 715 23 14 drone
499 1 334 715 23 14 drone
500 1 332 715 24 13 drone
501 1 332 715 24 13 drone
502 1 331 715 24 14 drone
503 1 330 716 23 12 drone
504 1 330 716 23 12 drone
505 1 328 716 24 13 drone
506 1 328 716 24 13 drone
507 1 328 716 24 13 drone
508 1 327 715 25 14 drone
509 1 327 715 25 14 drone
510 1 327 715 25 14 drone
511 1 327 715 25 14 drone
512 1 327 715 25 14 drone
513 1 325 715 24 15 drone
514 1 325 715 24 15 drone
515 1 323 715 25 14 drone
516 1 320 715 29 13 drone
517 1 321 715 27 14 drone
518 1 322 714 25 16 drone
519 1 322 714 25 16 drone
520 1 322 714 24 15 drone
521 1 322 714 24 15 drone
522 1 322 714 24 15 drone
523 1 322 714 24 15 drone
524 1 320 714 25 15 drone
525 1 319 714 25 15 drone
526 1 318 714 25 15 drone
527 1 316 714 26 15 drone
528 1 317 714 24 16 drone
529 1 317 714 24 16 drone
530 1 317 714 24 16 drone
531 1 314 714 26 15 drone
532 1 314 714 26 15 drone
533 1 313 714 27 16 drone
534 1 313 714 27 16 drone
535 1 312 714 27 15 drone
536 1 312 714 27 15 drone
537 1 311 714 27 15 drone
538 1 311 714 27 15 drone
539 1 309 714 28 16 drone
540 1 309 714 28 16 drone
541 1 309 715 26 14 drone
542 1 310 715 25 15 drone
543 1 310 715 25 15 drone
544 1 307 715 29 15 drone
545 1 307 715 29 15 drone
546 1 306 714 28 17 drone
547 1 306 714 28 17 drone
548 1 306 715 27 16 drone
549 1 306 715 27 16 drone
550 1 304 715 28 16 drone
551 1 303 714 28 16 drone
552 1 303 715 26 16 drone
553 1 302 714 28 17 drone
554 1 302 714 28 17 drone
555 1 302 714 28 17 drone
556 1 302 714 28 17 drone
557 1 302 714 28 17 drone
558 1 302 714 25 18 drone
559 1 302 714 25 18 drone
560 1 299 715 26 17 drone
561 1 299 715 27 17 drone
562 1 299 717 26 15 drone
563 1 299 717 26 15 drone
564 1 297 716 28 16 drone
565 1 297 716 28 16 drone
566 1 295 716 29 15 drone
567 1 295 716 29 15 drone
568 1 295 715 29 15 drone
569 1 294 713 29 18 drone
570 1 294 714 27 16 drone
571 1 295 712 26 17 drone
572 1 293 711 27 17 drone
573 1 293 710 29 18 drone
574 1 291 709 30 18 drone
575 1 291 707 30 19 drone
576 1 291 707 30 19 drone
577 1 291 705 29 20 drone
578 1 291 705 29 18 drone
579 1 291 704 29 19 drone
580 1 289 703 29 20 drone
581 1 289 703 30 18 drone
582 1 289 703 30 18 drone
583 1 289 703 30 18 drone
584 1 289 703 30 18 drone
585 1 289 703 30 18 drone
586 1 288 701 29 18 drone
587 1 288 700 30 18 drone
588 1 288 700 30 18 drone
589 1 287 699 30 18 drone
590 1 287 699 30 19 drone
591 1 287 699 30 19 drone
592 1 287 699 30 19 drone
593 1 287 699 31 19 drone
594 1 287 699 32 20 drone
595 1 287 699 32 20 drone
596 1 287 699 32 20 drone
597 1 287 699 31 19 drone
598 1 287 699 31 19 drone
599 1 287 699 34 21 drone
600 1 288 700 32 20 drone
601 1 290 700 31 20 drone
602 1 290 702 31 18 drone
603 1 291 702 31 19 drone
604 1 292 701 32 21 drone
605 1 292 701 34 21 drone
606 1 294 702 32 21 drone
607 1 295 702 32 20 drone
608 1 296 703 33 19 drone
609 1 297 704 32 19 drone
610 1 297 704 34 19 drone
611 1 299 705 32 18 drone
612 1 300 706 33 18 drone
613 1 302 706 31 18 drone
614 1 304 706 33 19 drone
615 1 305 706 33 19 drone
616 1 307 707 33 19 drone
617 1 309 706 32 21 drone
618 1 310 707 32 19 drone
619 1 312 707 32 19 drone
620 1 315 708 32 19 drone
621 1 317 708 32 19 drone
622 1 318 709 32 19 drone
623 1 321 709 32 19 drone
624 1 322 709 33 20 drone
625 1 324 709 33 20 drone
626 1 326 710 33 20 drone
627 1 328 709 33 20 drone
628 1 330 710 33 20 drone
629 1 333 710 33 20 drone
630 1 335 711 33 20 drone
631 1 337 711 33 20 drone
632 1 339 712 33 20 drone
633 1 342 712 33 21 drone
634 1 344 712 33 21 drone
635 1 346 712 33 21 drone
636 1 349 713 33 21 drone
637 1 350 712 36 22 drone
638 1 352 714 35 20 drone
639 1 355 714 35 20 drone
640 1 357 714 35 20 drone
641 1 360 714 35 20 drone
642 1 362 716 36 20 drone
643 1 364 715 36 20 drone
644 1 366 716 36 20 drone
645 1 369 716 36 20 drone
646 1 371 716 37 21 drone
647 1 374 716 37 21 drone
648 1 377 716 37 21 drone
649 1 379 716 37 21 drone
650 1 382 716 37 21 drone
651 1 384 716 37 21 drone
652 1 386 716 37 21 drone
653 1 389 716 37 21 drone
654 1 392 717 37 21 drone
655 1 394 716 37 21 drone
656 1 396 716 37 21 drone
657 1 399 716 37 21 drone
658 1 400 716 37 21 drone
659 1 403 716 37 21 drone
660 1 404 714 40 23 drone
661 1 405 713 40 23 drone
662 1 407 713 40 23 drone
663 1 410 714 40 23 drone
664 1 412 713 40 23 drone
665 1 414 712 40 24 drone
666 1 415 712 40 24 drone
667 1 418 712 40 24 drone
668 1 419 712 40 24 drone
669 1 421 711 40 24 drone
670 1 423 711 40 24 drone
671 1 425 711 40 24 drone
672 1 427 711 40 24 drone
673 1 429 710 40 24 drone
674 1 430 710 40 24 drone
675 1 432 710 40 24 drone
676 1 433 710 40 24 drone
677 1 434 710 42 25 drone
678 1 435 710 42 25 drone
679 1 437 709 42 25 drone
680 1 439 709 42 25 drone
681 1 440 708 42 25 drone
682 1 441 708 44 27 drone
683 1 443 707 44 27 drone
684 1 443 708 44 27 drone
685 1 445 708 44 27 drone
686 1 447 709 44 27 drone
687 1 447 708 44 27 drone
688 1 448 708 44 27 drone
689 1 450 708 44 27 drone
690 1 452 708 44 27 drone
691 1 453 708 45 29 drone
692 1 454 708 45 29 drone
693 1 456 707 45 29 drone
694 1 457 707 47 30 drone
695 1 458 707 47 28 drone
696 1 459 706 47 28 drone
697 1 460 706 48 30 drone
698 1 462 705 48 30 drone
699 1 463 705 48 30 drone
700 1 464 706 49 31 drone
701 1 465 704 49 31 drone
702 1 465 706 50 29 drone
703 1 467 705 50 29 drone
704 1 467 705 51 29 drone
705 1 468 704 51 29 drone
706 1 469 704 51 29 drone
707 1 471 704 52 31 drone
708 1 472 703 52 31 drone
709 1 474 702 52 31 drone
710 1 473 702 55 32 drone
711 1 474 701 55 32 drone
712 1 476 701 55 32 drone
713 1 478 701 55 32 drone
714 1 478 701 56 33 drone
715 1 480 699 56 33 drone
716 1 481 700 56 33 drone
717 1 482 700 58 33 drone
718 1 484 699 58 33 drone
719 1 485 698 58 33 drone
720 1 486 698 58 33 drone
721 1 488 697 61 35 drone
722 1 490 698 61 35 drone
723 1 491 697 61 35 drone
724 1 494 697 61 35 drone
725 1 494 697 64 36 drone
726 1 495 697 67 35 drone
727 1 498 697 67 35 drone
728 1 500 697 67 35 drone
729 1 503 696 67 35 drone
730 1 505 695 68 37 drone
731 1 507 694 68 37 drone
732 1 511 694 68 37 drone
733 1 514 693 68 37 drone
734 1 515 692 72 39 drone
735 1 519 690 72 39 drone
736 1 520 689 74 42 drone
737 1 524 688 74 41 drone
738 1 528 687 74 41 drone
739 1 531 686 77 43 drone
740 1 534 685 77 43 drone
741 1 538 683 80 43 drone
742 1 541 683 80 43 drone
743 1 547 681 80 43 drone
744 1 550 680 83 44 drone
745 1 555 679 83 44 drone
746 1 559 678 84 46 drone
747 1 564 676 87 46 drone
748 1 569 675 87 46 drone
749 1 575 674 90 48 drone
750 1 580 672 90 48 drone
751 1 584 670 94 51 drone
752 1 591 668 95 51 drone
753 1 598 666 95 51 drone
754 1 604 664 100 52 drone
755 1 611 661 102 55 drone
756 1 620 658 102 55 drone
757 1 627 657 108 56 drone
758 1 636 656 108 56 drone
759 1 642 653 114 57 drone
760 1 653 652 114 57 drone
761 1 666 649 117 55 drone
762 1 676 648 119 53 drone
763 1 686 642 125 58 drone
764 1 694 635 130 60 drone
765 1 707 628 134 64 drone
766 1 718 620 141 69 drone
767 1 731 612 143 76 drone
768 1 746 604 147 79 drone
769 1 761 594 151 86 drone
770 1 779 586 151 86 drone
771 1 791 577 162 93 drone
772 1 809 568 162 93 drone
773 1 825 559 176 100 drone
774 1 843 548 176 104 drone
775 1 863 539 176 104 drone
776 1 879 527 178 110 drone
777 1 899 516 181 113 drone
778 1 920 507 181 113 drone
779 1 932 496 194 120 drone
780 1 949 484 200 125 drone
781 1 969 474 204 126 drone
782 1 985 461 209 136 drone
783 1 1006 452 209 136 drone
784 1 1022 441 220 142 drone
785 1 1038 432 220 142 drone
786 1 1055 421 225 153 drone
787 1 1068 413 232 154 drone
788 1 1083 404 233 158 drone
789 1 1098 398 239 159 drone
790 1 1111 394 244 168 drone
791 1 1126 388 244 168 drone
792 1 1134 386 255 176 drone
793 1 1150 382 255 176 drone
794 1 1153 388 266 175 drone
795 1 1162 388 266 175 drone
796 1 1165 389 277 178 drone
797 1 1169 395 288 178 drone
798 1 1175 403 288 178 drone
799 1 1176 409 294 177 drone
800 1 1176 417 300 173 drone
801 1 1179 425 300 173 drone
802 1 1179 431 306 175 drone
803 1 1183 440 306 175 drone
804 1 1179 456 312 166 drone
805 1 1181 463 312 166 drone
806 1 1176 475 316 159 drone
807 1 1176 487 323 155 drone
808 1 1166 499 326 150 drone
809 1 1163 508 334 156 drone
810 1 1165 520 334 156 drone
811 1 1163 529 334 156 drone
812 1 1157 538 334 156 drone
813 1 1157 550 334 156 drone
814 1 1155 560 334 156 drone
815 1 1155 572 334 156 drone
816 1 1153 581 334 156 drone
817 1 1147 591 334 156 drone
818 1 1147 596 334 156 drone
819 1 1145 616 343 146 drone
820 1 1143 626 343 146 drone
821 1 1144 636 343 146 drone
822 1 1144 648 343 146 drone
823 1 1142 660 340 142 drone
824 1 1143 669 340 142 drone
825 1 1141 676 340 142 drone
826 1 1144 683 340 142 drone
827 1 1144 694 340 142 drone
828 1 1149 700 340 142 drone
829 1 1147 711 340 142 drone
830 1 1150 717 343 148 drone
831 1 1152 727 343 148 drone
832 1 1155 733 343 148 drone
833 1 1162 743 343 148 drone
834 1 1165 750 343 148 drone
835 1 1166 760 343 148 drone
836 1 1170 766 343 148 drone
837 1 1172 772 354 154 drone
838 1 1178 780 354 154 drone
839 1 1182 790 354 154 drone
840 1 1192 798 354 154 drone
841 1 1196 802 354 154 drone
842 1 1198 812 363 154 drone
843 1 1204 820 363 154 drone
844 1 1214 830 363 154 drone
845 1 1218 838 363 154 drone
846 1 1226 846 367 150 drone
847 1 1232 854 367 150 drone
848 1 1240 860 367 150 drone
849 1 1242 862 378 154 drone
850 1 1250 866 378 154 drone
851 1 1265 863 378 154 drone
852 1 1271 863 378 154 drone
853 1 1272 864 385 152 drone
854 1 1282 855 385 152 drone
855 1 1286 844 385 152 drone
856 1 1299 833 385 152 drone
857 1 1301 811 385 152 drone
858 1 1307 802 394 155 drone
859 1 1313 777 394 155 drone
860 1 1326 761 394 155 drone
861 1 1328 741 397 152 drone
862 1 1334 719 397 152 drone
863 1 1342 690 397 152 drone
864 1 1350 665 397 152 drone
865 1 1358 634 397 152 drone
866 1 1364 614 397 152 drone
867 1 1366 576 397 152 drone
868 1 1379 551 397 152 drone
869 1 1381 520 397 152 drone
870 1 1385 482 410 157 drone
871 1 1391 449 410 157 drone
872 1 1393 411 413 165 drone
873 1 1396 371 415 172 drone
874 1 1407 333 411 181 drone
875 1 1413 297 411 181 drone
876 1 1418 264 407 191 drone
877 1 1425 233 405 194 drone
878 1 1425 206 405 194 drone
879 1 1434 178 401 202 drone
880 1 1438 156 401 202 drone
881 1 1447 131 399 213 drone
882 1 1455 115 399 213 drone
883 1 1462 91 337 222 drone
884 1 1468 73 337 222 drone
885 1 1479 73 314 209 drone
886 1 1479 73 314 209 drone
887 1 1479 71 315 188 drone
888 1 1488 76 315 173 drone
889 1 1501 69 302 168 drone
890 1 1505 76 300 149 drone
891 1 1516 73 287 144 drone
892 1 1525 73 280 140 drone
893 1 1536 71 269 138 drone
894 0
895 0
896 0
897 0
898 0
899 0
900 0
901 0
902 0
903 0
904 0
905 0
906 0
907 0
908 0
909 0
910 0
911 0
912 0
913 0
914 0
915 0
916 0
917 0
918 0
919 0
920 0
921 0
922 0
923 0
924 0
