0 1 688 454 13 11 drone
1 1 688 454 13 11 drone
2 1 688 454 13 11 drone
3 1 688 454 13 11 drone
4 1 688 454 13 11 drone
5 1 688 454 13 11 drone
6 1 688 454 13 11 drone
7 1 688 454 13 11 drone
8 1 688 454 13 11 drone
9 1 688 454 13 11 drone
10 1 688 454 13 11 drone
11 1 689 453 13 11 drone
12 1 689 453 13 11 drone
13 1 689 453 13 11 drone
14 1 689 454 13 11 drone
15 1 689 454 13 11 drone
16 1 688 454 13 11 drone
17 1 693 453 13 11 drone
18 1 694 452 13 11 drone
19 1 699 448 13 11 drone
20 1 702 448 13 11 drone
21 1 704 446 13 11 drone
22 1 707 444 13 11 drone
23 1 710 442 13 11 drone
24 1 715 440 13 11 drone
25 1 716 439 13 11 drone
26 1 718 437 13 11 drone
27 1 721 435 13 11 drone
28 1 724 433 13 11 drone
29 1 727 431 13 11 drone
30 1 730 430 14 11 drone
31 1 732 428 14 11 drone
32 1 734 426 14 11 drone
33 1 736 424 14 11 drone
34 1 739 423 14 11 drone
35 1 741 421 14 11 drone
36 1 742 419 14 11 drone
37 1 744 418 14 11 drone
38 1 747 416 14 11 drone
39 1 749 413 14 11 drone
40 1 751 412 14 12 drone
41 1 753 410 13 11 drone
42 1 754 409 13 11 drone
43 1 756 408 13 11 drone
44 1 758 406 13 11 drone
45 1 761 404 13 11 drone
46 1 762 403 13 11 drone
47 1 764 401 13 11 drone
48 1 765 400 13 11 drone
49 1 767 398 13 11 drone
50 1 769 397 13 11 drone
51 1 770 396 13 11 drone
52 1 772 395 13 11 drone
53 1 773 394 13 11 drone
54 1 775 392 13 11 drone
55 1 776 391 13 11 drone
56 1 778 389 13 11 drone
57 1 779 388 13 11 drone
58 1 781 389 13 11 drone
59 1 783 387 13 11 drone
60 1 784 385 14 12 drone
61 1 785 385 13 11 drone
62 1 786 384 13 11 drone
63 1 787 383 13 11 drone
64 1 789 382 13 11 drone
65 1 789 381 13 11 drone
66 1 791 381 12 10 drone
67 1 792 380 12 10 drone
68 1 792 379 12 10 drone
69 1 794 378 12 10 drone
70 1 795 377 12 10 drone
71 1 795 376 12 10 drone
72 1 795 375 12 10 drone
73 1 796 375 12 10 drone
74 1 797 375 12 10 drone
75 1 797 373 12 10 drone
76 1 799 372 12 10 drone
77 1 798 372 12 10 drone
78 1 798 371 12 10 drone
79 1 799 371 12 10 drone
80 1 799 370 13 11 drone
81 1 799 370 13 11 drone
82 1 799 370 13 11 drone
83 1 799 370 13 11 drone
84 1 800 370 13 11 drone
85 1 799 369 14 11 drone
86 1 799 369 14 11 drone
87 1 799 369 14 11 drone
88 1 799 369 14 11 drone
89 1 799 370 14 11 drone
90 1 799 369 15 11 drone
91 1 799 369 15 11 drone
92 1 799 370 15 11 drone
93 1 799 370 15 11 drone
94 1 799 371 15 11 drone
95 1 799 371 15 11 drone
96 1 799 371 15 11 drone
97 1 798 373 15 11 drone
98 1 798 372 15 11 drone
99 1 798 372 15 11 drone
100 1 798 373 15 11 drone
101 1 798 373 15 11 drone
102 1 798 373 15 11 drone
103 1 797 374 15 11 drone
104 1 798 375 15 11 drone
105 1 798 375 15 11 drone
106 1 797 375 15 11 drone
107 1 798 376 15 11 drone
108 1 798 377 15 11 drone
109 1 798 377 15 11 drone
110 1 798 378 15 11 drone
111 1 798 378 14 11 drone
112 1 797 379 14 11 drone
113 1 798 380 14 11 drone
114 1 798 380 14 11 drone
115 1 798 381 14 11 drone
116 1 798 382 14 11 drone
117 1 798 381 14 11 drone
118 1 798 383 14 11 drone
119 1 797 383 14 11 drone
120 1 797 384 14 12 drone
121 1 796 385 14 12 drone
122 1 796 386 14 12 drone
123 1 796 387 14 12 drone
124 1 795 388 14 12 drone
125 1 795 389 14 12 drone
126 1 795 390 14 12 drone
127 1 794 391 14 12 drone
128 1 794 392 14 12 drone
129 1 794 393 14 12 drone
130 1 794 394 14 12 drone
131 1 793 395 13 11 drone
132 1 793 396 13 11 drone
133 1 793 398 13 11 drone
134 1 792 399 13 11 drone
135 1 791 401 13 11 drone
136 1 791 402 13 10 drone
137 1 790 403 13 10 drone
138 1 790 405 13 10 drone
139 1 789 406 13 10 drone
140 1 789 408 13 10 drone
141 1 788 409 13 10 drone
142 1 787 410 13 10 drone
143 1 787 411 13 10 drone
144 1 786 412 13 10 drone
145 1 786 414 13 10 drone
146 1 785 415 13 10 drone
147 1 784 416 13 10 drone
148 1 784 417 13 10 drone
149 1 783 418 13 10 drone
150 1 783 420 13 10 drone
151 1 782 421 12 9 drone
152 1 781 422 12 9 drone
153 1 781 424 12 9 drone
154 1 780 426 12 9 drone
155 1 779 427 12 9 drone
156 1 778 428 12 9 drone
157 1 779 429 12 9 drone
158 1 777 430 12 9 drone
159 1 776 431 12 9 drone
160 1 776 433 12 9 drone
161 1 775 434 12 9 drone
162 1 774 435 12 9 drone
163 1 773 436 12 9 drone
164 1 773 437 12 9 drone
165 1 772 439 12 9 drone
166 1 771 440 12 9 drone
167 1 771 442 12 9 drone
168 1 770 442 12 9 drone
169 1 769 444 12 9 drone
170 1 769 445 13 10 drone
171 1 768 446 13 10 drone
172 1 767 447 13 10 drone
173 1 766 448 13 10 drone
174 1 765 450 13 10 drone
175 1 765 451 13 10 drone
176 1 764 452 13 10 drone
177 1 763 454 13 10 drone
178 1 762 455 13 10 drone
179 1 761 456 13 10 drone
180 1 761 458 13 10 drone
181 1 760 459 13 10 drone
182 1 760 460 13 10 drone
183 1 760 461 13 10 drone
184 1 759 462 13 10 drone
185 1 759 463 13 10 drone
186 1 759 464 13 10 drone
187 1 758 465 13 10 drone
188 1 758 466 13 10 drone
189 1 758 467 13 10 drone
190 1 758 468 13 10 drone
191 1 758 469 13 10 drone
192 1 759 470 13 10 drone
193 1 759 471 13 10 drone
194 1 760 472 13 10 drone
195 1 761 474 13 10 drone
196 1 761 475 13 10 drone
197 1 762 476 13 10 drone
198 1 762 477 13 10 drone
199 1 763 478 13 10 drone
200 1 764 480 13 10 drone
201 1 765 481 12 10 drone
202 1 767 482 12 10 drone
203 1 769 483 12 10 drone
204 1 771 484 12 10 drone
205 1 773 484 12 10 drone
206 1 775 486 11 10 drone
207 1 777 487 11 10 drone
208 1 777 488 11 10 drone
209 1 780 488 11 10 drone
210 1 783 489 11 10 drone
211 1 785 489 11 10 drone
212 1 786 490 11 10 drone
213 1 790 490 11 10 drone
214 1 791 491 11 10 drone
215 1 795 493 11 10 drone
216 1 797 493 11 10 drone
217 1 799 494 11 10 drone
218 1 802 494 11 10 drone
219 1 803 495 11 10 drone
220 1 806 496 11 11 drone
221 1 808 496 11 10 drone
222 1 811 497 11 10 drone
223 1 813 498 11 10 drone
224 1 815 499 11 10 drone
225 1 819 500 11 10 drone
226 1 821 501 11 10 drone
227 1 823 502 11 10 drone
228 1 826 503 11 10 drone
229 1 828 504 11 10 drone
230 1 831 505 12 10 drone
231 1 833 505 11 10 drone
232 1 836 506 11 10 drone
233 1 839 507 11 10 drone
234 1 842 508 11 10 drone
235 1 845 509 11 10 drone
236 1 847 510 10 10 drone
237 1 850 511 10 10 drone
238 1 853 512 10 10 drone
239 1 856 513 10 10 drone
240 1 859 514 10 10 drone
241 1 862 515 10 9 drone
242 1 865 517 10 9 drone
243 1 868 517 10 9 drone
244 1 871 518 10 9 drone
245 1 874 519 10 9 drone
246 1 877 521 10 9 drone
247 1 880 521 10 9 drone
248 1 883 522 10 9 drone
249 1 886 523 10 9 drone
250 1 890 525 11 9 drone
251 1 892 525 11 9 drone
252 1 895 526 11 9 drone
253 1 898 527 11 9 drone
254 1 901 528 11 9 drone
255 1 904 529 11 9 drone
256 1 907 530 11 9 drone
257 1 910 530 11 9 drone
258 1 913 531 11 9 drone
259 1 916 532 11 9 drone
260 1 919 533 11 9 drone
261 1 922 534 11 8 drone
262 1 925 534 11 8 drone
263 1 928 535 11 8 drone
264 1 930 535 11 8 drone
265 1 934 536 11 8 drone
266 1 937 538 11 7 drone
267 1 940 538 11 7 drone
268 1 942 539 11 7 drone
269 1 944 540 11 7 drone
270 1 949 540 11 7 drone
271 1 951 540 11 7 drone
272 1 954 540 11 7 drone
273 1 956 540 11 7 drone
274 1 957 540 11 7 drone
275 1 962 540 11 8 drone
276 1 964 540 11 8 drone
277 1 967 540 11 8 drone
278 1 969 540 11 8 drone
279 1 972 540 11 8 drone
280 1 975 540 11 9 drone
281 1 977 539 11 9 drone
282 1 980 539 11 9 drone
283 1 983 539 11 9 drone
284 1 985 539 11 9 drone
285 1 989 539 11 9 drone
286 1 991 538 11 9 drone
287 1 994 538 11 9 drone
288 1 996 537 11 9 drone
289 1 999 537 11 9 drone
290 1 1003 536 11 9 drone
291 1 1005 535 11 9 drone
292 1 1007 535 11 9 drone
293 1 1010 535 11 9 drone
294 1 1013 534 11 9 drone
295 1 1017 533 11 9 drone
296 1 1019 534 11 9 drone
297 1 1021 532 11 9 drone
298 1 1024 531 11 9 drone
299 1 1027 531 11 9 drone
300 1 1030 530 11 9 drone
301 1 1033 529 11 9 drone
302 1 1036 528 11 9 drone
303 1 1039 527 11 9 drone
304 1 1042 527 11 9 drone
305 1 1045 526 11 9 drone
306 1 1048 525 11 9 drone
307 1 1051 525 11 9 drone
308 1 1054 524 11 9 drone
309 1 1056 524 11 9 drone
310 1 1060 522 11 9 drone
311 1 1063 522 11 8 drone
312 1 1066 521 11 8 drone
313 1 1068 521 11 8 drone
314 1 1070 520 11 8 drone
315 1 1075 518 11 8 drone
316 1 1078 518 11 7 drone
317 1 1081 517 11 7 drone
318 1 1083 517 11 7 drone
319 1 1085 516 11 7 drone
320 1 1090 515 11 7 drone
321 1 1093 514 11 7 drone
322 1 1095 513 11 7 drone
323 1 1097 512 11 7 drone
324 1 1100 511 11 8 drone
325 1 1104 509 11 8 drone
326 1 1107 508 11 8 drone
327 1 1110 507 11 9 drone
328 1 1113 506 11 9 drone
329 1 1115 505 11 9 drone
330 1 1119 503 11 10 drone
331 1 1122 501 11 10 drone
332 1 1125 501 11 7 drone
333 1 1128 500 11 8 drone
334 1 1130 499 11 8 drone
335 1 1135 497 11 7 drone
336 1 1138 495 11 8 drone
337 1 1140 494 11 8 drone
338 1 1142 493 11 8 drone
339 1 1146 491 11 8 drone
340 1 1150 489 11 8 drone
341 1 1152 487 11 8 drone
342 1 1155 485 11 8 drone
343 1 1158 485 11 9 drone
344 1 1161 482 11 9 drone
345 1 1164 480 11 9 drone
346 1 1167 478 11 10 drone
347 1 1170 477 11 10 drone
348 1 1172 475 11 10 drone
349 1 1175 473 11 10 drone
350 1 1178 472 11 10 drone
351 1 1182 470 11 10 drone
352 1 1185 468 11 8 drone
353 1 1187 466 11 8 drone
354 1 1190 464 11 8 drone
355 1 1193 463 11 8 drone
356 1 1197 459 11 9 drone
357 1 1199 459 11 8 drone
358 1 1203 458 10 7 drone
359 1 1206 456 11 7 drone
360 1 1209 450 11 10 drone
361 1 1216 452 8 8 drone
362 1 1217 451 9 7 drone
363 1 1219 449 10 7 drone
364 1 1222 447 10 9 drone
365 1 1225 446 10 7 drone
366 1 1230 444 10 8 drone
367 1 1233 442 10 8 drone
368 1 1235 441 10 8 drone
369 1 1238 440 10 8 drone
370 1 1241 439 10 8 drone
371 1 1246 435 10 8 drone
372 1 1249 434 10 8 drone
373 1 1251 433 10 8 drone
374 1 1255 431 10 8 drone
375 1 1257 430 10 8 drone
376 1 1263 427 10 8 drone
377 1 1265 426 10 8 drone
378 1 1268 424 10 8 drone
379 1 1271 422 10 8 drone
380 1 1274 421 10 8 drone
381 1 1279 418 10 8 drone
382 1 1281 416 10 8 drone
383 1 1284 414 10 8 drone
384 1 1286 412 10 8 drone
385 1 1289 411 10 8 drone
386 1 1293 407 10 8 drone
387 1 1296 405 10 8 drone
388 1 1299 403 10 8 drone
389 1 1301 401 10 8 drone
390 1 1302 399 10 9 drone
391 1 1307 395 10 9 drone
392 1 1310 393 10 9 drone
393 1 1312 391 10 9 drone
394 1 1315 390 9 7 drone
395 1 1317 388 9 7 drone
396 1 1322 384 9 7 drone
397 1 1323 382 10 7 drone
398 1 1326 378 10 9 drone
399 1 1328 377 10 9 drone
400 1 1329 375 10 9 drone
401 1 1332 371 10 9 drone
402 1 1335 369 10 9 drone
403 1 1338 367 10 9 drone
404 1 1339 366 10 9 drone
405 1 1341 364 11 10 drone
406 1 1344 360 11 10 drone
407 1 1347 357 11 10 drone
408 1 1350 355 11 10 drone
409 1 1351 354 11 10 drone
410 1 1354 351 12 11 drone
411 1 1357 349 12 9 drone
412 1 1359 347 12 9 drone
413 1 1361 345 12 9 drone
414 1 1364 342 12 10 drone
415 1 1366 340 12 9 drone
416 1 1371 338 12 9 drone
417 1 1372 335 12 10 drone
418 1 1374 333 12 11 drone
419 1 1376 331 12 11 drone
420 1 1379 329 12 9 drone
421 1 1383 326 12 9 drone
422 1 1385 324 12 9 drone
423 1 1387 322 12 9 drone
424 1 1389 319 12 11 drone
425 1 1391 317 12 10 drone
426 1 1394 315 12 9 drone
427 1 1397 311 12 11 drone
428 1 1399 310 12 11 drone
429 1 1401 308 12 9 drone
430 1 1404 306 12 9 drone
431 1 1407 303 12 9 drone
432 1 1408 300 12 9 drone
433 1 1410 298 12 10 drone
434 1 1412 296 12 10 drone
435 1 1415 295 12 9 drone
436 1 1418 291 12 9 drone
437 1 1420 288 12 9 drone
438 1 1421 286 12 9 drone
439 1 1423 284 12 11 drone
440 1 1426 282 12 10 drone
441 1 1428 279 12 9 drone
442 1 1430 276 12 11 drone
443 1 1432 274 12 11 drone
444 1 1434 271 12 11 drone
445 1 1436 269 12 11 drone
446 1 1438 266 12 9 drone
447 1 1440 263 12 8 drone
448 1 1442 261 12 9 drone
449 1 1444 258 12 11 drone
450 1 1446 256 12 11 drone
451 1 1447 252 12 11 drone
452 1 1449 249 12 11 drone
453 1 1450 247 12 11 drone
454 1 1452 244 12 11 drone
455 1 1453 242 12 11 drone
456 1 1454 239 12 11 drone
457 1 1456 235 12 11 drone
458 1 1457 233 12 11 drone
459 1 1458 230 12 11 drone
460 1 1459 228 12 11 drone
461 1 1461 223 12 11 drone
462 1 1462 221 12 11 drone
463 1 1463 220 12 11 drone
464 1 1464 216 12 11 drone
465 1 1465 214 12 11 drone
466 1 1467 210 12 11 drone
467 1 1468 208 12 11 drone
468 1 1469 205 12 11 drone
469 1 1470 202 12 11 drone
470 1 1471 200 13 12 drone
471 1 1471 196 13 12 drone
472 1 1472 194 13 12 drone
473 1 1472 191 13 12 drone
474 1 1473 189 13 12 drone
475 1 1473 187 13 12 drone
476 2 0 -3 13 12 drone 1475 182 12 10 drone
477 1 1475 181 13 12 drone
478 1 1475 180 13 12 drone
479 1 1475 177 13 12 drone
480 1 1476 175 13 12 drone
481 1 1476 170 13 12 drone
482 1 1475 169 13 12 drone
483 1 1475 168 13 12 drone
484 1 1475 165 13 12 drone
485 1 1474 164 13 12 drone
486 1 1475 161 13 12 drone
487 1 1474 159 13 12 drone
488 1 1474 158 13 12 drone
489 1 1474 156 13 12 drone
490 1 1473 155 13 12 drone
491 1 1471 152 13 12 drone
492 1 1469 150 13 12 drone
493 1 1467 149 13 12 drone
494 1 1465 148 13 12 drone
495 1 1464 146 13 12 drone
496 1 1461 143 13 12 drone
497 1 1460 142 13 12 drone
498 1 1457 142 13 12 drone
499 1 1455 140 13 12 drone
500 1 1453 139 13 12 drone
501 1 1449 138 13 12 drone
502 1 1446 137 13 12 drone
503 1 1442 136 13 12 drone
504 1 1439 136 13 12 drone
505 1 1436 135 13 12 drone
506 1 1432 134 13 12 drone
507 1 1429 134 13 12 drone
508 1 1425 133 13 12 drone
509 1 1422 132 13 12 drone
510 1 1419 132 14 13 drone
511 1 1414 132 14 13 drone
512 1 1410 132 14 13 drone
513 1 1406 133 14 13 drone
514 1 1402 133 14 13 drone
515 1 1398 134 14 13 drone
516 1 1393 134 14 13 drone
517 1 1389 134 14 13 drone
518 1 1385 135 14 13 drone
519 1 1381 135 14 13 drone
520 1 1377 136 14 13 drone
521 1 1372 137 14 13 drone
522 1 1368 138 14 13 drone
523 1 1362 139 14 13 drone
524 1 1358 141 14 13 drone
525 1 1354 142 14 14 drone
526 1 1350 143 14 14 drone
527 1 1345 145 14 14 drone
528 1 1339 146 14 14 drone
529 1 1335 148 14 14 drone
530 1 1331 149 15 15 drone
531 1 1326 151 15 15 drone
532 1 1321 154 15 15 drone
533 1 1317 155 15 15 drone
534 1 1313 157 15 15 drone
535 1 1310 159 15 15 drone
536 1 1306 161 15 15 drone
537 1 1299 164 15 15 drone
538 1 1295 167 15 15 drone
539 1 1293 168 15 15 drone
540 1 1290 170 15 15 drone
541 1 1285 172 15 15 drone
542 1 1280 177 15 15 drone
543 1 1277 178 15 15 drone
544 1 1273 181 15 15 drone
545 1 1270 183 15 15 drone
546 1 1266 185 15 15 drone
547 1 1262 188 15 15 drone
548 1 1258 191 15 15 drone
549 1 1254 193 15 15 drone
550 1 1250 198 15 15 drone
551 1 1247 199 15 15 drone
552 1 1243 202 15 15 drone
553 1 1239 206 15 15 drone
554 1 1236 208 15 15 drone
555 1 1233 211 15 15 drone
556 1 1229 214 15 15 drone
557 1 1225 218 15 15 drone
558 1 1221 222 15 15 drone
559 1 1218 223 15 15 drone
560 1 1215 226 15 15 drone
561 1 1211 229 15 15 drone
562 1 1208 233 15 15 drone
563 1 1205 235 15 15 drone
564 1 1202 238 15 15 drone
565 1 1199 241 15 15 drone
566 1 1196 244 15 15 drone
567 1 1193 248 15 15 drone
568 1 1190 250 15 15 drone
569 1 1187 253 15 15 drone
570 1 1184 256 15 15 drone
571 1 1181 259 14 14 drone
572 1 1178 264 14 14 drone
573 1 1176 265 14 14 drone
574 1 1174 268 14 14 drone
575 1 1171 271 14 14 drone
576 1 1169 274 13 14 drone
577 1 1166 277 13 14 drone
578 1 1163 281 13 14 drone
579 1 1161 283 13 14 drone
580 1 1159 286 13 14 drone
581 1 1156 289 13 13 drone
582 1 1152 292 13 13 drone
583 1 1150 295 13 13 drone
584 1 1149 296 13 13 drone
585 1 1145 300 13 13 drone
586 1 1144 301 13 13 drone
587 1 1141 306 13 13 drone
588 1 1138 308 13 13 drone
589 1 1136 309 13 13 drone
590 1 1134 312 14 13 drone
591 1 1132 314 13 12 drone
592 1 1129 318 13 12 drone
593 1 1128 321 13 12 drone
594 1 1126 322 12 11 drone
595 1 1124 325 12 11 drone
596 1 1122 327 12 11 drone
597 1 1120 330 11 10 drone
598 1 1118 333 11 10 drone
599 1 1116 335 11 10 drone
600 1 1115 338 11 10 drone
601 1 1113 340 11 10 drone
602 1 1111 342 11 10 drone
603 1 1109 344 11 10 drone
604 1 1107 346 11 10 drone
605 1 1105 348 12 10 drone
606 1 1103 350 12 10 drone
607 1 1101 352 12 10 drone
608 1 1099 355 12 10 drone
609 1 1097 356 12 10 drone
610 1 1096 359 13 11 drone
611 1 1094 361 13 11 drone
612 1 1092 363 13 11 drone
613 1 1090 365 13 11 drone
614 1 1088 367 13 11 drone
615 1 1086 369 13 11 drone
616 1 1084 371 13 11 drone
617 1 1082 373 13 11 drone
618 1 1080 375 13 11 drone
619 1 1078 377 13 11 drone
620 1 1076 379 13 11 drone
621 1 1073 380 13 10 drone
622 1 1071 382 13 10 drone
623 1 1069 384 13 10 drone
624 1 1067 386 13 10 drone
625 1 1065 388 13 10 drone
626 1 1063 389 13 10 drone
627 1 1061 391 13 10 drone
628 1 1059 393 13 10 drone
629 1 1057 396 13 10 drone
630 1 1055 397 14 10 drone
631 1 1052 399 13 10 drone
632 1 1050 400 13 10 drone
633 1 1048 404 13 10 drone
634 1 1046 405 13 10 drone
635 1 1043 408 13 10 drone
636 1 1041 408 12 10 drone
637 1 1039 411 12 10 drone
638 1 1037 412 12 10 drone
639 1 1035 414 12 10 drone
640 1 1033 416 12 10 drone
641 1 1030 417 11 9 drone
642 1 1028 420 11 9 drone
643 1 1026 420 11 9 drone
644 1 1024 422 11 9 drone
645 1 1022 423 11 9 drone
646 1 1020 424 10 9 drone
647 1 1018 425 10 9 drone
648 1 1016 428 10 9 drone
649 1 1014 428 10 9 drone
650 1 1012 431 10 9 drone
651 1 1009 431 10 9 drone
652 1 1007 432 10 9 drone
653 1 1004 434 10 9 drone
654 1 1002 435 10 9 drone
655 1 1000 437 10 9 drone
656 1 998 437 10 9 drone
657 1 996 438 10 9 drone
658 1 993 440 10 9 drone
659 1 992 440 10 9 drone
660 1 990 442 11 9 drone
661 1 987 443 11 9 drone
662 1 985 444 11 9 drone
663 1 983 445 11 9 drone
664 1 980 446 11 9 drone
665 1 979 447 11 9 drone
666 1 977 448 11 9 drone
667 1 975 449 11 9 drone
668 1 973 450 11 9 drone
669 1 970 452 11 9 drone
670 1 969 452 11 10 drone
671 1 967 453 11 10 drone
672 1 965 454 11 10 drone
673 1 961 455 11 10 drone
674 1 961 456 11 10 drone
675 1 959 457 12 10 drone
676 1 957 458 12 10 drone
677 1 955 459 12 10 drone
678 1 953 460 12 10 drone
679 1 951 461 12 10 drone
680 1 948 462 13 10 drone
681 1 947 462 13 10 drone
682 1 945 463 13 10 drone
683 1 944 464 10 9 drone
684 1 942 466 11 8 drone
685 1 940 467 11 8 drone
686 1 939 467 11 8 drone
687 1 938 469 11 7 drone
688 1 935 468 11 9 drone
689 1 934 470 10 8 drone
690 1 934 470 10 8 drone
691 1 931 470 11 8 drone
692 1 931 472 10 7 drone
693 1 928 472 10 8 drone
694 1 927 471 12 9 drone
695 1 926 473 11 8 drone
696 1 924 472 11 9 drone
697 1 923 472 11 9 drone
698 1 922 473 11 9 drone
699 1 921 474 11 9 drone
700 1 920 474 11 9 drone
701 1 918 476 11 9 drone
702 1 918 474 11 9 drone
703 1 917 475 11 9 drone
704 1 916 477 11 9 drone
705 1 915 477 11 9 drone
706 1 914 477 11 9 drone
707 1 914 478 11 9 drone
708 1 913 478 11 9 drone
709 1 912 478 11 9 drone
710 1 911 477 12 10 drone
711 1 910 478 11 9 drone
712 1 910 478 11 9 drone
713 1 909 478 11 9 drone
714 1 908 479 11 9 drone
715 1 908 479 11 9 drone
716 1 906 479 11 9 drone
717 1 907 479 11 9 drone
718 1 906 479 11 9 drone
719 1 905 479 11 9 drone
720 1 905 481 11 9 drone
721 1 906 481 9 7 drone
722 1 905 481 8 7 drone
723 1 904 481 9 7 drone
724 1 905 481 7 6 drone
