0 1 2133 983 183 78 drone
1 1 2133 983 183 78 drone
2 1 2133 983 183 78 drone
3 1 2133 983 183 78 drone
4 1 2133 983 183 78 drone
5 1 2133 983 183 78 drone
6 1 2133 983 183 78 drone
7 1 2133 983 183 78 drone
8 1 2133 983 183 78 drone
9 1 2133 983 183 78 drone
10 1 2133 983 183 78 drone
11 1 2133 981 183 78 drone
12 1 2134 980 183 78 drone
13 1 2135 979 183 78 drone
14 1 2121 981 183 78 drone
15 1 2116 977 183 78 drone
16 1 2121 976 183 78 drone
17 1 2126 975 183 78 drone
18 1 2129 973 183 78 drone
19 1 2129 972 183 78 drone
20 1 2141 971 183 78 drone
21 1 2147 969 183 78 drone
22 1 2154 967 183 78 drone
23 1 2161 965 183 78 drone
24 1 2168 964 183 78 drone
25 1 2175 962 183 78 drone
26 1 2181 960 183 78 drone
27 1 2198 961 183 78 drone
28 1 2210 956 183 78 drone
29 1 2203 955 183 78 drone
30 1 2210 954 183 78 drone
31 1 2207 951 181 78 drone
32 1 2205 949 180 79 drone
33 1 2203 947 179 80 drone
34 1 2201 945 178 80 drone
35 1 2199 943 177 81 drone
36 1 2204 940 176 82 drone
37 1 2195 938 175 82 drone
38 1 2193 936 174 83 drone
39 1 2182 933 173 84 drone
40 1 2189 932 172 85 drone
41 1 2189 930 172 85 drone
42 1 2205 929 172 85 drone
43 1 2204 924 172 85 drone
44 1 2201 923 172 85 drone
45 1 2204 924 172 85 drone
46 1 2194 919 172 85 drone
47 1 2204 920 172 85 drone
48 1 2212 917 172 85 drone
49 1 2216 917 172 85 drone
50 1 2196 916 172 85 drone
51 1 2182 919 172 85 drone
52 1 2171 921 172 85 drone
53 1 2159 922 172 85 drone
54 1 2148 924 172 85 drone
55 1 2112 922 172 85 drone
56 1 2092 927 172 85 drone
57 1 2079 931 172 85 drone
58 1 2071 931 172 85 drone
59 1 2074 930 172 85 drone
60 1 2080 933 172 85 drone
61 1 2077 936 172 85 drone
62 1 2074 940 172 85 drone
63 1 2072 936 172 85 drone
64 1 2067 939 172 85 drone
65 1 2062 951 172 85 drone
66 1 2047 956 172 85 drone
67 1 2055 961 172 85 drone
68 1 2056 962 172 85 drone
69 1 2053 966 172 85 drone
70 1 2051 970 172 85 drone
71 1 2047 980 172 85 drone
72 1 2039 987 172 85 drone
73 1 2011 1003 172 85 drone
74 1 1995 1024 172 85 drone
75 1 1980 1045 172 85 drone
76 1 1978 1055 172 85 drone
77 1 1986 1064 172 85 drone
78 1 1977 1071 172 85 drone
79 1 2002 1074 172 85 drone
80 1 2010 1072 172 85 drone
81 1 2038 1073 172 85 drone
82 1 2044 1073 172 85 drone
83 1 2060 1074 172 85 drone
84 1 2076 1074 172 85 drone
85 1 2093 1075 172 85 drone
86 1 2109 1075 172 85 drone
87 1 2125 1075 172 85 drone
88 1 2141 1076 172 85 drone
89 1 2157 1076 172 85 drone
90 1 2174 1077 172 85 drone
91 1 2191 1077 177 89 drone
92 1 2208 1078 183 93 drone
93 1 2242 1075 189 98 drone
94 1 2258 1072 195 102 drone
95 1 2273 1073 201 107 drone
96 1 2288 1076 207 111 drone
97 1 2295 1078 213 115 drone
98 1 2313 1081 219 120 drone
99 1 2330 1082 225 124 drone
100 1 2348 1083 231 129 drone
101 1 2369 1084 249 136 drone
102 1 2367 1079 268 143 drone
103 1 2389 1084 286 151 drone
104 1 2394 1089 305 158 drone
105 1 2408 1088 324 166 drone
106 1 2425 1078 342 173 drone
107 1 2426 1074 361 180 drone
108 1 2367 1074 379 188 drone
109 1 2266 1067 398 195 drone
110 1 2140 1065 417 203 drone
111 1 2034 1065 422 209 drone
112 1 1968 1063 427 216 drone
113 1 1942 1025 432 223 drone
114 1 1944 974 438 230 drone
115 1 1893 936 443 237 drone
116 1 1841 896 448 243 drone
117 1 1789 883 454 250 drone
118 1 1741 877 459 257 drone
119 1 1709 869 464 264 drone
120 1 1662 868 470 271 drone
121 1 1620 873 468 271 drone
122 1 1523 870 467 271 drone
123 1 1432 880 465 271 drone
124 1 1349 899 464 271 drone
125 1 1288 899 462 271 drone
126 1 1290 902 461 271 drone
127 1 1273 899 459 271 drone
128 1 1280 901 458 271 drone
129 1 1235 906 456 271 drone
130 1 1252 918 455 272 drone
131 1 1280 921 455 270 drone
132 1 1312 920 455 269 drone
133 1 1363 931 455 267 drone
134 1 1421 918 455 266 drone
135 1 1440 925 455 264 drone
136 1 1464 912 455 263 drone
137 1 1474 915 455 261 drone
138 1 1507 914 455 260 drone
139 1 1539 913 455 258 drone
140 1 1590 912 456 257 drone
141 1 1591 904 457 257 drone
142 1 1610 896 458 258 drone
143 1 1629 888 459 259 drone
144 1 1692 877 460 260 drone
145 1 1730 871 461 261 drone
146 1 1735 855 462 261 drone
147 1 1738 854 463 262 drone
148 1 1719 846 464 263 drone
149 1 1744 842 465 264 drone
150 1 1764 835 467 265 drone
151 1 1784 833 469 264 drone
152 1 1805 832 472 263 drone
153 1 1760 829 474 262 drone
154 1 1781 828 477 261 drone
155 1 1771 833 479 261 drone
156 1 1828 831 482 260 drone
157 1 1894 834 484 259 drone
158 1 1930 825 487 258 drone
159 1 1951 824 489 257 drone
160 1 1972 823 492 257 drone
161 1 1984 823 492 255 drone
162 1 1997 823 492 254 drone
163 1 2077 825 492 252 drone
164 1 2081 828 493 251 drone
165 1 2137 823 493 250 drone
166 1 2101 821 493 248 drone
167 1 2060 823 494 247 drone
168 1 2072 823 494 245 drone
169 1 2085 823 494 244 drone
170 1 2098 824 495 243 drone
171 1 2094 823 492 244 drone
172 1 2090 822 489 245 drone
173 1 2086 822 486 246 drone
174 1 2056 816 483 247 drone
175 1 2047 819 480 249 drone
176 1 2053 820 477 250 drone
177 1 2058 817 474 251 drone
178 1 2052 819 471 252 drone
179 1 2036 816 468 253 drone
180 1 2053 816 465 255 drone
181 1 2056 818 465 256 drone
182 1 2055 818 466 258 drone
183 1 2053 819 466 259 drone
184 1 2052 819 467 261 drone
185 1 2051 820 467 262 drone
186 1 2049 820 468 264 drone
187 1 2048 820 468 265 drone
188 1 2046 821 469 267 drone
189 1 2045 821 469 268 drone
190 1 2044 822 470 270 drone
191 1 2043 823 470 267 drone
192 1 2043 825 471 265 drone
193 1 2042 827 472 263 drone
194 1 2042 828 473 261 drone
195 1 2041 830 474 259 drone
196 1 2041 832 475 256 drone
197 1 2040 833 476 254 drone
198 1 2040 835 477 252 drone
199 1 2039 837 478 250 drone
200 1 2039 839 479 248 drone
201 1 2034 839 476 247 drone
202 1 2029 840 473 246 drone
203 1 2052 841 470 245 drone
204 1 2059 840 468 244 drone
205 1 2052 841 465 243 drone
206 1 2023 838 462 242 drone
207 1 2004 844 460 241 drone
208 1 1999 845 457 240 drone
209 1 1994 846 454 239 drone
210 1 1989 847 452 238 drone
211 1 1987 855 439 231 drone
212 1 1985 863 427 224 drone
213 1 1983 871 415 217 drone
214 1 1982 879 403 210 drone
215 1 1980 888 391 203 drone
216 1 1978 896 378 196 drone
217 1 1977 904 366 189 drone
218 1 1975 912 354 182 drone
219 1 1973 920 342 175 drone
220 1 1972 929 330 168 drone
221 1 1971 935 319 162 drone
222 1 1971 941 308 156 drone
223 1 1971 947 298 150 drone
224 1 1970 953 287 144 drone
225 1 1970 959 277 138 drone
226 1 1970 965 266 132 drone
227 1 1969 971 255 126 drone
228 1 1969 977 245 120 drone
229 1 1969 983 234 114 drone
230 1 1969 990 224 108 drone
231 1 1969 992 217 105 drone
232 1 1970 995 210 102 drone
233 1 1971 998 203 99 drone
234 1 1972 1000 196 96 drone
235 1 1973 1003 189 94 drone
236 1 1973 1006 182 91 drone
237 1 1974 1008 175 88 drone
238 1 1975 1011 168 85 drone
239 1 1976 1014 161 82 drone
240 1 1977 1017 154 80 drone
241 1 1975 1018 151 78 drone
242 1 1974 1020 148 76 drone
243 1 1973 1021 145 74 drone
244 1 1971 1023 142 73 drone
245 1 1970 1025 139 71 drone
246 1 1969 1026 136 69 drone
247 1 1967 1028 133 68 drone
248 1 1966 1029 130 66 drone
249 1 1965 1031 127 64 drone
250 1 1964 1033 125 63 drone
251 1 1965 1032 124 63 drone
252 1 1967 1031 124 63 drone
253 1 1965 1028 123 63 drone
254 1 1967 1029 123 63 drone
255 1 1976 1030 122 63 drone
256 1 1987 1026 122 63 drone
257 1 2005 1026 121 63 drone
258 1 2025 1020 121 63 drone
259 1 2040 1010 120 63 drone
260 1 2049 1008 120 64 drone
261 1 2055 1003 120 64 drone
262 1 2061 999 120 65 drone
263 1 2076 1009 120 65 drone
264 1 2092 1005 120 66 drone
265 1 2112 1005 120 66 drone
266 1 2124 1000 120 67 drone
267 1 2115 990 120 67 drone
268 1 2111 975 120 68 drone
269 1 2103 968 120 68 drone
270 1 2109 964 120 69 drone
271 1 2120 960 120 68 drone
272 1 2120 936 120 68 drone
273 1 2130 932 120 68 drone
274 1 2142 927 120 67 drone
275 1 2147 923 120 67 drone
276 1 2173 926 120 67 drone
277 1 2191 930 120 66 drone
278 1 2216 929 120 66 drone
279 1 2223 933 120 66 drone
280 1 2228 931 120 66 drone
281 1 2212 928 120 66 drone
282 1 2171 930 120 66 drone
283 1 2151 932 120 66 drone
284 1 2135 928 120 66 drone
285 1 2144 923 120 66 drone
286 1 2141 917 120 66 drone
287 1 2127 914 120 66 drone
288 1 2113 912 120 66 drone
289 1 2099 910 120 66 drone
290 1 2085 908 120 67 drone
291 1 2077 903 120 67 drone
292 1 2062 903 120 67 drone
293 1 2061 900 120 67 drone
294 1 2053 890 120 67 drone
295 1 2045 885 120 67 drone
296 1 2040 888 120 67 drone
297 1 2029 876 120 67 drone
298 1 2021 872 120 67 drone
299 1 2013 867 120 67 drone
300 1 2005 863 120 67 drone
301 1 2006 862 120 66 drone
302 1 2007 862 120 66 drone
303 1 2006 857 120 66 drone
304 1 2000 856 120 66 drone
305 1 1997 854 120 66 drone
306 1 2002 857 120 65 drone
307 1 2005 856 120 65 drone
308 1 2013 859 120 65 drone
309 1 2014 858 120 65 drone
310 1 2015 858 120 65 drone
311 1 2017 860 118 62 drone
312 1 2020 863 116 60 drone
313 1 2018 874 114 58 drone
314 1 2017 877 112 56 drone
315 1 2021 882 110 54 drone
316 1 2025 879 108 51 drone
317 1 2029 884 106 49 drone
318 1 2038 881 104 47 drone
319 1 2046 891 102 45 drone
320 1 2046 893 100 43 drone
321 1 2054 890 100 42 drone
322 1 2055 887 100 42 drone
323 1 2064 894 100 42 drone
324 1 2065 883 100 42 drone
325 1 2070 882 100 42 drone
326 1 2075 881 100 41 drone
327 1 2081 880 100 41 drone
328 1 2086 879 100 41 drone
329 1 2091 878 100 41 drone
330 1 2097 878 100 41 drone
331 1 2105 876 100 41 drone
332 1 2113 874 101 41 drone
333 1 2121 872 101 41 drone
334 1 2116 871 102 41 drone
335 1 2128 867 102 41 drone
336 1 2137 866 103 41 drone
337 1 2141 864 103 41 drone
338 1 2161 863 104 41 drone
339 1 2169 861 104 41 drone
340 1 2177 860 105 41 drone
341 1 2189 855 106 42 drone
342 1 2201 850 107 43 drone
343 1 2210 850 108 45 drone
344 1 2215 847 110 46 drone
345 1 2230 838 111 48 drone
346 1 2241 833 112 49 drone
347 1 2257 825 114 50 drone
348 1 2273 820 115 52 drone
349 1 2285 815 116 53 drone
350 1 2299 808 118 55 drone
351 1 2300 802 120 56 drone
352 1 2305 802 122 57 drone
353 1 2309 798 124 58 drone
354 1 2313 794 126 59 drone
355 1 2318 790 129 60 drone
356 1 2322 786 131 61 drone
357 1 2342 777 133 62 drone
358 1 2349 771 135 63 drone
359 1 2336 773 137 64 drone
360 1 2346 770 140 66 drone
361 1 2343 768 140 65 drone
362 1 2347 765 141 65 drone
363 1 2351 762 142 65 drone
364 1 2355 760 142 64 drone
365 1 2360 757 143 64 drone
366 1 2344 755 144 64 drone
367 1 2346 752 144 63 drone
368 1 2362 749 145 63 drone
369 1 2373 745 146 63 drone
370 1 2381 744 147 63 drone
371 1 2392 743 148 65 drone
372 1 2379 739 149 67 drone
373 1 2360 738 150 69 drone
374 1 2358 741 151 71 drone
375 1 2353 745 152 73 drone
376 1 2363 738 153 75 drone
377 1 2374 735 154 77 drone
378 1 2381 726 155 79 drone
379 1 2377 727 156 81 drone
380 1 2374 721 158 83 drone
381 1 2380 716 158 82 drone
382 1 2382 711 159 82 drone
383 1 2391 706 159 82 drone
384 1 2400 702 160 82 drone
385 1 2407 698 160 82 drone
386 1 2420 691 161 81 drone
387 1 2439 687 161 81 drone
388 1 2439 680 162 81 drone
389 1 2448 677 162 81 drone
390 1 2440 675 163 81 drone
391 1 2438 673 164 81 drone
392 1 2437 672 165 82 drone
393 1 2436 670 166 83 drone
394 1 2435 669 167 84 drone
395 1 2434 668 168 85 drone
396 1 2433 666 169 85 drone
397 1 2432 665 170 86 drone
398 1 2431 663 171 87 drone
399 1 2430 662 172 88 drone
400 1 2429 661 173 89 drone
401 1 2434 661 173 88 drone
402 1 2440 662 173 87 drone
403 1 2455 664 173 86 drone
404 1 2458 665 173 86 drone
405 1 2464 667 174 85 drone
406 1 2467 665 174 84 drone
407 1 2473 667 174 84 drone
408 1 2489 667 174 83 drone
409 1 2484 667 174 82 drone
410 1 2486 669 175 82 drone
411 1 2490 675 175 81 drone
412 1 2499 678 176 81 drone
413 1 2501 687 177 81 drone
414 1 2503 692 178 81 drone
415 1 2483 706 179 81 drone
416 1 2479 722 179 81 drone
417 1 2465 745 180 81 drone
418 1 2444 768 181 81 drone
419 1 2423 787 182 81 drone
420 1 2411 803 183 81 drone
421 1 2424 817 174 79 drone
422 1 2426 824 173 80 drone
423 1 2424 825 173 82 drone
424 1 2429 833 167 84 drone
425 1 2429 839 166 82 drone
