0 0
1 0
2 0
3 0
4 0
5 0
6 0
7 0
8 0
9 0
10 0
11 0
12 0
13 0
14 0
15 0
16 0
17 0
18 0
19 0
20 0
21 0
22 0
23 1 1592 1610 55 35 drone
24 1 1582 1600 52 37 drone
25 1 1585 1590 58 42 drone
26 1 1582 1576 52 39 drone
27 1 1583 1569 59 35 drone
28 1 1586 1555 55 42 drone
29 1 1586 1547 59 41 drone
30 1 1588 1532 53 42 drone
31 1 1588 1520 53 42 drone
32 1 1589 1509 53 42 drone
33 1 1590 1498 53 42 drone
34 1 1591 1487 53 42 drone
35 1 1592 1476 53 42 drone
36 1 1593 1465 53 42 drone
37 1 1594 1454 53 42 drone
38 1 1595 1443 53 42 drone
39 1 1596 1432 53 42 drone
40 1 1597 1421 53 42 drone
41 1 1598 1409 53 42 drone
42 1 1599 1398 53 42 drone
43 1 1600 1387 53 42 drone
44 1 1601 1376 53 43 drone
45 1 1602 1365 53 43 drone
46 1 1603 1353 53 43 drone
47 1 1604 1342 53 44 drone
48 1 1605 1331 53 44 drone
49 1 1606 1320 53 44 drone
50 1 1608 1309 54 45 drone
51 1 1610 1298 53 45 drone
52 1 1612 1288 53 45 drone
53 1 1614 1277 53 45 drone
54 1 1616 1267 53 45 drone
55 1 1618 1256 53 45 drone
56 1 1620 1246 52 45 drone
57 1 1622 1235 52 45 drone
58 1 1624 1225 52 45 drone
59 1 1626 1214 52 45 drone
60 1 1628 1204 52 46 drone
61 1 1631 1193 51 45 drone
62 1 1635 1183 51 45 drone
63 1 1638 1172 51 45 drone
64 1 1642 1162 51 44 drone
65 1 1646 1151 51 44 drone
66 1 1649 1141 51 44 drone
67 1 1653 1130 51 43 drone
68 1 1656 1120 51 43 drone
69 1 1660 1109 51 43 drone
70 1 1664 1099 51 43 drone
71 1 1666 1089 50 42 drone
72 1 1669 1079 50 42 drone
73 1 1672 1069 50 42 drone
74 1 1675 1059 50 42 drone
75 1 1678 1049 50 42 drone
76 1 1681 1039 49 42 drone
77 1 1684 1029 49 42 drone
78 1 1687 1019 49 42 drone
79 1 1690 1009 49 42 drone
80 1 1693 999 49 42 drone
81 1 1695 989 49 42 drone
82 1 1697 979 49 42 drone
83 1 1699 970 49 42 drone
84 1 1701 960 49 42 drone
85 1 1703 951 49 42 drone
86 1 1705 941 49 42 drone
87 1 1707 931 49 42 drone
88 1 1709 922 49 42 drone
89 1 1711 912 49 42 drone
90 1 1713 903 49 42 drone
91 1 1714 895 48 41 drone
92 1 1716 887 48 41 drone
93 1 1718 879 47 41 drone
94 1 1720 871 47 41 drone
95 1 1722 863 46 41 drone
96 1 1723 855 46 40 drone
97 1 1725 847 45 40 drone
98 1 1727 839 45 40 drone
99 1 1729 831 44 40 drone
100 1 1731 823 44 40 drone
101 1 1731 816 44 40 drone
102 1 1731 810 45 40 drone
103 1 1732 803 46 41 drone
104 1 1732 797 46 41 drone
105 1 1733 790 47 42 drone
106 1 1733 784 48 42 drone
107 1 1733 777 48 42 drone
108 1 1734 771 49 43 drone
109 1 1734 764 50 43 drone
110 1 1735 758 51 44 drone
111 1 1735 752 51 44 drone
112 1 1735 746 51 44 drone
113 1 1735 740 51 44 drone
114 1 1735 734 51 44 drone
115 1 1736 728 51 44 drone
116 1 1736 722 51 44 drone
117 1 1736 716 51 44 drone
118 1 1736 710 51 44 drone
119 1 1736 704 51 44 drone
120 1 1737 699 51 44 drone
121 1 1737 694 51 43 drone
122 1 1737 690 51 43 drone
123 1 1737 685 51 42 drone
124 1 1737 681 51 42 drone
125 1 1738 676 51 41 drone
126 1 1738 672 51 41 drone
127 1 1738 667 51 40 drone
128 1 1738 663 51 40 drone
129 1 1738 658 51 39 drone
130 1 1739 654 51 39 drone
131 1 1739 653 51 39 drone
132 1 1739 653 51 39 drone
133 1 1739 652 51 39 drone
134 1 1739 652 51 39 drone
135 1 1739 651 51 40 drone
136 1 1739 651 51 40 drone
137 1 1739 650 51 40 drone
138 1 1739 650 51 40 drone
139 1 1739 649 51 40 drone
140 1 1739 649 51 41 drone
141 1 1739 650 51 41 drone
142 1 1739 652 51 41 drone
143 1 1739 653 51 41 drone
144 1 1739 655 51 41 drone
145 1 1739 657 51 41 drone
146 1 1739 658 51 41 drone
147 1 1739 660 51 41 drone
148 1 1739 661 51 41 drone
149 1 1739 663 51 41 drone
150 1 1739 665 51 41 drone
151 1 1738 666 51 41 drone
152 1 1737 667 51 41 drone
153 1 1736 668 51 41 drone
154 1 1736 669 51 41 drone
155 1 1735 671 51 41 drone
156 1 1734 672 51 41 drone
157 1 1734 673 51 41 drone
158 1 1733 674 51 41 drone
159 1 1732 675 51 41 drone
160 1 1732 677 51 41 drone
161 1 1730 677 51 41 drone
162 1 1729 678 51 41 drone
163 1 1727 679 51 41 drone
164 1 1726 680 51 41 drone
165 1 1724 681 51 41 drone
166 1 1723 681 51 41 drone
167 1 1721 682 51 41 drone
168 1 1720 683 51 41 drone
169 1 1718 684 51 41 drone
170 1 1717 685 51 41 drone
171 1 1715 685 51 41 drone
172 1 1713 686 51 41 drone
173 1 1711 686 51 41 drone
174 1 1709 687 51 41 drone
175 1 1708 688 51 41 drone
176 1 1706 688 51 41 drone
177 1 1704 689 51 41 drone
178 1 1702 689 51 41 drone
179 1 1700 690 51 41 drone
180 1 1699 691 51 41 drone
181 1 1697 690 51 41 drone
182 1 1695 690 51 41 drone
183 1 1693 690 51 41 drone
184 1 1691 689 51 41 drone
185 1 1689 689 51 41 drone
186 1 1687 689 51 41 drone
187 1 1685 688 51 41 drone
188 1 1683 688 51 41 drone
189 1 1681 688 51 41 drone
190 1 1679 688 51 41 drone
191 1 1677 687 51 41 drone
192 1 1675 687 51 41 drone
193 1 1673 686 51 41 drone
194 1 1671 686 51 41 drone
195 1 1669 685 51 41 drone
196 1 1667 685 51 41 drone
197 1 1665 684 51 41 drone
198 1 1663 684 51 41 drone
199 1 1661 683 51 41 drone
200 1 1659 683 51 41 drone
201 1 1657 682 51 41 drone
202 1 1655 682 51 41 drone
203 1 1653 681 51 41 drone
204 1 1652 681 51 41 drone
205 1 1650 680 51 41 drone
206 1 1648 680 51 41 drone
207 1 1647 679 51 41 drone
208 1 1645 679 51 41 drone
209 1 1643 678 51 41 drone
210 1 1642 678 51 41 drone
211 1 1641 677 51 41 drone
212 1 1640 677 51 41 drone
213 1 1639 676 51 41 drone
214 1 1638 676 51 41 drone
215 1 1637 675 51 41 drone
216 1 1636 675 51 41 drone
217 1 1635 674 51 41 drone
218 1 1634 674 51 41 drone
219 1 1633 673 51 41 drone
220 1 1633 673 51 41 drone
221 1 1632 672 51 41 drone
222 1 1631 672 51 41 drone
223 1 1630 671 51 41 drone
224 1 1630 671 51 41 drone
225 1 1629 671 51 41 drone
226 1 1628 670 51 41 drone
227 1 1628 670 51 41 drone
228 1 1627 669 51 41 drone
229 1 1626 669 51 41 drone
230 1 1626 669 51 41 drone
231 1 1626 668 50 41 drone
232 1 1626 668 50 41 drone
233 1 1627 667 50 41 drone
234 1 1627 667 50 41 drone
235 1 1628 666 50 41 drone
236 1 1628 666 50 41 drone
237 1 1628 665 50 41 drone
238 1 1629 665 50 41 drone
239 1 1629 664 50 41 drone
240 1 1630 664 50 41 drone
241 1 1633 663 50 41 drone
242 1 1636 662 50 41 drone
243 1 1640 661 50 41 drone
244 1 1643 660 51 41 drone
245 1 1647 659 51 42 drone
246 1 1650 658 51 42 drone
247 1 1653 657 52 42 drone
248 1 1657 656 52 42 drone
249 1 1660 655 52 42 drone
250 1 1664 655 53 43 drone
251 1 1671 653 53 43 drone
252 1 1678 652 53 43 drone
253 1 1685 650 53 43 drone
254 1 1692 649 53 43 drone
255 1 1699 648 53 43 drone
256 1 1706 646 53 43 drone
257 1 1713 645 53 43 drone
258 1 1720 643 53 43 drone
259 1 1727 642 53 43 drone
260 1 1735 641 53 43 drone
261 1 1744 639 53 43 drone
262 1 1753 638 53 43 drone
263 1 1762 636 53 43 drone
264 1 1771 635 53 43 drone
265 1 1780 633 53 43 drone
266 1 1789 632 53 43 drone
267 1 1798 630 53 43 drone
268 1 1807 629 53 43 drone
269 1 1816 627 53 43 drone
270 1 1826 626 53 43 drone
271 1 1836 624 52 42 drone
272 1 1847 623 52 42 drone
273 1 1858 622 52 42 drone
274 1 1869 621 51 42 drone
275 1 1880 620 51 42 drone
276 1 1890 619 51 41 drone
277 1 1901 618 50 41 drone
278 1 1912 617 50 41 drone
279 1 1923 616 50 41 drone
280 1 1934 615 50 41 drone
281 1 1948 613 50 41 drone
282 1 1962 612 50 41 drone
283 1 1976 611 50 41 drone
284 1 1990 610 51 41 drone
285 1 2004 609 51 42 drone
286 1 2018 607 51 42 drone
287 1 2032 606 52 42 drone
288 1 2046 605 52 42 drone
289 1 2060 604 52 42 drone
290 1 2075 603 53 43 drone
291 1 2092 603 53 43 drone
292 1 2110 604 53 43 drone
293 1 2127 604 53 43 drone
294 1 2145 605 53 43 drone
295 1 2162 605 53 43 drone
296 1 2180 606 53 43 drone
297 1 2197 606 53 43 drone
298 1 2215 607 53 43 drone
299 1 2232 607 53 43 drone
300 1 2250 608 53 43 drone
301 1 2270 609 53 43 drone
302 1 2290 610 53 43 drone
303 1 2310 611 53 43 drone
304 1 2330 612 54 43 drone
305 1 2350 613 54 44 drone
306 1 2370 614 54 44 drone
307 1 2390 615 55 44 drone
308 1 2410 616 55 44 drone
309 1 2430 617 55 44 drone
310 1 2450 618 56 45 drone
311 1 2471 619 56 45 drone
312 1 2492 621 56 45 drone
313 1 2513 623 56 45 drone
314 1 2534 624 56 45 drone
315 1 2555 626 56 45 drone
316 1 2576 628 56 45 drone
317 1 2597 629 56 45 drone
318 1 2618 631 56 45 drone
319 1 2639 633 56 45 drone
320 1 2660 635 56 45 drone
321 1 2681 637 56 45 drone
322 1 2702 639 56 45 drone
323 1 2723 641 56 45 drone
324 1 2744 643 56 45 drone
325 1 2766 646 56 45 drone
326 1 2787 648 56 45 drone
327 1 2808 650 56 45 drone
328 1 2829 652 56 45 drone
329 1 2850 654 56 45 drone
330 1 2872 657 56 45 drone
331 1 2889 657 56 45 drone
332 1 2907 658 56 45 drone
333 1 2925 659 56 45 drone
334 1 2943 660 56 45 drone
335 1 2961 661 56 45 drone
336 1 2979 661 56 45 drone
337 1 2997 662 56 45 drone
338 1 3015 663 56 45 drone
339 1 3033 664 56 45 drone
340 1 3051 665 56 45 drone
341 1 3063 664 56 45 drone
342 1 3075 664 56 45 drone
343 1 3088 663 57 45 drone
344 1 3100 663 57 45 drone
345 1 3113 663 58 45 drone
346 1 3125 662 58 45 drone
347 1 3137 662 58 45 drone
348 1 3150 661 59 45 drone
349 1 3162 661 59 45 drone
350 1 3175 661 60 46 drone
351 1 3182 661 60 46 drone
352 1 3189 661 60 46 drone
353 1 3197 661 60 46 drone
354 1 3204 661 60 46 drone
355 1 3212 661 60 46 drone
356 1 3219 661 60 46 drone
357 1 3226 661 60 46 drone
358 1 3234 661 60 46 drone
359 1 3241 661 60 46 drone
360 1 3249 662 60 46 drone
361 1 3254 664 60 46 drone
362 1 3260 666 60 46 drone
363 1 3266 668 60 46 drone
364 1 3272 670 60 46 drone
365 1 3278 673 60 46 drone
366 1 3284 675 60 46 drone
367 1 3290 677 60 46 drone
368 1 3296 679 60 46 drone
369 1 3302 681 60 46 drone
370 1 3308 684 60 46 drone
371 1 3312 687 59 45 drone
372 1 3317 691 58 44 drone
373 1 3321 694 57 43 drone
374 1 3326 698 57 43 drone
375 1 3330 701 56 42 drone
376 1 3335 705 55 41 drone
377 1 3339 708 55 41 drone
378 1 3344 712 54 40 drone
379 1 3348 715 53 39 drone
380 1 3353 719 53 39 drone
381 1 3354 721 53 39 drone
382 1 3356 724 53 39 drone
383 1 3357 726 53 39 drone
384 1 3359 729 53 39 drone
385 1 3361 732 53 39 drone
386 1 3362 734 53 39 drone
387 1 3364 737 53 39 drone
388 1 3365 739 53 39 drone
389 1 3367 742 53 39 drone
390 1 3369 745 53 39 drone
391 1 3368 747 53 39 drone
392 1 3368 749 53 39 drone
393 1 3368 751 53 39 drone
394 1 3368 754 53 39 drone
395 1 3368 756 53 39 drone
396 1 3368 758 53 39 drone
397 1 3368 761 53 39 drone
398 1 3368 763 53 39 drone
399 1 3368 765 53 39 drone
400 1 3368 768 53 39 drone
401 1 3366 769 53 39 drone
402 1 3365 771 53 39 drone
403 1 3363 772 53 39 drone
404 1 3362 774 53 39 drone
405 1 3360 776 53 39 drone
406 1 3359 777 53 39 drone
407 1 3357 779 53 39 drone
408 1 3356 780 53 39 drone
409 1 3354 782 53 39 drone
410 1 3353 784 53 39 drone
411 1 3348 785 53 39 drone
412 1 3344 786 53 39 drone
413 1 3340 788 54 39 drone
414 1 3336 789 54 40 drone
415 1 3332 791 55 40 drone
416 1 3328 792 55 40 drone
417 1 3324 793 55 41 drone
418 1 3320 795 56 41 drone
419 1 3316 796 56 41 drone
420 1 3312 798 57 42 drone
421 1 3305 800 56 41 drone
422 1 3299 802 55 41 drone
423 1 3292 804 54 40 drone
424 1 3286 806 53 40 drone
425 1 3279 808 53 40 drone
426 1 3273 810 52 39 drone
427 1 3266 812 51 39 drone
428 1 3260 814 50 38 drone
429 1 3253 816 49 38 drone
430 1 3247 819 49 38 drone
431 1 3237 820 49 38 drone
432 1 3227 821 49 38 drone
433 1 3218 822 49 38 drone
434 1 3208 823 49 38 drone
435 1 3199 825 49 38 drone
436 1 3189 826 49 38 drone
437 1 3179 827 49 38 drone
438 1 3170 828 49 38 drone
439 1 3160 829 49 38 drone
440 1 3151 831 49 38 drone
441 1 3139 832 49 37 drone
442 1 3128 834 49 37 drone
443 1 3117 835 49 37 drone
444 1 3106 837 49 37 drone
445 1 3095 838 49 37 drone
446 1 3084 840 49 37 drone
447 1 3073 841 49 37 drone
448 1 3062 843 49 37 drone
449 1 3051 844 49 37 drone
450 1 3040 846 50 37 drone
451 1 3029 846 50 36 drone
452 1 3018 847 50 36 drone
453 1 3007 847 50 35 drone
454 1 2996 848 50 35 drone
455 1 2985 848 50 35 drone
456 1 2974 849 50 34 drone
457 1 2963 849 50 34 drone
458 1 2952 850 50 33 drone
459 1 2941 850 50 33 drone
460 1 2930 851 50 33 drone
461 1 2918 850 50 33 drone
462 1 2907 850 50 33 drone
463 1 2896 850 50 33 drone
464 1 2885 849 50 34 drone
465 1 2874 849 50 34 drone
466 1 2862 849 50 34 drone
467 1 2851 848 50 35 drone
468 1 2840 848 50 35 drone
469 1 2829 848 50 35 drone
470 1 2818 848 50 36 drone
471 1 2807 847 50 36 drone
472 1 2797 847 50 36 drone
473 1 2787 847 50 36 drone
474 1 2777 847 50 36 drone
475 1 2767 847 50 36 drone
476 1 2757 846 50 36 drone
477 1 2747 846 50 36 drone
478 1 2737 846 50 36 drone
479 1 2727 846 50 36 drone
480 1 2717 846 50 37 drone
481 1 2708 845 50 36 drone
482 1 2699 845 50 36 drone
483 1 2690 845 50 36 drone
484 1 2681 844 50 36 drone
485 1 2673 844 50 36 drone
486 1 2664 844 50 36 drone
487 1 2655 843 50 36 drone
488 1 2646 843 50 36 drone
489 1 2637 843 50 36 drone
490 1 2629 843 50 36 drone
491 1 2621 842 50 36 drone
492 1 2613 841 50 36 drone
493 1 2605 841 50 36 drone
494 1 2597 840 50 36 drone
495 1 2589 840 50 36 drone
496 1 2581 839 50 36 drone
497 1 2573 838 50 36 drone
498 1 2565 838 50 36 drone
499 1 2557 837 50 36 drone
500 1 2549 837 50 36 drone
501 1 2542 835 50 36 drone
502 1 2536 834 50 36 drone
503 1 2529 833 50 36 drone
504 1 2523 832 50 36 drone
505 1 2516 831 50 36 drone
506 1 2510 830 50 36 drone
507 1 2503 829 50 36 drone
508 1 2497 828 50 36 drone
509 1 2490 827 50 36 drone
510 1 2484 826 50 37 drone
511 1 2479 825 50 36 drone
512 1 2474 824 50 36 drone
513 1 2469 823 50 36 drone
514 1 2464 822 50 36 drone
515 1 2459 822 50 36 drone
516 1 2454 821 50 36 drone
517 1 2449 820 50 36 drone
518 1 2444 819 50 36 drone
519 1 2439 818 50 36 drone
520 1 2434 818 50 36 drone
521 1 2429 817 50 35 drone
522 1 2425 816 50 35 drone
523 1 2421 815 50 35 drone
524 1 2417 814 50 34 drone
525 1 2413 813 50 34 drone
526 1 2409 812 50 34 drone
527 1 2405 811 50 33 drone
528 1 2401 810 50 33 drone
529 1 2397 809 50 33 drone
530 1 2393 809 50 33 drone
531 1 2389 806 50 33 drone
532 1 2386 804 50 34 drone
533 1 2383 802 50 34 drone
534 1 2380 799 50 35 drone
535 1 2377 797 50 36 drone
536 1 2374 795 50 36 drone
537 1 2371 792 50 37 drone
538 1 2368 790 50 37 drone
539 1 2365 788 50 38 drone
540 1 2362 786 50 39 drone
541 1 2360 783 50 39 drone
542 1 2358 781 50 39 drone
543 1 2356 778 50 39 drone
544 1 2355 776 50 39 drone
545 1 2353 774 50 39 drone
546 1 2351 771 50 39 drone
547 1 2350 769 50 39 drone
548 1 2348 766 50 39 drone
549 1 2346 764 50 39 drone
550 1 2345 762 50 39 drone
551 1 2343 759 50 38 drone
552 1 2341 757 50 38 drone
553 1 2339 754 50 38 drone
554 1 2338 752 50 38 drone
555 1 2336 749 50 38 drone
556 1 2334 747 50 37 drone
557 1 2333 744 50 37 drone
558 1 2331 742 50 37 drone
559 1 2329 739 50 37 drone
560 1 2328 737 50 37 drone
561 1 2327 734 50 36 drone
562 1 2326 731 50 36 drone
563 1 2325 728 50 36 drone
564 1 2325 726 50 36 drone
565 1 2324 723 50 36 drone
566 1 2323 720 50 36 drone
567 1 2323 718 50 36 drone
568 1 2322 715 50 36 drone
569 1 2321 712 50 36 drone
570 1 2321 710 50 36 drone
571 1 2320 706 50 36 drone
572 1 2320 703 50 36 drone
573 1 2320 700 50 36 drone
574 1 2320 696 50 37 drone
575 1 2320 693 50 37 drone
576 1 2319 690 50 37 drone
577 1 2319 686 50 38 drone
578 1 2319 683 50 38 drone
579 1 2319 680 50 38 drone
580 1 2319 677 50 39 drone
581 1 2319 673 50 39 drone
582 1 2319 670 50 39 drone
583 1 2320 667 50 39 drone
584 1 2320 664 50 39 drone
585 1 2321 661 50 39 drone
586 1 2321 658 50 39 drone
587 1 2321 655 50 39 drone
588 1 2322 652 50 39 drone
589 1 2322 649 50 39 drone
590 1 2323 646 50 39 drone
591 1 2323 642 50 39 drone
592 1 2324 638 50 39 drone
593 1 2324 635 50 39 drone
594 1 2325 631 50 39 drone
595 1 2326 628 50 39 drone
596 1 2326 624 50 39 drone
597 1 2327 620 50 39 drone
598 1 2327 617 50 39 drone
599 1 2328 613 50 39 drone
600 1 2329 610 50 39 drone
601 1 2330 606 49 39 drone
602 1 2331 602 49 39 drone
603 1 2332 598 49 39 drone
604 1 2333 595 48 40 drone
605 1 2334 591 48 40 drone
606 1 2335 587 48 40 drone
607 1 2336 584 47 41 drone
608 1 2337 580 47 41 drone
609 1 2338 576 47 41 drone
610 1 2340 573 47 42 drone
611 1 2341 569 47 42 drone
612 1 2342 565 47 42 drone
613 1 2343 561 47 42 drone
614 1 2344 558 47 42 drone
615 1 2345 554 47 42 drone
616 1 2346 550 47 42 drone
617 1 2347 547 47 42 drone
618 1 2348 543 47 42 drone
619 1 2349 539 47 42 drone
620 1 2350 536 47 42 drone
621 1 2351 532 47 42 drone
622 1 2352 528 47 42 drone
623 1 2354 524 47 42 drone
624 1 2355 521 47 42 drone
625 1 2357 517 47 42 drone
626 1 2358 513 47 42 drone
627 1 2359 510 47 42 drone
628 1 2361 506 47 42 drone
629 1 2362 502 47 42 drone
630 1 2364 499 47 42 drone
631 1 2365 494 47 42 drone
632 1 2366 490 47 42 drone
633 1 2368 486 47 42 drone
634 1 2369 481 47 42 drone
635 1 2371 477 47 42 drone
636 1 2372 473 47 42 drone
637 1 2373 468 47 42 drone
638 1 2375 464 47 42 drone
639 1 2376 460 47 42 drone
640 1 2378 456 48 43 drone
641 1 2379 450 47 43 drone
642 1 2381 445 47 43 drone
643 1 2382 440 47 43 drone
644 1 2384 435 47 43 drone
645 1 2385 430 47 44 drone
646 1 2387 425 47 44 drone
647 1 2388 420 47 44 drone
648 1 2390 415 47 44 drone
649 1 2391 410 47 44 drone
650 1 2393 405 47 45 drone
651 1 2393 399 48 45 drone
652 1 2394 393 49 46 drone
653 1 2395 387 50 47 drone
654 1 2395 381 51 47 drone
655 1 2396 375 52 48 drone
656 1 2397 369 53 49 drone
657 1 2397 363 54 49 drone
658 1 2398 357 55 50 drone
659 1 2399 351 56 51 drone
660 1 2400 345 57 52 drone
661 1 2399 339 57 52 drone
662 1 2398 333 57 52 drone
663 1 2397 327 57 52 drone
664 1 2396 321 57 52 drone
665 1 2396 315 57 52 drone
666 1 2395 309 57 52 drone
667 1 2394 303 57 52 drone
668 1 2393 297 57 52 drone
669 1 2392 291 57 52 drone
670 1 2392 285 57 52 drone
671 1 2388 279 57 52 drone
672 1 2384 273 57 52 drone
673 1 2380 268 57 52 drone
674 1 2376 262 57 52 drone
675 1 2373 257 58 53 drone
676 1 2369 251 58 53 drone
677 1 2365 245 58 53 drone
678 1 2361 240 58 53 drone
679 1 2357 234 58 53 drone
680 1 2354 229 59 54 drone
681 1 2348 223 59 54 drone
682 1 2343 217 59 54 drone
683 1 2337 211 59 54 drone
684 1 2332 205 59 55 drone
685 1 2327 200 60 55 drone
686 1 2321 194 60 55 drone
687 1 2316 188 60 56 drone
688 1 2310 182 60 56 drone
689 1 2305 176 60 56 drone
690 1 2300 171 61 57 drone
691 1 2294 165 61 57 drone
692 1 2288 159 61 57 drone
693 1 2282 153 61 57 drone
694 1 2276 148 62 57 drone
695 1 2270 142 62 57 drone
696 1 2264 136 62 57 drone
697 1 2258 131 63 57 drone
698 1 2252 125 63 57 drone
699 1 2246 119 63 57 drone
700 1 2241 114 64 58 drone
701 1 2235 106 64 58 drone
702 1 2230 99 64 58 drone
703 1 2225 92 64 58 drone
704 1 2220 85 64 58 drone
705 1 2215 78 65 58 drone
706 1 2209 71 65 58 drone
707 1 2204 64 65 58 drone
708 1 2199 57 65 58 drone
709 1 2194 50 65 58 drone
710 1 2189 43 66 59 drone
711 1 2185 37 64 56 drone
712 1 2182 32 63 53 drone
713 1 2178 27 62 50 drone
714 1 2175 22 60 48 drone
715 1 2171 17 59 45 drone
716 1 2168 11 58 42 drone
717 1 2164 2 56 40 drone
718 1 2161 1 55 37 drone
719 0
720 0
721 0
722 0
723 0
724 0
725 0
726 0
727 0
728 0
729 0
730 0
731 0
732 0
733 0
734 0
735 0
736 0
737 0
738 0
739 0
740 0
741 0
742 0
743 0
744 0
745 0
746 0
747 0
748 0
749 0
750 0
751 0
752 0
753 0
754 0
755 0
756 0
757 0
758 0
759 0
760 0
761 0
762 0
763 0
764 0
765 0
766 0
767 0
768 0
769 0
770 0
771 0
772 0
773 0
774 0
775 0
776 0
777 0
778 0
779 0
780 0
781 0
782 0
783 0
784 0
785 0
786 0
787 0
788 0
789 0
790 0
791 0
792 0
793 0
794 0
795 0
796 0
797 0
798 0
799 0
800 0
801 0
802 0
803 0
804 0
805 0
806 0
807 0
808 0
809 0
810 0
811 0
812 0
813 0
814 0
815 0
816 0
817 0
818 0
819 0
820 0
821 0
822 0
823 0
824 0
825 0
826 0
827 0
828 0
829 0
830 0
831 0
832 0
833 0
834 0
835 0
836 0
837 0
838 0
839 0
840 0
841 0
842 0
843 0
844 0
845 0
846 0
847 0
848 0
849 0
850 0
851 0
852 0
853 0
854 0
855 0
856 0
857 0
858 0
859 0
860 0
861 0
862 0
863 0
864 0
865 0
866 0
867 0
868 0
869 0
870 0
871 0
872 0
873 0
874 0
875 0
876 0
877 0
878 0
879 0
880 0
881 0
882 0
883 0
884 0
885 0
886 0
887 0
888 0
889 0
890 0
891 0
892 0
893 0
894 0
895 0
896 0
897 1 1808 -8 79 44 drone
898 1 1807 -3 77 49 drone
899 1 1802 -2 82 50 drone
900 1 1800 -9 83 75 drone
901 1 1799 -3 83 75 drone
902 1 1799 2 84 76 drone
903 1 1798 7 84 77 drone
904 1 1798 13 85 78 drone
905 1 1798 18 86 79 drone
906 1 1797 24 86 80 drone
907 1 1797 29 87 81 drone
908 1 1796 35 87 82 drone
909 1 1796 40 88 83 drone
910 1 1796 46 89 84 drone
911 1 1797 51 89 83 drone
912 1 1798 57 89 82 drone
913 1 1799 62 89 81 drone
914 1 1800 68 89 80 drone
915 1 1801 73 89 80 drone
916 1 1802 79 89 79 drone
917 1 1803 84 89 78 drone
918 1 1804 90 89 77 drone
919 1 1805 95 89 76 drone
920 1 1806 101 89 76 drone
921 1 1806 102 89 76 drone
922 1 1807 103 89 77 drone
923 1 1808 104 89 78 drone
924 1 1809 105 89 78 drone
925 1 1810 106 90 79 drone
926 1 1811 107 90 80 drone
927 1 1812 108 90 80 drone
928 1 1813 109 90 81 drone
929 1 1814 110 90 82 drone
930 1 1815 111 91 83 drone
931 1 1817 109 91 83 drone
932 1 1819 108 91 83 drone
933 1 1821 107 91 83 drone
934 1 1823 106 91 83 drone
935 1 1825 105 91 83 drone
936 1 1827 104 91 83 drone
937 1 1829 103 91 83 drone
938 1 1831 102 91 83 drone
939 1 1833 101 91 83 drone
940 1 1835 100 91 83 drone
941 1 1837 99 91 83 drone
942 1 1839 98 91 83 drone
943 1 1841 97 91 83 drone
944 1 1843 96 91 83 drone
945 1 1845 96 91 83 drone
946 1 1847 95 91 83 drone
947 1 1849 94 91 83 drone
948 1 1851 93 91 83 drone
949 1 1853 92 91 83 drone
950 1 1855 92 91 83 drone
951 1 1857 91 91 83 drone
952 1 1859 90 91 83 drone
953 1 1861 89 91 83 drone
954 1 1863 88 91 83 drone
955 1 1865 87 91 83 drone
956 1 1867 86 91 83 drone
957 1 1869 85 91 83 drone
958 1 1871 84 91 83 drone
959 1 1873 83 91 83 drone
960 1 1875 82 91 83 drone
961 1 1877 82 91 83 drone
962 1 1879 82 91 83 drone
963 1 1881 82 91 83 drone
964 1 1883 82 91 83 drone
965 1 1885 82 91 83 drone
966 1 1887 82 91 83 drone
967 1 1889 82 91 83 drone
968 1 1891 82 91 83 drone
969 1 1893 82 91 83 drone
970 1 1895 82 91 83 drone
971 1 1897 81 91 83 drone
972 1 1899 80 91 83 drone
973 1 1901 80 91 83 drone
974 1 1903 79 91 83 drone
975 1 1905 79 91 83 drone
976 1 1907 78 91 83 drone
977 1 1909 77 91 83 drone
978 1 1911 77 91 83 drone
979 1 1913 76 91 83 drone
980 1 1915 76 91 83 drone
981 1 1916 76 91 83 drone
982 1 1918 76 91 83 drone
983 1 1920 76 91 83 drone
984 1 1922 76 91 83 drone
985 1 1924 77 91 83 drone
986 1 1925 77 91 83 drone
987 1 1927 77 91 83 drone
988 1 1929 77 91 83 drone
989 1 1931 77 91 83 drone
990 1 1933 78 91 83 drone
991 1 1932 78 91 83 drone
992 1 1931 79 91 83 drone
993 1 1931 80 91 83 drone
994 1 1930 81 91 83 drone
995 1 1930 82 91 83 drone
996 1 1929 82 91 83 drone
997 1 1928 83 91 83 drone
998 1 1928 84 91 83 drone
999 1 1927 85 91 83 drone
1000 1 1927 86 91 83 drone
1001 1 1923 88 91 83 drone
1002 1 1920 90 91 83 drone
1003 1 1916 92 91 83 drone
1004 1 1913 94 91 83 drone
1005 1 1910 96 91 83 drone
1006 1 1906 98 91 83 drone
1007 1 1903 100 91 83 drone
1008 1 1899 102 91 83 drone
1009 1 1896 104 91 83 drone
1010 1 1893 107 91 83 drone
1011 1 1888 109 91 83 drone
1012 1 1883 112 91 83 drone
1013 1 1878 114 91 83 drone
1014 1 1873 117 91 83 drone
1015 1 1868 120 91 83 drone
1016 1 1863 122 91 83 drone
1017 1 1858 125 91 83 drone
1018 1 1853 127 91 83 drone
1019 1 1848 130 91 83 drone
1020 1 1843 133 91 83 drone
1021 1 1840 135 91 83 drone
1022 1 1837 137 91 83 drone
1023 1 1834 140 91 83 drone
1024 1 1831 142 91 83 drone
1025 1 1829 145 91 83 drone
1026 1 1826 147 91 83 drone
1027 1 1823 149 91 83 drone
1028 1 1820 152 91 83 drone
1029 1 1817 154 91 83 drone
1030 1 1815 157 91 83 drone
1031 1 1812 159 91 83 drone
1032 1 1809 161 91 83 drone
1033 1 1807 164 91 83 drone
1034 1 1804 166 91 83 drone
1035 1 1802 169 91 83 drone
1036 1 1799 171 91 83 drone
1037 1 1796 173 91 83 drone
1038 1 1794 176 91 83 drone
1039 1 1791 178 91 83 drone
1040 1 1789 181 91 83 drone
1041 1 1784 183 91 83 drone
1042 1 1779 185 91 83 drone
1043 1 1775 188 91 83 drone
1044 1 1770 190 91 83 drone
1045 1 1766 193 91 83 drone
1046 1 1761 195 91 83 drone
1047 1 1756 197 91 83 drone
1048 1 1752 200 91 83 drone
1049 1 1747 202 91 83 drone
1050 1 1743 205 91 83 drone
1051 1 1738 208 91 83 drone
1052 1 1733 211 91 83 drone
1053 1 1728 214 91 83 drone
1054 1 1723 217 91 83 drone
1055 1 1718 221 91 83 drone
1056 1 1713 224 91 83 drone
1057 1 1708 227 91 83 drone
1058 1 1703 230 91 83 drone
1059 1 1698 233 91 83 drone
1060 1 1693 237 91 83 drone
1061 1 1689 242 91 83 drone
1062 1 1685 247 91 83 drone
1063 1 1681 253 91 83 drone
1064 1 1677 258 91 83 drone
1065 1 1674 256 91 83 drone
1066 1 1670 269 91 83 drone
1067 1 1666 274 91 83 drone
1068 1 1662 280 91 83 drone
1069 1 1658 285 91 83 drone
1070 1 1655 291 91 83 drone
1071 1 1652 300 91 83 drone
1072 1 1650 309 91 83 drone
1073 1 1648 318 91 83 drone
1074 1 1646 327 91 83 drone
1075 1 1644 336 91 83 drone
1076 1 1642 345 91 83 drone
1077 1 1640 354 91 83 drone
1078 1 1638 363 91 83 drone
1079 1 1636 372 91 83 drone
1080 1 1634 382 91 83 drone
1081 1 1633 388 91 83 drone
1082 1 1633 394 91 83 drone
1083 1 1633 401 91 83 drone
1084 1 1633 407 91 83 drone
1085 1 1633 414 91 83 drone
1086 1 1633 420 91 83 drone
1087 1 1633 426 91 83 drone
1088 1 1633 433 91 83 drone
1089 1 1633 439 91 83 drone
1090 1 1633 446 91 83 drone
1091 1 1633 448 91 83 drone
1092 1 1634 451 91 83 drone
1093 1 1635 453 91 83 drone
1094 1 1636 456 91 83 drone
1095 1 1637 458 91 83 drone
1096 1 1637 461 91 83 drone
1097 1 1638 463 91 83 drone
1098 1 1639 466 91 83 drone
1099 1 1640 468 91 83 drone
1100 1 1641 471 91 83 drone
1101 1 1641 473 91 83 drone
1102 1 1642 475 91 83 drone
1103 1 1643 477 91 83 drone
1104 1 1644 480 91 83 drone
1105 1 1645 482 91 83 drone
1106 1 1645 484 91 83 drone
1107 1 1646 487 91 83 drone
1108 1 1647 489 91 83 drone
1109 1 1648 491 91 83 drone
1110 1 1649 494 91 83 drone
1111 1 1649 498 91 83 drone
1112 1 1650 502 91 83 drone
1113 1 1651 507 91 83 drone
1114 1 1652 511 91 83 drone
1115 1 1653 516 91 83 drone
1116 1 1653 520 91 83 drone
1117 1 1654 524 91 83 drone
1118 1 1655 529 91 83 drone
1119 1 1656 533 91 83 drone
1120 1 1657 538 91 83 drone
1121 1 1657 541 91 82 drone
1122 1 1658 544 91 82 drone
1123 1 1659 547 91 81 drone
1124 1 1660 550 91 81 drone
1125 1 1661 554 91 81 drone
1126 1 1662 557 91 80 drone
1127 1 1663 560 91 80 drone
1128 1 1664 563 91 79 drone
1129 1 1665 566 91 79 drone
1130 1 1666 570 91 79 drone
1131 1 1666 571 91 79 drone
1132 1 1666 572 91 79 drone
1133 1 1666 573 91 79 drone
1134 1 1666 575 91 79 drone
1135 1 1666 576 91 79 drone
1136 1 1666 577 91 79 drone
1137 1 1666 579 91 79 drone
1138 1 1666 580 91 79 drone
1139 1 1666 581 91 79 drone
1140 1 1667 583 91 80 drone
1141 1 1666 584 91 79 drone
1142 1 1666 586 91 79 drone
1143 1 1665 588 91 79 drone
1144 1 1665 590 91 79 drone
1145 1 1664 592 91 79 drone
1146 1 1664 594 91 79 drone
1147 1 1663 596 91 79 drone
1148 1 1663 598 91 79 drone
1149 1 1662 600 91 79 drone
1150 1 1662 602 91 79 drone
1151 1 1662 600 91 79 drone
1152 1 1662 599 91 79 drone
1153 1 1662 598 91 79 drone
1154 1 1662 597 91 79 drone
1155 1 1663 596 91 79 drone
1156 1 1663 594 91 79 drone
1157 1 1663 593 91 79 drone
1158 1 1663 592 91 79 drone
1159 1 1663 591 91 79 drone
1160 1 1664 590 91 80 drone
1161 1 1663 587 91 80 drone
1162 1 1663 585 91 80 drone
1163 1 1663 583 91 80 drone
1164 1 1662 580 91 81 drone
1165 1 1662 578 91 81 drone
1166 1 1662 576 91 81 drone
1167 1 1661 573 91 82 drone
1168 1 1661 571 91 82 drone
1169 1 1661 569 91 82 drone
1170 1 1661 567 91 83 drone
1171 1 1661 564 91 83 drone
1172 1 1662 562 91 83 drone
1173 1 1663 559 91 83 drone
1174 1 1664 557 91 83 drone
1175 1 1665 555 91 83 drone
1176 1 1666 552 91 83 drone
1177 1 1667 550 91 83 drone
1178 1 1668 547 91 83 drone
1179 1 1669 545 91 83 drone
1180 1 1670 543 91 83 drone
1181 1 1671 539 91 83 drone
1182 1 1672 536 91 83 drone
1183 1 1673 533 91 83 drone
1184 1 1674 529 91 83 drone
1185 1 1675 526 91 83 drone
1186 1 1676 523 91 83 drone
1187 1 1677 519 91 83 drone
1188 1 1678 516 91 83 drone
1189 1 1679 513 91 83 drone
1190 1 1681 510 91 83 drone
1191 1 1681 507 91 83 drone
1192 1 1681 504 91 83 drone
1193 1 1681 502 91 83 drone
1194 1 1682 499 91 83 drone
1195 1 1682 497 91 83 drone
1196 1 1682 494 91 83 drone
1197 1 1683 491 91 83 drone
1198 1 1683 489 91 83 drone
1199 1 1683 486 91 83 drone
1200 1 1684 484 91 83 drone
1201 1 1680 481 91 83 drone
1202 1 1677 479 92 84 drone
1203 1 1674 477 92 84 drone
1204 1 1670 475 93 85 drone
1205 1 1667 473 93 85 drone
1206 1 1664 471 94 86 drone
1207 1 1660 469 94 86 drone
1208 1 1657 467 95 87 drone
1209 1 1654 465 95 87 drone
1210 1 1651 463 96 88 drone
1211 1 1645 461 96 88 drone
1212 1 1639 460 97 88 drone
1213 1 1633 459 97 88 drone
1214 1 1627 458 98 88 drone
1215 1 1622 457 98 88 drone
1216 1 1616 455 99 88 drone
1217 1 1610 454 99 88 drone
1218 1 1604 453 100 88 drone
1219 1 1598 452 100 88 drone
1220 1 1593 451 101 88 drone
1221 1 1587 451 101 88 drone
1222 1 1582 451 102 88 drone
1223 1 1577 451 102 88 drone
1224 1 1571 451 103 88 drone
1225 1 1566 451 103 89 drone
1226 1 1561 451 104 89 drone
1227 1 1555 451 104 89 drone
1228 1 1550 451 105 89 drone
1229 1 1545 451 105 89 drone
1230 1 1540 452 106 90 drone
1231 1 1536 453 105 89 drone
1232 1 1533 454 104 89 drone
1233 1 1529 455 104 89 drone
1234 1 1526 457 103 89 drone
1235 1 1522 458 103 89 drone
1236 1 1519 459 102 88 drone
1237 1 1515 461 101 88 drone
1238 1 1512 462 101 88 drone
1239 1 1508 463 100 88 drone
1240 1 1505 465 100 88 drone
1241 1 1502 465 100 87 drone
1242 1 1499 466 100 87 drone
1243 1 1496 467 100 87 drone
1244 1 1493 468 101 87 drone
1245 1 1490 469 101 87 drone
1246 1 1487 470 101 87 drone
1247 1 1484 471 102 87 drone
1248 1 1481 472 102 87 drone
1249 1 1478 473 102 87 drone
1250 1 1476 474 103 87 drone
1251 1 1473 474 103 87 drone
1252 1 1471 475 103 87 drone
1253 1 1469 476 104 88 drone
1254 1 1466 476 104 88 drone
1255 1 1464 477 105 89 drone
1256 1 1462 478 105 89 drone
1257 1 1459 478 105 89 drone
1258 1 1457 479 106 90 drone
1259 1 1455 480 106 90 drone
1260 1 1453 481 107 91 drone
1261 1 1451 479 107 90 drone
1262 1 1449 478 107 90 drone
1263 1 1447 477 107 89 drone
1264 1 1445 476 107 89 drone
1265 1 1444 475 107 88 drone
1266 1 1442 473 107 88 drone
1267 1 1440 472 107 87 drone
1268 1 1438 471 107 87 drone
1269 1 1436 470 107 86 drone
1270 1 1435 469 107 86 drone
1271 1 1433 465 107 86 drone
1272 1 1431 461 107 86 drone
1273 1 1429 457 107 86 drone
1274 1 1427 454 107 86 drone
1275 1 1426 450 107 86 drone
1276 1 1424 446 107 86 drone
1277 1 1422 443 107 86 drone
1278 1 1420 439 107 86 drone
1279 1 1418 435 107 86 drone
1280 1 1417 432 107 87 drone
1281 1 1414 426 107 87 drone
1282 1 1412 420 107 87 drone
1283 1 1409 414 107 88 drone
1284 1 1407 408 107 88 drone
1285 1 1405 403 107 89 drone
1286 1 1402 397 107 89 drone
1287 1 1400 391 107 89 drone
1288 1 1397 385 107 90 drone
1289 1 1395 379 107 90 drone
1290 1 1393 374 107 91 drone
1291 1 1390 367 107 91 drone
1292 1 1388 360 108 92 drone
1293 1 1385 353 108 93 drone
1294 1 1383 346 109 94 drone
1295 1 1381 340 110 95 drone
1296 1 1378 333 110 96 drone
1297 1 1376 326 111 97 drone
1298 1 1373 319 111 98 drone
1299 1 1371 312 112 99 drone
1300 1 1369 306 113 100 drone
1301 1 1367 299 113 100 drone
1302 1 1365 292 113 100 drone
1303 1 1363 285 113 100 drone
1304 1 1361 278 114 100 drone
1305 1 1359 271 114 100 drone
1306 1 1357 264 114 100 drone
1307 1 1355 257 115 100 drone
1308 1 1353 250 115 100 drone
1309 1 1351 243 115 100 drone
1310 1 1349 236 116 100 drone
1311 1 1346 229 116 100 drone
1312 1 1344 222 116 100 drone
1313 1 1342 215 116 100 drone
1314 1 1340 209 116 100 drone
1315 1 1338 202 116 100 drone
1316 1 1336 195 116 100 drone
1317 1 1334 189 116 100 drone
1318 1 1332 182 116 100 drone
1319 1 1330 175 116 100 drone
1320 1 1328 169 117 100 drone
1321 1 1326 163 117 100 drone
1322 1 1324 157 117 101 drone
1323 1 1322 152 118 101 drone
1324 1 1320 146 118 102 drone
1325 1 1319 141 119 102 drone
1326 1 1317 135 119 103 drone
1327 1 1315 129 119 103 drone
1328 1 1313 124 120 104 drone
1329 1 1311 118 120 104 drone
1330 1 1310 113 121 105 drone
1331 1 1308 109 121 104 drone
1332 1 1307 105 121 104 drone
1333 1 1306 102 122 104 drone
1334 1 1305 98 122 104 drone
1335 1 1304 95 123 104 drone
1336 1 1302 91 123 104 drone
1337 1 1301 87 123 104 drone
1338 1 1300 84 124 104 drone
1339 1 1299 80 124 104 drone
1340 1 1298 77 125 104 drone
1341 1 1296 72 125 104 drone
1342 1 1295 68 126 104 drone
1343 1 1293 64 127 104 drone
1344 1 1292 59 128 104 drone
1345 1 1290 55 129 104 drone
1346 1 1289 51 130 104 drone
1347 1 1287 46 131 104 drone
1348 1 1286 42 132 104 drone
1349 1 1284 38 133 104 drone
1350 1 1283 34 134 104 drone
1351 1 1283 34 134 104 drone
1352 1 1283 22 134 104 drone
1353 1 1275 17 134 104 drone
1354 1 1278 11 134 104 drone
1355 1 1275 9 134 104 drone
1356 1 1275 11 134 104 drone
1357 1 1280 4 134 104 drone
1358 1 1278 1 134 104 drone
1359 1 1270 -11 134 104 drone
1360 1 1282 -10 120 95 drone
1361 1 1283 -10 117 90 drone
1362 1 1284 -10 115 86 drone
1363 1 1286 -10 112 81 drone
1364 1 1287 -10 110 77 drone
1365 1 1289 -11 107 72 drone
1366 1 1290 -11 105 68 drone
1367 0
1368 0
1369 0
1370 0
1371 0
1372 0
1373 0
1374 0
1375 0
1376 0
1377 0
1378 0
1379 0
1380 0
1381 0
1382 0
1383 0
1384 0
1385 0
1386 0
1387 0
1388 0
1389 0
1390 0
1391 0
1392 0
1393 0
1394 0
1395 0
1396 0
1397 0
1398 0
1399 0
1400 0
1401 0
1402 0
1403 0
1404 0
1405 0
1406 0
1407 0
1408 0
1409 0
1410 0
1411 0
1412 0
1413 0
1414 0
1415 0
1416 0
1417 0
1418 0
1419 0
1420 0
1421 0
1422 0
1423 0
1424 0
1425 0
1426 0
1427 0
1428 0
1429 0
1430 0
1431 0
1432 0
1433 0
1434 0
1435 0
1436 0
1437 0
1438 0
1439 0
1440 0
1441 0
1442 0
1443 0
1444 1 1291 0 118 61 drone
1445 1 1288 1 121 70 drone
1446 1 1284 -2 124 80 drone
1447 1 1281 1 127 89 drone
1448 1 1277 -1 130 99 drone
1449 1 1274 5 133 108 drone
1450 1 1271 9 136 118 drone
1451 1 1269 15 136 119 drone
1452 1 1267 22 137 120 drone
1453 1 1265 29 138 121 drone
1454 1 1263 36 138 123 drone
1455 1 1262 43 139 124 drone
1456 1 1260 50 140 125 drone
1457 1 1258 57 140 127 drone
1458 1 1256 64 141 128 drone
1459 1 1254 71 142 129 drone
1460 1 1253 78 143 131 drone
1461 1 1250 83 143 130 drone
1462 1 1247 88 143 130 drone
1463 1 1244 93 144 129 drone
1464 1 1242 98 144 129 drone
1465 1 1239 103 145 129 drone
1466 1 1236 108 145 128 drone
1467 1 1234 113 145 128 drone
1468 1 1231 118 146 127 drone
1469 1 1228 123 146 127 drone
1470 1 1226 128 147 127 drone
1471 1 1224 133 147 127 drone
1472 1 1222 139 147 127 drone
1473 1 1220 145 147 127 drone
1474 1 1219 150 147 127 drone
1475 1 1217 156 147 127 drone
1476 1 1215 162 147 127 drone
1477 1 1214 167 147 127 drone
1478 1 1212 173 147 127 drone
1479 1 1210 179 147 127 drone
1480 1 1209 185 147 127 drone
1481 1 1207 192 147 127 drone
1482 1 1206 200 147 127 drone
1483 1 1205 207 148 127 drone
1484 1 1203 215 148 127 drone
1485 1 1202 222 149 127 drone
1486 1 1201 230 149 127 drone
1487 1 1199 237 149 127 drone
1488 1 1198 245 150 127 drone
1489 1 1197 252 150 127 drone
1490 1 1196 260 151 127 drone
1491 1 1195 269 151 127 drone
1492 1 1194 279 151 127 drone
1493 1 1193 289 151 127 drone
1494 1 1192 299 151 127 drone
1495 1 1192 309 151 127 drone
1496 1 1191 318 151 127 drone
1497 1 1190 328 151 127 drone
1498 1 1189 338 151 127 drone
1499 1 1188 348 151 127 drone
1500 1 1188 358 151 127 drone
1501 1 1187 369 151 127 drone
1502 1 1187 380 151 127 drone
1503 1 1186 391 151 127 drone
1504 1 1186 402 151 127 drone
1505 1 1186 413 151 127 drone
1506 1 1185 424 151 127 drone
1507 1 1185 435 151 127 drone
1508 1 1184 446 151 127 drone
1509 1 1184 457 151 127 drone
1510 1 1184 469 151 127 drone
1511 1 1184 480 151 127 drone
1512 1 1184 491 151 127 drone
1513 1 1184 502 151 127 drone
1514 1 1185 513 151 127 drone
1515 1 1185 524 151 127 drone
1516 1 1185 535 151 127 drone
1517 1 1186 546 151 127 drone
1518 1 1186 557 151 127 drone
1519 1 1186 568 151 127 drone
1520 1 1187 579 151 127 drone
1521 1 1187 583 151 127 drone
1522 1 1187 588 152 127 drone
1523 1 1187 592 152 127 drone
1524 1 1188 597 153 127 drone
1525 1 1188 602 154 128 drone
1526 1 1188 606 154 128 drone
1527 1 1189 611 155 128 drone
1528 1 1189 615 155 128 drone
1529 1 1189 620 156 128 drone
1530 1 1190 625 157 129 drone
1531 1 1190 625 157 129 drone
1532 1 1190 626 158 130 drone
1533 1 1191 626 158 130 drone
1534 1 1191 627 159 131 drone
1535 1 1192 627 160 132 drone
1536 1 1192 628 160 132 drone
1537 1 1192 628 161 133 drone
1538 1 1193 629 161 133 drone
1539 1 1193 629 162 134 drone
1540 1 1194 630 163 135 drone
1541 1 1193 629 163 135 drone
1542 1 1193 629 163 135 drone
1543 1 1192 628 163 135 drone
1544 1 1192 628 163 135 drone
1545 1 1191 628 163 135 drone
1546 1 1191 627 163 135 drone
1547 1 1190 627 163 135 drone
1548 1 1190 626 163 135 drone
1549 1 1189 626 163 135 drone
1550 1 1189 626 163 135 drone
1551 1 1188 626 163 135 drone
1552 1 1187 626 163 135 drone
1553 1 1187 627 163 135 drone
1554 1 1186 627 163 135 drone
1555 1 1186 628 163 135 drone
1556 1 1185 628 163 135 drone
1557 1 1184 628 163 135 drone
1558 1 1184 629 163 135 drone
1559 1 1183 629 163 135 drone
1560 1 1183 630 163 135 drone
1561 1 1182 634 163 133 drone
1562 1 1181 639 163 131 drone
1563 1 1180 644 163 130 drone
1564 1 1179 649 163 128 drone
1565 1 1178 654 163 127 drone
1566 1 1177 658 163 125 drone
1567 1 1176 663 163 123 drone
1568 1 1175 668 163 122 drone
1569 1 1174 673 163 120 drone
1570 1 1174 678 163 119 drone
1571 1 1174 675 151 121 drone
1572 1 1175 686 149 121 drone
1573 1 1175 688 147 124 drone
1574 1 1170 688 152 134 drone
1575 1 1167 693 157 122 drone
