0 1 1370 1213 50 34 drone
1 1 1370 1213 50 34 drone
2 1 1370 1213 50 34 drone
3 1 1370 1213 50 34 drone
4 1 1370 1213 50 34 drone
5 1 1370 1213 50 34 drone
6 1 1370 1213 50 34 drone
7 1 1370 1213 50 34 drone
8 1 1370 1213 50 34 drone
9 1 1370 1213 50 34 drone
10 1 1370 1213 50 34 drone
11 1 1372 1211 50 34 drone
12 1 1370 1211 50 34 drone
13 1 1370 1212 50 34 drone
14 1 1370 1210 50 34 drone
15 1 1379 1202 50 34 drone
16 1 1387 1194 50 34 drone
17 1 1394 1188 50 34 drone
18 1 1404 1182 50 34 drone
19 1 1418 1170 50 34 drone
20 1 1425 1165 50 34 drone
21 1 1436 1157 50 34 drone
22 1 1447 1149 51 34 drone
23 1 1458 1141 51 34 drone
24 1 1469 1133 52 34 drone
25 1 1481 1125 52 34 drone
26 1 1492 1117 53 34 drone
27 1 1503 1109 53 34 drone
28 1 1514 1101 54 34 drone
29 1 1525 1093 54 34 drone
30 1 1537 1086 55 34 drone
31 1 1549 1077 55 34 drone
32 1 1562 1069 55 34 drone
33 1 1574 1061 55 34 drone
34 1 1587 1052 55 34 drone
35 1 1600 1044 55 34 drone
36 1 1612 1036 55 34 drone
37 1 1625 1027 55 34 drone
38 1 1637 1019 55 34 drone
39 1 1650 1011 55 34 drone
40 1 1663 1003 55 34 drone
41 1 1677 994 55 33 drone
42 1 1691 985 55 33 drone
43 1 1705 977 55 33 drone
44 1 1719 968 55 32 drone
45 1 1733 960 55 32 drone
46 1 1747 951 55 32 drone
47 1 1761 942 55 31 drone
48 1 1775 934 55 31 drone
49 1 1789 925 55 31 drone
50 1 1804 917 56 31 drone
51 1 1818 908 56 30 drone
52 1 1832 899 56 30 drone
53 1 1846 890 56 30 drone
54 1 1861 882 56 30 drone
55 1 1875 873 56 30 drone
56 1 1889 864 56 29 drone
57 1 1904 856 56 29 drone
58 1 1918 847 56 29 drone
59 1 1932 838 56 29 drone
60 1 1947 830 56 29 drone
61 1 1959 819 55 29 drone
62 1 1972 809 55 30 drone
63 1 1985 799 55 30 drone
64 1 1998 789 54 31 drone
65 1 2011 779 54 31 drone
66 1 2024 769 54 32 drone
67 1 2037 759 53 32 drone
68 1 2050 749 53 33 drone
69 1 2063 739 53 33 drone
70 1 2076 729 53 34 drone
71 1 2086 720 53 35 drone
72 1 2096 712 53 36 drone
73 1 2106 703 53 37 drone
74 1 2116 695 53 38 drone
75 1 2126 686 54 39 drone
76 1 2136 678 54 40 drone
77 1 2146 669 54 41 drone
78 1 2156 661 54 42 drone
79 1 2166 652 54 43 drone
80 1 2176 644 55 44 drone
81 1 2183 640 54 44 drone
82 1 2191 636 54 44 drone
83 1 2199 632 54 44 drone
84 1 2207 629 53 44 drone
85 1 2215 625 53 44 drone
86 1 2223 621 53 44 drone
87 1 2231 618 52 44 drone
88 1 2239 614 52 44 drone
89 1 2247 610 52 44 drone
90 1 2255 607 52 44 drone
91 1 2259 605 52 44 drone
92 1 2263 603 52 44 drone
93 1 2267 601 52 44 drone
94 1 2271 599 52 44 drone
95 1 2275 598 52 44 drone
96 1 2279 596 52 44 drone
97 1 2283 594 52 44 drone
98 1 2287 592 52 44 drone
99 1 2291 590 52 44 drone
100 1 2296 589 52 45 drone
101 1 2295 587 51 45 drone
102 1 2294 586 51 45 drone
103 1 2294 585 51 45 drone
104 1 2293 583 51 45 drone
105 1 2293 582 51 46 drone
106 1 2292 581 51 46 drone
107 1 2291 579 51 46 drone
108 1 2291 578 51 46 drone
109 1 2290 577 51 46 drone
110 1 2290 576 51 47 drone
111 1 2285 574 51 47 drone
112 1 2280 573 51 47 drone
113 1 2276 571 52 47 drone
114 1 2271 570 52 47 drone
115 1 2267 568 53 47 drone
116 1 2262 567 53 47 drone
117 1 2257 565 53 47 drone
118 1 2253 564 54 47 drone
119 1 2248 562 54 47 drone
120 1 2244 561 55 48 drone
121 1 2238 559 54 47 drone
122 1 2233 558 54 47 drone
123 1 2228 557 54 47 drone
124 1 2222 555 54 47 drone
125 1 2217 554 54 47 drone
126 1 2212 553 54 46 drone
127 1 2206 551 54 46 drone
128 1 2201 550 54 46 drone
129 1 2196 549 54 46 drone
130 1 2191 548 54 46 drone
131 1 2187 544 54 46 drone
132 1 2184 540 54 46 drone
133 1 2180 536 54 46 drone
134 1 2175 537 54 46 drone
135 1 2171 532 54 46 drone
136 1 2170 524 54 46 drone
137 1 2167 520 54 46 drone
138 1 2163 516 54 46 drone
139 1 2160 512 54 46 drone
140 1 2157 509 54 47 drone
141 1 2155 501 54 46 drone
142 1 2154 494 54 46 drone
143 1 2153 487 54 46 drone
144 1 2152 480 54 46 drone
145 1 2151 473 54 46 drone
146 1 2149 465 54 46 drone
147 1 2148 458 54 46 drone
148 1 2147 451 54 46 drone
149 1 2146 444 54 46 drone
150 1 2145 437 54 46 drone
151 1 2143 429 54 45 drone
152 1 2141 421 54 45 drone
153 1 2139 413 54 45 drone
154 1 2137 405 54 45 drone
155 1 2135 397 54 45 drone
156 1 2133 389 54 45 drone
157 1 2131 381 54 45 drone
158 1 2129 373 54 45 drone
159 1 2127 365 54 45 drone
160 1 2125 358 54 45 drone
161 1 2122 351 53 44 drone
162 1 2120 345 53 44 drone
163 1 2118 339 53 44 drone
164 1 2115 332 53 44 drone
165 1 2113 326 53 44 drone
166 1 2111 320 52 43 drone
167 1 2108 313 52 43 drone
168 1 2106 307 52 43 drone
169 1 2104 301 52 43 drone
170 1 2102 295 52 43 drone
171 1 2100 292 52 42 drone
172 1 2098 290 52 42 drone
173 1 2096 288 52 42 drone
174 1 2094 285 52 42 drone
175 1 2092 283 52 42 drone
176 1 2090 281 52 41 drone
177 1 2088 278 52 41 drone
178 1 2086 276 52 41 drone
179 1 2084 274 52 41 drone
180 1 2083 272 52 41 drone
181 1 2082 273 51 41 drone
182 1 2081 275 51 41 drone
183 1 2080 277 51 41 drone
184 1 2079 279 51 41 drone
185 1 2078 281 51 42 drone
186 1 2077 282 50 42 drone
187 1 2076 284 50 42 drone
188 1 2075 286 50 42 drone
189 1 2074 288 50 42 drone
190 1 2073 290 50 43 drone
191 1 2072 295 50 42 drone
192 1 2072 301 50 42 drone
193 1 2071 307 50 42 drone
194 1 2071 312 50 42 drone
195 1 2070 318 50 42 drone
196 1 2070 324 50 42 drone
197 1 2069 329 50 42 drone
198 1 2069 335 50 42 drone
199 1 2068 341 50 42 drone
200 1 2068 347 50 42 drone
201 1 2068 351 50 42 drone
202 1 2068 356 50 42 drone
203 1 2068 361 51 42 drone
204 1 2069 365 51 42 drone
205 1 2069 370 52 42 drone
206 1 2069 375 52 42 drone
207 1 2070 379 52 42 drone
208 1 2070 384 53 42 drone
209 1 2070 389 53 42 drone
210 1 2071 394 54 42 drone
211 1 2072 397 53 42 drone
212 1 2073 400 53 42 drone
213 1 2074 403 53 42 drone
214 1 2076 406 53 42 drone
215 1 2077 409 53 42 drone
216 1 2078 412 53 42 drone
217 1 2080 415 53 42 drone
218 1 2081 418 53 42 drone
219 1 2082 421 53 42 drone
220 1 2084 424 53 43 drone
221 1 2084 428 52 43 drone
222 1 2085 433 52 43 drone
223 1 2086 438 52 43 drone
224 1 2087 443 52 43 drone
225 1 2088 448 52 43 drone
226 1 2089 452 51 43 drone
227 1 2090 457 51 43 drone
228 1 2091 462 51 43 drone
229 1 2092 467 51 43 drone
230 1 2093 472 51 43 drone
231 1 2093 477 51 43 drone
232 1 2094 482 51 43 drone
233 1 2094 488 51 43 drone
234 1 2095 493 51 43 drone
235 1 2096 499 51 43 drone
236 1 2096 504 51 43 drone
237 1 2097 509 51 43 drone
238 1 2097 515 51 43 drone
239 1 2098 520 51 43 drone
240 1 2099 526 51 43 drone
241 1 2099 531 51 43 drone
242 1 2100 537 51 43 drone
243 1 2101 542 51 43 drone
244 1 2102 548 51 43 drone
245 1 2103 554 51 43 drone
246 1 2103 559 51 43 drone
247 1 2104 565 51 43 drone
248 1 2105 570 51 43 drone
249 1 2106 576 51 43 drone
250 1 2107 582 52 43 drone
251 1 2108 587 52 42 drone
252 1 2109 593 52 41 drone
253 1 2110 598 52 40 drone
254 1 2112 604 52 39 drone
255 1 2113 609 52 39 drone
256 1 2114 615 52 38 drone
257 1 2116 620 52 37 drone
258 1 2117 626 52 36 drone
259 1 2118 631 52 35 drone
260 1 2120 637 52 35 drone
261 1 2121 640 52 35 drone
262 1 2122 644 52 36 drone
263 1 2124 648 52 36 drone
264 1 2125 652 52 37 drone
265 1 2127 656 52 38 drone
266 1 2128 659 52 38 drone
267 1 2129 663 52 39 drone
268 1 2131 667 52 39 drone
269 1 2132 671 52 40 drone
270 1 2134 675 53 41 drone
271 1 2135 678 53 41 drone
272 1 2137 682 53 42 drone
273 1 2138 686 54 43 drone
274 1 2140 690 54 43 drone
275 1 2142 694 55 44 drone
276 1 2143 697 55 45 drone
277 1 2145 701 55 45 drone
278 1 2146 705 56 46 drone
279 1 2148 709 56 47 drone
280 1 2150 713 57 48 drone
281 1 2150 713 57 48 drone
282 1 2151 714 57 48 drone
283 1 2151 715 57 48 drone
284 1 2152 716 57 48 drone
285 1 2152 717 57 48 drone
286 1 2153 717 57 48 drone
287 1 2153 718 57 48 drone
288 1 2154 719 57 48 drone
289 1 2154 720 57 48 drone
290 1 2155 721 58 49 drone
291 1 2153 719 58 49 drone
292 1 2151 718 58 49 drone
293 1 2149 716 58 49 drone
294 1 2148 715 58 49 drone
295 1 2146 714 58 49 drone
296 1 2144 712 58 49 drone
297 1 2143 711 58 49 drone
298 1 2141 709 58 49 drone
299 1 2139 708 58 49 drone
300 1 2138 707 58 49 drone
301 1 2134 704 58 49 drone
302 1 2130 702 58 49 drone
303 1 2127 699 58 49 drone
304 1 2123 697 58 49 drone
305 1 2120 694 58 49 drone
306 1 2116 692 58 49 drone
307 1 2112 689 58 49 drone
308 1 2109 687 58 49 drone
309 1 2105 684 58 49 drone
310 1 2102 682 58 49 drone
311 1 2096 679 58 48 drone
312 1 2091 677 58 48 drone
313 1 2086 675 58 48 drone
314 1 2081 672 58 48 drone
315 1 2076 670 58 48 drone
316 1 2070 668 58 48 drone
317 1 2065 665 58 48 drone
318 1 2060 663 58 48 drone
319 1 2055 661 58 48 drone
320 1 2050 659 59 48 drone
321 1 2045 656 58 48 drone
322 1 2040 654 58 48 drone
323 1 2035 652 58 48 drone
324 1 2030 650 58 49 drone
325 1 2025 648 58 49 drone
326 1 2020 646 58 49 drone
327 1 2015 644 58 50 drone
328 1 2010 642 58 50 drone
329 1 2005 640 58 50 drone
330 1 2000 638 58 51 drone
331 1 1995 635 58 51 drone
332 1 1991 633 58 51 drone
333 1 1987 630 58 51 drone
334 1 1983 628 58 51 drone
335 1 1979 626 58 51 drone
336 1 1975 623 58 51 drone
337 1 1971 621 58 51 drone
338 1 1967 618 58 51 drone
339 1 1963 616 58 51 drone
340 1 1959 614 59 51 drone
341 1 1955 610 59 51 drone
342 1 1952 607 59 51 drone
343 1 1948 604 59 51 drone
344 1 1945 601 59 51 drone
345 1 1941 598 59 51 drone
346 1 1938 595 59 51 drone
347 1 1934 592 59 51 drone
348 1 1931 589 59 51 drone
349 1 1927 586 59 51 drone
350 1 1924 583 59 52 drone
351 1 1921 579 58 52 drone
352 1 1918 575 58 52 drone
353 1 1916 572 58 52 drone
354 1 1913 568 58 52 drone
355 1 1911 565 58 53 drone
356 1 1908 561 58 53 drone
357 1 1905 557 58 53 drone
358 1 1903 554 58 53 drone
359 1 1900 550 58 53 drone
360 1 1898 547 58 54 drone
361 1 1895 543 58 53 drone
362 1 1893 539 58 53 drone
363 1 1891 535 58 53 drone
364 1 1888 531 58 53 drone
365 1 1886 528 59 53 drone
366 1 1884 524 59 53 drone
367 1 1881 520 59 53 drone
368 1 1879 516 59 53 drone
369 1 1877 512 59 53 drone
370 1 1875 509 60 53 drone
371 1 1873 505 60 53 drone
372 1 1871 502 60 53 drone
373 1 1869 498 60 53 drone
374 1 1867 495 60 54 drone
375 1 1865 492 61 54 drone
376 1 1863 488 61 54 drone
377 1 1861 485 61 55 drone
378 1 1859 481 61 55 drone
379 1 1857 478 61 55 drone
380 1 1856 475 62 56 drone
381 1 1854 477 62 56 drone
382 1 1852 479 62 56 drone
383 1 1850 481 62 56 drone
384 1 1849 483 62 56 drone
385 1 1847 486 62 57 drone
386 1 1845 480 62 57 drone
387 1 1844 483 62 57 drone
388 1 1842 492 62 57 drone
389 1 1840 494 62 57 drone
390 1 1839 497 63 58 drone
391 1 1838 504 63 58 drone
392 1 1837 511 63 58 drone
393 1 1836 518 63 58 drone
394 1 1835 525 64 58 drone
395 1 1834 532 64 59 drone
396 1 1833 539 64 59 drone
397 1 1832 546 65 59 drone
398 1 1831 553 65 59 drone
399 1 1830 560 65 59 drone
400 1 1830 568 66 60 drone
401 1 1830 577 66 59 drone
402 1 1830 586 66 59 drone
403 1 1830 595 66 59 drone
404 1 1830 604 66 59 drone
405 1 1830 614 66 59 drone
406 1 1830 623 66 58 drone
407 1 1830 632 66 58 drone
408 1 1830 641 66 58 drone
409 1 1830 650 66 58 drone
410 1 1830 660 66 58 drone
411 1 1831 668 66 58 drone
412 1 1832 677 66 58 drone
413 1 1833 686 66 58 drone
414 1 1834 695 67 58 drone
415 1 1835 704 67 59 drone
416 1 1836 712 67 59 drone
417 1 1837 721 68 59 drone
418 1 1838 730 68 59 drone
419 1 1839 739 68 59 drone
420 1 1840 748 69 60 drone
421 1 1841 751 68 59 drone
422 1 1843 755 68 59 drone
423 1 1845 759 68 58 drone
424 1 1846 762 67 58 drone
425 1 1848 766 67 58 drone
426 1 1850 770 67 57 drone
427 1 1851 773 66 57 drone
428 1 1853 777 66 56 drone
429 1 1855 781 66 56 drone
430 1 1857 785 66 56 drone
431 1 1857 784 65 55 drone
432 1 1857 784 65 55 drone
433 1 1857 783 65 55 drone
434 1 1858 783 64 54 drone
435 1 1858 782 64 54 drone
436 1 1858 782 64 54 drone
437 1 1859 781 63 53 drone
438 1 1859 781 63 53 drone
439 1 1859 780 63 53 drone
440 1 1860 780 63 53 drone
441 1 1858 778 63 53 drone
442 1 1857 777 63 53 drone
443 1 1856 775 63 53 drone
444 1 1855 774 63 53 drone
445 1 1854 773 64 53 drone
446 1 1852 771 64 53 drone
447 1 1851 770 64 53 drone
448 1 1850 768 64 53 drone
449 1 1849 767 64 53 drone
450 1 1848 766 65 54 drone
451 1 1846 764 65 54 drone
452 1 1844 763 65 54 drone
453 1 1843 761 65 54 drone
454 1 1841 760 65 54 drone
455 1 1840 758 65 54 drone
456 1 1838 757 65 54 drone
457 1 1836 755 65 54 drone
458 1 1835 754 65 54 drone
459 1 1833 752 65 54 drone
460 1 1832 751 65 54 drone
461 1 1829 749 65 54 drone
462 1 1827 748 65 54 drone
463 1 1824 746 66 54 drone
464 1 1822 745 66 54 drone
465 1 1820 743 67 54 drone
466 1 1817 742 67 54 drone
467 1 1815 740 67 54 drone
468 1 1812 739 68 54 drone
469 1 1810 737 68 54 drone
470 1 1808 736 69 55 drone
471 1 1805 734 68 54 drone
472 1 1803 732 68 54 drone
473 1 1800 730 68 54 drone
474 1 1798 728 68 54 drone
475 1 1796 727 68 54 drone
476 1 1793 725 68 54 drone
477 1 1791 723 68 54 drone
478 1 1788 721 68 54 drone
479 1 1786 719 68 54 drone
480 1 1784 718 68 54 drone
481 1 1780 715 68 54 drone
482 1 1777 713 68 54 drone
483 1 1774 710 68 54 drone
484 1 1771 708 68 54 drone
485 1 1768 706 68 54 drone
486 1 1764 703 68 54 drone
487 1 1761 701 68 54 drone
488 1 1758 698 68 54 drone
489 1 1755 696 68 54 drone
490 1 1752 694 69 55 drone
491 1 1748 691 69 55 drone
492 1 1744 688 69 55 drone
493 1 1741 685 69 55 drone
494 1 1737 683 69 55 drone
495 1 1734 680 70 55 drone
496 1 1730 677 70 55 drone
497 1 1726 675 70 55 drone
498 1 1723 672 70 55 drone
499 1 1719 669 70 55 drone
500 1 1716 667 71 56 drone
501 1 1712 663 71 56 drone
502 1 1708 660 71 56 drone
503 1 1704 657 71 56 drone
504 1 1701 653 72 56 drone
505 1 1697 650 72 57 drone
506 1 1693 647 72 57 drone
507 1 1690 643 73 57 drone
508 1 1686 640 73 57 drone
509 1 1682 637 73 57 drone
510 1 1679 634 74 58 drone
511 1 1675 630 74 58 drone
512 1 1671 627 74 58 drone
513 1 1668 623 74 58 drone
514 1 1664 620 74 58 drone
515 1 1661 616 74 58 drone
516 1 1657 613 74 58 drone
517 1 1653 609 74 58 drone
518 1 1650 606 74 58 drone
519 1 1646 602 74 58 drone
520 1 1643 599 75 58 drone
521 1 1639 595 75 58 drone
522 1 1635 591 75 58 drone
523 1 1631 587 75 58 drone
524 1 1627 584 76 58 drone
525 1 1623 580 76 58 drone
526 1 1619 576 76 58 drone
527 1 1615 573 77 58 drone
528 1 1611 569 77 58 drone
529 1 1607 565 77 58 drone
530 1 1603 562 78 58 drone
531 1 1599 557 78 58 drone
532 1 1595 553 78 59 drone
533 1 1591 549 78 59 drone
534 1 1587 545 79 60 drone
535 1 1583 541 79 60 drone
536 1 1579 537 79 61 drone
537 1 1575 533 80 61 drone
538 1 1571 529 80 62 drone
539 1 1567 525 80 62 drone
540 1 1563 521 81 63 drone
541 1 1559 517 81 63 drone
542 1 1555 513 81 63 drone
543 1 1551 509 81 63 drone
544 1 1547 505 81 63 drone
545 1 1543 501 81 63 drone
546 1 1539 497 81 63 drone
547 1 1535 493 81 63 drone
548 1 1531 489 81 63 drone
549 1 1527 485 81 63 drone
550 1 1524 481 82 64 drone
551 1 1520 476 82 64 drone
552 1 1517 472 82 64 drone
553 1 1514 468 82 64 drone
554 1 1511 464 82 64 drone
555 1 1508 460 82 64 drone
556 1 1504 456 82 64 drone
557 1 1501 452 82 64 drone
558 1 1498 448 82 64 drone
559 1 1495 444 82 64 drone
560 1 1492 440 82 65 drone
561 1 1491 435 82 65 drone
562 1 1490 431 82 65 drone
563 1 1489 427 82 65 drone
564 1 1488 423 83 66 drone
565 1 1487 419 83 66 drone
566 1 1486 415 83 66 drone
567 1 1485 411 84 67 drone
568 1 1484 407 84 67 drone
569 1 1483 403 84 67 drone
570 1 1483 399 85 68 drone
571 1 1483 395 85 68 drone
572 1 1483 392 85 68 drone
573 1 1483 388 85 68 drone
574 1 1484 385 85 68 drone
575 1 1484 381 85 68 drone
576 1 1484 378 85 68 drone
577 1 1485 374 85 68 drone
578 1 1485 371 85 68 drone
579 1 1485 367 85 68 drone
580 1 1486 364 86 69 drone
581 1 1488 360 86 69 drone
582 1 1491 357 86 69 drone
583 1 1493 354 86 69 drone
584 1 1496 350 86 69 drone
585 1 1499 347 87 70 drone
586 1 1501 344 87 70 drone
587 1 1504 340 87 70 drone
588 1 1506 337 87 70 drone
589 1 1509 334 87 70 drone
590 1 1512 331 88 71 drone
591 1 1515 328 88 71 drone
592 1 1519 325 88 71 drone
593 1 1522 323 88 72 drone
594 1 1526 320 88 72 drone
595 1 1529 318 89 73 drone
596 1 1533 315 89 73 drone
597 1 1536 312 89 73 drone
598 1 1540 310 89 74 drone
599 1 1543 307 89 74 drone
600 1 1547 305 90 75 drone
601 1 1549 304 89 74 drone
602 1 1551 304 89 74 drone
603 1 1553 304 89 74 drone
604 1 1555 304 89 74 drone
605 1 1557 304 89 74 drone
606 1 1559 304 89 73 drone
607 1 1561 304 89 73 drone
608 1 1563 304 89 73 drone
609 1 1565 304 89 73 drone
610 1 1568 304 89 73 drone
611 1 1569 311 89 73 drone
612 1 1570 319 89 73 drone
613 1 1571 326 89 73 drone
614 1 1572 334 89 73 drone
615 1 1573 341 89 73 drone
616 1 1574 349 89 73 drone
617 1 1575 356 89 73 drone
618 1 1576 364 89 73 drone
619 1 1577 371 89 73 drone
620 1 1579 379 90 73 drone
621 1 1579 389 90 73 drone
622 1 1580 400 90 73 drone
623 1 1580 411 90 73 drone
624 1 1581 422 90 73 drone
625 1 1582 433 90 73 drone
626 1 1582 444 90 73 drone
627 1 1583 455 90 73 drone
628 1 1583 466 90 73 drone
629 1 1584 477 90 73 drone
630 1 1585 488 90 73 drone
631 1 1585 498 90 73 drone
632 1 1586 508 90 73 drone
633 1 1587 518 90 73 drone
634 1 1587 528 91 73 drone
635 1 1588 539 91 73 drone
636 1 1589 549 91 73 drone
637 1 1589 559 92 73 drone
638 1 1590 569 92 73 drone
639 1 1591 579 92 73 drone
640 1 1592 590 93 73 drone
641 1 1593 597 92 72 drone
642 1 1594 604 92 72 drone
643 1 1595 611 92 72 drone
644 1 1596 618 92 72 drone
645 1 1597 625 92 72 drone
646 1 1598 632 92 71 drone
647 1 1599 639 92 71 drone
648 1 1600 646 92 71 drone
649 1 1601 653 92 71 drone
650 1 1602 660 92 71 drone
651 1 1602 662 91 71 drone
652 1 1603 665 91 71 drone
653 1 1604 667 91 71 drone
654 1 1605 670 91 71 drone
655 1 1606 673 91 72 drone
656 1 1607 675 91 72 drone
657 1 1608 678 91 72 drone
658 1 1609 680 91 72 drone
659 1 1610 683 91 72 drone
660 1 1611 686 91 73 drone
661 1 1611 688 90 72 drone
662 1 1612 690 90 72 drone
663 1 1613 692 90 72 drone
664 1 1614 694 89 72 drone
665 1 1615 696 89 72 drone
666 1 1615 698 89 72 drone
667 1 1616 700 88 72 drone
668 1 1617 702 88 72 drone
669 1 1618 704 88 72 drone
670 1 1619 706 88 72 drone
671 1 1619 706 88 71 drone
672 1 1620 707 88 71 drone
673 1 1620 707 88 71 drone
674 1 1621 708 88 71 drone
675 1 1622 708 88 71 drone
676 1 1622 709 88 71 drone
677 1 1623 709 88 71 drone
678 1 1623 710 88 71 drone
679 1 1624 710 88 71 drone
680 1 1625 711 88 71 drone
681 1 1624 710 87 70 drone
682 1 1624 709 87 70 drone
683 1 1624 708 87 70 drone
684 1 1624 707 87 70 drone
685 1 1624 707 87 70 drone
686 1 1624 706 87 69 drone
687 1 1624 705 87 69 drone
688 1 1624 704 87 69 drone
689 1 1624 703 87 69 drone
690 1 1624 703 87 69 drone
691 1 1622 700 87 69 drone
692 1 1621 698 87 69 drone
693 1 1620 696 87 69 drone
694 1 1619 694 87 69 drone
695 1 1618 692 88 70 drone
696 1 1617 689 88 70 drone
697 1 1616 687 88 70 drone
698 1 1615 685 88 70 drone
699 1 1614 683 88 70 drone
700 1 1613 681 89 71 drone
701 1 1610 677 89 71 drone
702 1 1608 674 89 71 drone
703 1 1606 671 89 71 drone
704 1 1604 667 90 72 drone
705 1 1602 664 90 72 drone
706 1 1600 661 90 72 drone
707 1 1598 657 91 73 drone
708 1 1596 654 91 73 drone
709 1 1594 651 91 73 drone
710 1 1592 648 92 74 drone
711 1 1589 643 92 73 drone
712 1 1586 638 92 73 drone
713 1 1583 634 92 73 drone
714 1 1580 629 92 73 drone
715 1 1578 625 92 73 drone
716 1 1575 620 92 73 drone
717 1 1572 615 92 73 drone
718 1 1569 611 92 73 drone
719 1 1566 606 92 73 drone
720 1 1564 602 93 73 drone
721 1 1560 596 93 73 drone
722 1 1557 591 93 73 drone
723 1 1553 586 93 73 drone
724 1 1550 580 93 73 drone
725 1 1547 575 94 73 drone
726 1 1543 570 94 73 drone
727 1 1540 564 94 73 drone
728 1 1536 559 94 73 drone
729 1 1533 554 94 73 drone
730 1 1530 549 95 74 drone
731 1 1525 543 95 74 drone
732 1 1521 537 95 75 drone
733 1 1517 531 96 75 drone
734 1 1513 525 96 76 drone
735 1 1509 519 97 76 drone
736 1 1504 513 97 77 drone
737 1 1500 507 97 77 drone
738 1 1496 501 98 78 drone
739 1 1492 495 98 78 drone
740 1 1488 489 99 79 drone
741 1 1483 483 99 79 drone
742 1 1479 477 99 79 drone
743 1 1475 472 100 79 drone
744 1 1471 466 100 79 drone
745 1 1467 461 101 80 drone
746 1 1462 455 101 80 drone
747 1 1458 449 101 80 drone
748 1 1454 444 102 80 drone
749 1 1450 438 102 80 drone
750 1 1446 433 103 81 drone
751 1 1442 427 103 81 drone
752 1 1438 422 103 81 drone
753 1 1434 416 103 81 drone
754 1 1430 411 103 82 drone
755 1 1426 406 104 82 drone
756 1 1422 400 104 82 drone
757 1 1418 395 104 83 drone
758 1 1414 389 104 83 drone
759 1 1410 384 104 83 drone
760 1 1406 379 105 84 drone
761 1 1401 374 105 84 drone
762 1 1397 369 105 84 drone
763 1 1393 364 106 84 drone
764 1 1388 360 106 85 drone
765 1 1384 355 107 85 drone
766 1 1380 350 107 85 drone
767 1 1375 346 107 86 drone
768 1 1371 341 108 86 drone
769 1 1367 336 108 86 drone
770 1 1363 332 109 87 drone
771 1 1359 327 109 87 drone
772 1 1356 323 109 87 drone
773 1 1353 318 109 88 drone
774 1 1350 314 109 88 drone
775 1 1347 309 109 89 drone
776 1 1343 305 109 89 drone
777 1 1340 300 109 89 drone
778 1 1337 296 109 90 drone
779 1 1334 291 109 90 drone
780 1 1331 287 109 91 drone
781 1 1329 283 108 91 drone
782 1 1327 279 107 92 drone
783 1 1325 276 106 93 drone
784 1 1323 272 105 94 drone
785 1 1322 269 104 95 drone
786 1 1320 265 103 95 drone
787 1 1318 261 102 96 drone
788 1 1316 258 101 97 drone
789 1 1314 254 100 98 drone
790 1 1313 251 99 99 drone
791 1 1311 248 100 99 drone
792 1 1309 246 102 99 drone
793 1 1307 243 104 100 drone
794 1 1305 241 105 100 drone
795 1 1303 239 107 101 drone
796 1 1301 236 109 101 drone
797 1 1299 234 110 101 drone
798 1 1297 231 112 102 drone
799 1 1295 229 114 102 drone
800 1 1293 227 116 103 drone
801 1 1292 225 117 103 drone
802 1 1291 224 118 104 drone
803 1 1291 223 119 104 drone
804 1 1290 222 120 105 drone
805 1 1290 221 121 105 drone
806 1 1289 219 122 106 drone
807 1 1288 218 123 106 drone
808 1 1288 217 124 107 drone
809 1 1287 216 125 107 drone
810 1 1287 215 126 108 drone
811 1 1288 215 126 108 drone
812 1 1289 215 126 108 drone
813 1 1290 215 126 108 drone
814 1 1291 215 126 108 drone
815 1 1293 215 126 108 drone
816 1 1294 215 126 108 drone
817 1 1295 215 126 108 drone
818 1 1296 215 126 108 drone
819 1 1297 215 126 108 drone
820 1 1299 215 127 109 drone
821 1 1301 216 126 107 drone
822 1 1304 218 125 106 drone
823 1 1307 219 124 105 drone
824 1 1310 221 123 104 drone
825 1 1313 222 122 103 drone
826 1 1315 224 121 102 drone
827 1 1318 225 120 101 drone
828 1 1321 227 119 100 drone
829 1 1324 228 118 99 drone
830 1 1327 230 117 98 drone
831 1 1330 231 115 98 drone
832 1 1333 233 114 98 drone
833 1 1336 235 112 98 drone
834 1 1339 236 111 98 drone
835 1 1343 238 109 98 drone
836 1 1346 240 108 98 drone
837 1 1349 241 106 98 drone
838 1 1352 243 105 98 drone
839 1 1355 245 103 98 drone
840 1 1359 247 102 98 drone
841 1 1360 249 102 98 drone
842 1 1362 251 102 98 drone
843 1 1363 253 102 98 drone
844 1 1365 255 103 98 drone
845 1 1367 257 103 98 drone
846 1 1368 259 103 98 drone
847 1 1370 261 104 98 drone
848 1 1371 263 104 98 drone
849 1 1373 265 104 98 drone
850 1 1375 267 105 98 drone
851 1 1375 268 105 97 drone
852 1 1375 270 106 97 drone
853 1 1375 272 107 97 drone
854 1 1375 274 108 97 drone
855 1 1375 276 109 97 drone
856 1 1375 278 110 97 drone
857 1 1375 280 111 97 drone
858 1 1375 282 112 97 drone
859 1 1375 284 113 97 drone
860 1 1375 286 114 97 drone
861 1 1374 287 114 97 drone
862 1 1373 288 115 97 drone
863 1 1372 289 115 97 drone
864 1 1371 291 116 97 drone
865 1 1370 292 116 97 drone
866 1 1369 293 117 97 drone
867 1 1368 295 117 97 drone
868 1 1367 296 118 97 drone
869 1 1366 297 118 97 drone
870 1 1366 299 119 97 drone
871 1 1364 300 119 96 drone
872 1 1362 302 119 96 drone
873 1 1360 303 119 96 drone
874 1 1358 305 119 96 drone
875 1 1356 306 119 96 drone
876 1 1354 308 119 96 drone
877 1 1352 309 119 96 drone
878 1 1350 311 119 96 drone
879 1 1348 312 119 96 drone
880 1 1346 314 120 96 drone
881 1 1343 314 119 95 drone
882 1 1340 315 119 95 drone
883 1 1337 315 119 95 drone
884 1 1334 316 119 94 drone
885 1 1331 316 119 94 drone
886 1 1328 317 119 94 drone
887 1 1325 317 119 93 drone
888 1 1322 318 119 93 drone
889 1 1319 318 119 93 drone
890 1 1316 319 119 93 drone
891 1 1311 318 118 93 drone
892 1 1306 317 118 93 drone
893 1 1301 316 118 93 drone
894 1 1296 315 118 93 drone
895 1 1292 315 118 94 drone
896 1 1287 314 118 94 drone
897 1 1282 313 118 94 drone
898 1 1277 312 118 94 drone
899 1 1272 311 118 94 drone
900 1 1268 311 118 95 drone
901 1 1263 310 118 95 drone
902 1 1259 309 118 96 drone
903 1 1254 308 118 97 drone
904 1 1250 307 119 98 drone
905 1 1245 307 119 99 drone
906 1 1241 306 119 99 drone
907 1 1236 305 120 100 drone
908 1 1232 304 120 101 drone
909 1 1227 303 120 102 drone
910 1 1223 303 121 103 drone
911 1 1216 305 120 102 drone
912 1 1209 307 120 101 drone
913 1 1202 309 120 100 drone
914 1 1196 311 120 99 drone
915 1 1189 313 120 98 drone
916 1 1182 315 120 97 drone
917 1 1176 317 120 96 drone
918 1 1169 319 120 95 drone
919 1 1162 321 120 94 drone
920 1 1156 323 120 94 drone
921 1 1150 325 119 93 drone
922 1 1145 327 118 92 drone
923 1 1140 330 117 91 drone
924 1 1134 332 116 90 drone
925 1 1129 335 116 89 drone
926 1 1124 337 115 88 drone
927 1 1118 339 114 87 drone
928 1 1113 342 113 86 drone
929 1 1108 344 112 85 drone
930 1 1103 347 112 85 drone
931 1 1101 349 110 85 drone
932 1 1099 352 108 86 drone
933 1 1097 354 106 86 drone
934 1 1095 357 104 87 drone
935 1 1094 359 102 87 drone
936 1 1092 362 100 88 drone
937 1 1090 364 98 88 drone
938 1 1088 367 96 89 drone
939 1 1086 369 94 89 drone
940 1 1085 372 93 90 drone
941 1 1082 374 95 89 drone
942 1 1079 376 97 89 drone
943 1 1076 378 99 89 drone
944 1 1073 380 101 89 drone
945 1 1071 382 103 89 drone
946 1 1068 384 105 88 drone
947 1 1065 386 107 88 drone
948 1 1062 388 109 88 drone
949 1 1059 390 111 88 drone
950 1 1057 393 114 88 drone
951 1 1055 395 114 87 drone
952 1 1053 397 114 87 drone
953 1 1051 399 114 86 drone
954 1 1050 401 115 86 drone
955 1 1048 403 115 86 drone
956 1 1046 405 115 85 drone
957 1 1045 407 116 85 drone
958 1 1043 409 116 84 drone
959 1 1041 411 116 84 drone
960 1 1040 414 117 84 drone
961 1 1038 413 115 83 drone
962 1 1037 413 114 83 drone
963 1 1036 413 112 83 drone
964 1 1035 413 111 83 drone
965 1 1034 413 109 83 drone
966 1 1033 413 108 82 drone
967 1 1032 413 106 82 drone
968 1 1031 413 105 82 drone
969 1 1030 413 103 82 drone
970 1 1029 413 102 82 drone
971 1 1026 410 101 82 drone
972 1 1024 408 100 82 drone
973 1 1022 405 100 82 drone
974 1 1020 403 99 83 drone
975 1 1018 400 99 83 drone
976 1 1016 398 98 83 drone
977 1 1014 395 97 84 drone
978 1 1012 393 97 84 drone
979 1 1010 390 96 84 drone
980 1 1008 388 96 85 drone
981 1 1005 384 98 85 drone
982 1 1002 380 100 86 drone
983 1 999 377 102 86 drone
984 1 996 373 104 87 drone
985 1 994 370 106 88 drone
986 1 991 366 108 88 drone
987 1 988 362 110 89 drone
988 1 985 359 112 89 drone
989 1 982 355 114 90 drone
990 1 980 352 116 91 drone
991 1 979 346 116 91 drone
992 1 979 340 117 91 drone
993 1 978 335 118 92 drone
994 1 978 329 119 92 drone
995 1 978 324 120 93 drone
996 1 977 318 121 93 drone
997 1 977 312 122 93 drone
998 1 976 307 123 94 drone
999 1 976 301 124 94 drone
1000 1 976 296 125 95 drone
1001 1 977 293 125 96 drone
1002 1 978 290 126 98 drone
1003 1 979 287 127 100 drone
1004 1 980 284 127 101 drone
1005 1 982 281 128 103 drone
1006 1 983 278 129 105 drone
1007 1 984 275 129 106 drone
1008 1 985 272 130 108 drone
1009 1 986 269 131 110 drone
1010 1 988 267 132 112 drone
1011 1 988 275 132 112 drone
1012 1 988 283 133 113 drone
1013 1 988 291 134 113 drone
1014 1 988 299 134 114 drone
1015 1 989 307 135 115 drone
1016 1 989 315 136 115 drone
1017 1 989 323 136 116 drone
1018 1 989 331 137 116 drone
1019 1 989 339 138 117 drone
1020 1 990 347 139 118 drone
1021 1 989 361 139 117 drone
1022 1 988 375 140 117 drone
1023 1 987 389 141 116 drone
1024 1 987 403 141 116 drone
1025 1 986 417 142 115 drone
1026 1 985 431 143 115 drone
1027 1 985 445 143 114 drone
1028 1 984 459 144 114 drone
1029 1 983 473 145 113 drone
1030 1 983 487 146 113 drone
1031 1 983 497 146 112 drone
1032 1 983 508 146 111 drone
1033 1 983 519 146 111 drone
1034 1 983 542 146 110 drone
1035 1 983 551 146 110 drone
1036 1 981 568 146 109 drone
1037 1 983 575 146 108 drone
1038 1 983 574 146 108 drone
1039 1 983 589 146 107 drone
1040 1 983 596 146 107 drone
1041 1 984 598 146 107 drone
1042 1 986 601 146 107 drone
1043 1 988 604 146 107 drone
1044 1 990 607 146 107 drone
1045 1 992 610 146 107 drone
1046 1 993 612 146 107 drone
1047 1 995 615 146 107 drone
1048 1 997 618 146 107 drone
1049 1 999 621 146 107 drone
1050 1 1001 624 146 107 drone
1051 1 1002 631 146 107 drone
1052 1 1004 639 146 107 drone
1053 1 1006 647 146 107 drone
1054 1 1008 655 146 107 drone
1055 1 1010 663 146 108 drone
1056 1 1012 671 146 108 drone
1057 1 1014 679 146 108 drone
1058 1 1016 687 146 108 drone
1059 1 1018 695 146 108 drone
1060 1 1020 703 146 109 drone
1061 1 1020 714 146 109 drone
1062 1 1020 725 146 109 drone
1063 1 1020 736 146 109 drone
1064 1 1020 747 147 109 drone
1065 1 1020 759 147 109 drone
1066 1 1020 770 147 109 drone
1067 1 1020 781 148 109 drone
1068 1 1020 792 148 109 drone
1069 1 1020 803 148 109 drone
1070 1 1021 815 149 109 drone
1071 1 1019 826 149 108 drone
1072 1 1017 837 149 108 drone
1073 1 1015 848 149 108 drone
1074 1 1013 860 150 107 drone
1075 1 1012 871 150 107 drone
1076 1 1010 882 150 107 drone
1077 1 1008 894 151 106 drone
1078 1 1006 905 151 106 drone
1079 1 1004 916 151 106 drone
1080 1 1003 928 152 106 drone
1081 1 999 934 152 105 drone
1082 1 996 941 153 105 drone
1083 1 992 956 154 105 drone
1084 1 989 964 154 105 drone
1085 1 983 971 155 105 drone
1086 1 982 968 156 104 drone
1087 1 978 974 156 104 drone
1088 1 975 981 157 104 drone
1089 1 971 988 158 104 drone
1090 1 968 995 159 104 drone
1091 1 965 995 159 103 drone
1092 1 963 996 160 103 drone
1093 1 961 996 160 103 drone
1094 1 959 997 161 102 drone
1095 1 957 997 161 102 drone
1096 1 955 998 162 102 drone
1097 1 953 998 162 101 drone
1098 1 951 999 163 101 drone
1099 1 949 999 163 101 drone
1100 1 947 1000 164 101 drone
1101 1 945 998 164 101 drone
1102 1 944 997 164 101 drone
1103 1 943 996 164 101 drone
1104 1 942 995 165 101 drone
1105 1 941 994 165 102 drone
1106 1 940 993 165 102 drone
1107 1 939 992 166 102 drone
1108 1 938 991 166 102 drone
1109 1 937 990 166 102 drone
1110 1 936 989 167 103 drone
1111 1 935 987 167 102 drone
1112 1 934 986 167 102 drone
1113 1 933 984 167 102 drone
1114 1 932 983 167 102 drone
1115 1 931 982 167 102 drone
1116 1 930 980 167 102 drone
1117 1 929 979 167 102 drone
1118 1 928 977 167 102 drone
1119 1 927 976 167 102 drone
1120 1 926 975 167 102 drone
1121 1 924 973 167 102 drone
1122 1 923 971 167 102 drone
1123 1 921 969 167 102 drone
1124 1 920 967 167 102 drone
1125 1 918 965 167 102 drone
1126 1 917 963 167 102 drone
1127 1 915 961 167 102 drone
1128 1 914 959 167 102 drone
1129 1 912 957 167 102 drone
1130 1 911 955 167 102 drone
1131 1 909 952 165 102 drone
1132 1 908 950 163 103 drone
1133 1 907 948 161 103 drone
1134 1 906 946 159 104 drone
1135 1 905 944 158 105 drone
1136 1 904 942 156 105 drone
1137 1 903 940 154 106 drone
1138 1 902 938 152 106 drone
1139 1 901 936 150 107 drone
1140 1 900 934 149 108 drone
1141 1 900 932 147 108 drone
1142 1 901 931 145 108 drone
1143 1 902 929 143 108 drone
1144 1 902 928 142 109 drone
1145 1 903 927 140 109 drone
1146 1 904 925 138 109 drone
1147 1 904 924 137 110 drone
1148 1 905 922 135 110 drone
1149 1 906 921 133 110 drone
1150 1 907 920 132 111 drone
1151 1 908 919 132 111 drone
1152 1 909 918 133 111 drone
1153 1 910 917 133 111 drone
1154 1 912 917 134 111 drone
1155 1 913 916 134 111 drone
1156 1 914 915 135 111 drone
1157 1 916 915 135 111 drone
1158 1 917 914 136 111 drone
1159 1 918 913 136 111 drone
1160 1 920 913 137 111 drone
1161 1 921 912 138 110 drone
1162 1 922 912 139 110 drone
1163 1 924 912 140 110 drone
1164 1 925 912 141 110 drone
1165 1 927 912 143 110 drone
1166 1 928 911 144 110 drone
1167 1 929 911 145 110 drone
1168 1 931 911 146 110 drone
1169 1 932 911 147 110 drone
1170 1 934 911 149 110 drone
1171 1 936 911 149 110 drone
1172 1 938 911 150 110 drone
1173 1 940 911 150 110 drone
1174 1 942 911 151 110 drone
1175 1 944 912 152 111 drone
1176 1 946 912 152 111 drone
1177 1 948 912 153 111 drone
1178 1 950 912 153 111 drone
1179 1 952 912 154 111 drone
1180 1 955 913 155 112 drone
1181 1 957 914 155 112 drone
1182 1 960 915 155 112 drone
1183 1 963 916 155 112 drone
1184 1 966 917 155 112 drone
1185 1 969 918 156 112 drone
1186 1 972 919 156 112 drone
1187 1 975 920 156 112 drone
1188 1 978 921 156 112 drone
1189 1 981 922 156 112 drone
1190 1 984 923 157 112 drone
1191 1 987 925 156 111 drone
1192 1 990 927 156 110 drone
1193 1 993 929 156 109 drone
1194 1 996 931 155 109 drone
1195 1 999 933 155 108 drone
1196 1 1002 935 155 107 drone
1197 1 1005 937 154 107 drone
1198 1 1008 939 154 106 drone
1199 1 1011 941 154 105 drone
1200 1 1014 943 154 105 drone
1201 1 1016 945 151 105 drone
1202 1 1018 948 149 105 drone
1203 1 1021 950 146 105 drone
1204 1 1023 953 144 105 drone
1205 1 1026 955 142 105 drone
1206 1 1028 958 139 105 drone
1207 1 1030 960 137 105 drone
1208 1 1033 963 134 105 drone
1209 1 1035 965 132 105 drone
1210 1 1038 968 130 106 drone
1211 1 1037 971 131 106 drone
1212 1 1037 974 133 106 drone
1213 1 1036 977 135 106 drone
1214 1 1036 980 136 106 drone
1215 1 1036 984 138 106 drone
1216 1 1035 987 140 106 drone
1217 1 1035 990 141 106 drone
1218 1 1034 993 143 106 drone
1219 1 1034 996 145 106 drone
1220 1 1034 1000 147 107 drone
1221 1 1032 1002 148 107 drone
1222 1 1031 1005 150 107 drone
1223 1 1030 1008 151 107 drone
1224 1 1029 1011 153 107 drone
1225 1 1028 1014 154 107 drone
1226 1 1027 1017 156 107 drone
1227 1 1026 1020 157 107 drone
1228 1 1025 1023 159 107 drone
1229 1 1024 1026 160 107 drone
1230 1 1023 1029 162 107 drone
1231 1 1021 1031 162 106 drone
1232 1 1020 1033 162 106 drone
1233 1 1018 1035 162 105 drone
1234 1 1017 1037 162 105 drone
1235 1 1015 1040 162 105 drone
1236 1 1014 1042 162 104 drone
1237 1 1012 1044 162 104 drone
1238 1 1011 1046 162 103 drone
1239 1 1009 1048 162 103 drone
1240 1 1008 1051 162 103 drone
1241 1 1005 1049 161 102 drone
1242 1 1003 1048 160 102 drone
1243 1 1001 1046 159 102 drone
1244 1 999 1045 158 102 drone
1245 1 997 1044 158 102 drone
1246 1 994 1042 157 102 drone
1247 1 992 1041 156 102 drone
1248 1 990 1039 155 102 drone
1249 1 988 1038 154 102 drone
1250 1 986 1037 154 102 drone
1251 1 983 1024 153 102 drone
1252 1 981 1012 152 102 drone
1253 1 978 1000 151 102 drone
1254 1 976 988 150 102 drone
1255 1 973 976 149 103 drone
1256 1 971 963 148 103 drone
1257 1 968 951 147 103 drone
1258 1 966 939 146 103 drone
1259 1 963 927 145 103 drone
1260 1 961 915 144 104 drone
1261 1 957 898 144 103 drone
1262 1 954 882 144 103 drone
1263 1 951 866 145 103 drone
1264 1 947 850 145 103 drone
1265 1 944 834 146 103 drone
1266 1 941 817 146 103 drone
1267 1 937 801 146 103 drone
1268 1 934 785 147 103 drone
1269 1 931 769 147 103 drone
1270 1 928 753 148 103 drone
1271 1 926 736 146 102 drone
1272 1 925 719 145 102 drone
1273 1 924 702 144 101 drone
1274 1 922 686 142 101 drone
1275 1 921 669 141 100 drone
1276 1 920 652 140 100 drone
1277 1 918 636 138 99 drone
1278 1 917 619 137 99 drone
1279 1 916 602 136 98 drone
1280 1 915 586 135 98 drone
1281 1 913 568 134 98 drone
1282 1 911 550 134 98 drone
1283 1 909 532 134 98 drone
1284 1 907 514 133 98 drone
1285 1 905 496 133 99 drone
1286 1 903 478 133 99 drone
1287 1 901 460 132 99 drone
1288 1 899 442 132 99 drone
1289 1 897 424 132 99 drone
1290 1 896 407 132 100 drone
1291 1 898 388 131 100 drone
1292 1 900 370 130 101 drone
1293 1 903 351 129 102 drone
1294 1 905 333 128 102 drone
1295 1 908 315 127 103 drone
1296 1 910 296 126 104 drone
1297 1 912 278 125 104 drone
1298 1 915 259 124 105 drone
1299 1 917 241 123 106 drone
1300 1 920 223 122 107 drone
1301 1 926 204 121 107 drone
1302 1 933 186 121 107 drone
1303 1 940 168 121 107 drone
1304 1 947 149 120 108 drone
1305 1 954 131 120 108 drone
1306 1 960 113 120 108 drone
1307 1 967 94 119 109 drone
1308 1 974 76 119 109 drone
1309 1 981 58 119 109 drone
1310 1 988 40 119 110 drone
1311 1 990 22 143 112 drone
1312 1 1009 14 118 95 drone
1313 1 1020 -6 121 104 drone
1314 1 1043 -14 107 81 drone
1315 1 1057 -6 98 64 drone
1316 0
1317 0
1318 0
1319 0
1320 0
1321 0
1322 0
1323 0
1324 0
1325 0
1326 0
1327 0
1328 0
1329 0
1330 0
1331 0
1332 0
1333 0
1334 0
1335 0
1336 0
1337 0
1338 0
1339 0
1340 0
1341 0
1342 0
1343 0
1344 0
1345 0
1346 0
1347 0
1348 0
1349 0
1350 0
1351 0
1352 0
1353 0
1354 0
1355 0
1356 0
1357 0
1358 0
1359 0
1360 0
1361 0
1362 0
1363 0
1364 0
1365 0
1366 0
1367 0
1368 0
1369 0
1370 0
1371 0
1372 0
1373 0
1374 0
1375 0
1376 0
1377 0
1378 0
1379 0
1380 0
1381 0
1382 0
1383 0
1384 0
1385 0
1386 0
1387 0
1388 0
1389 0
1390 0
1391 0
1392 0
1393 1 1373 -2 98 55 drone
1394 1 1376 -1 101 62 drone
1395 1 1378 -1 105 69 drone
1396 1 1381 0 108 76 drone
1397 1 1383 0 111 83 drone
1398 1 1386 0 114 90 drone
1399 1 1388 1 117 97 drone
1400 1 1391 2 121 105 drone
1401 1 1398 11 120 104 drone
1402 1 1405 20 119 103 drone
1403 1 1412 29 118 103 drone
1404 1 1419 38 117 102 drone
1405 1 1427 47 116 102 drone
1406 1 1434 56 115 101 drone
1407 1 1441 65 114 100 drone
1408 1 1448 74 113 100 drone
1409 1 1455 83 112 99 drone
1410 1 1463 92 112 99 drone
1411 1 1471 101 111 98 drone
1412 1 1479 111 111 97 drone
1413 1 1487 121 111 96 drone
1414 1 1495 131 110 96 drone
1415 1 1503 141 110 95 drone
1416 1 1511 151 110 94 drone
1417 1 1519 161 109 94 drone
1418 1 1527 171 109 93 drone
1419 1 1535 181 109 92 drone
1420 1 1544 191 109 92 drone
1421 1 1553 201 108 91 drone
1422 1 1562 211 107 90 drone
1423 1 1571 221 106 89 drone
1424 1 1580 231 105 89 drone
1425 1 1589 241 104 88 drone
1426 1 1598 251 103 87 drone
1427 1 1607 261 102 87 drone
1428 1 1616 271 101 86 drone
1429 1 1625 281 100 85 drone
1430 1 1635 291 100 85 drone
1431 1 1643 300 99 84 drone
1432 1 1651 309 99 84 drone
1433 1 1659 318 99 84 drone
1434 1 1668 327 99 83 drone
1435 1 1676 337 99 83 drone
1436 1 1684 346 98 83 drone
1437 1 1693 355 98 82 drone
1438 1 1701 364 98 82 drone
1439 1 1709 373 98 82 drone
1440 1 1718 383 98 82 drone
1441 1 1725 391 97 81 drone
1442 1 1733 400 96 80 drone
1443 1 1741 409 95 79 drone
1444 1 1748 418 95 78 drone
1445 1 1756 427 94 77 drone
1446 1 1764 436 93 76 drone
1447 1 1771 445 93 75 drone
1448 1 1779 454 92 74 drone
1449 1 1787 463 91 73 drone
1450 1 1795 472 91 73 drone
1451 1 1802 479 90 72 drone
1452 1 1809 487 90 72 drone
1453 1 1816 494 89 72 drone
1454 1 1823 502 89 71 drone
1455 1 1830 510 88 71 drone
1456 1 1837 517 88 71 drone
1457 1 1844 525 87 70 drone
1458 1 1851 532 87 70 drone
1459 1 1858 540 86 70 drone
1460 1 1866 548 86 70 drone
1461 1 1872 555 85 70 drone
1462 1 1878 562 85 70 drone
1463 1 1884 569 85 70 drone
1464 1 1890 576 85 70 drone
1465 1 1897 584 85 70 drone
1466 1 1903 591 85 70 drone
1467 1 1909 598 85 70 drone
1468 1 1915 605 85 70 drone
1469 1 1921 612 85 70 drone
1470 1 1928 620 85 70 drone
1471 1 1933 626 84 69 drone
1472 1 1939 632 84 69 drone
1473 1 1945 638 84 68 drone
1474 1 1951 645 84 68 drone
1475 1 1957 651 84 67 drone
1476 1 1963 657 83 67 drone
1477 1 1969 664 83 66 drone
1478 1 1975 670 83 66 drone
1479 1 1981 676 83 65 drone
1480 1 1987 683 83 65 drone
1481 1 1992 686 82 64 drone
1482 1 1997 690 81 64 drone
1483 1 2002 694 80 64 drone
1484 1 2008 698 80 63 drone
1485 1 2013 702 79 63 drone
1486 1 2018 706 78 63 drone
1487 1 2024 710 78 62 drone
1488 1 2029 714 77 62 drone
1489 1 2034 718 76 62 drone
1490 1 2040 722 76 62 drone
1491 1 2044 721 75 61 drone
1492 1 2049 720 75 61 drone
1493 1 2053 719 75 60 drone
1494 1 2058 718 75 60 drone
1495 1 2063 717 75 60 drone
1496 1 2067 716 75 59 drone
1497 1 2072 715 75 59 drone
1498 1 2076 714 75 58 drone
1499 1 2081 713 75 58 drone
1500 1 2086 713 75 58 drone
1501 1 2090 712 74 58 drone
1502 1 2094 711 74 58 drone
1503 1 2098 711 73 58 drone
1504 1 2102 710 73 58 drone
1505 1 2107 710 72 58 drone
1506 1 2111 709 72 58 drone
1507 1 2115 708 71 58 drone
1508 1 2119 708 71 58 drone
1509 1 2123 707 70 58 drone
1510 1 2128 707 70 58 drone
1511 1 2132 708 69 57 drone
1512 1 2136 709 69 57 drone
1513 1 2140 710 69 57 drone
1514 1 2144 711 69 57 drone
1515 1 2148 712 69 57 drone
1516 1 2152 713 68 57 drone
1517 1 2156 714 68 57 drone
1518 1 2160 715 68 57 drone
1519 1 2164 716 68 57 drone
1520 1 2168 718 68 57 drone
1521 1 2170 721 67 57 drone
1522 1 2172 724 66 57 drone
1523 1 2175 727 66 57 drone
1524 1 2177 730 65 57 drone
1525 1 2180 733 65 57 drone
1526 1 2182 736 64 57 drone
1527 1 2184 739 63 57 drone
1528 1 2187 742 63 57 drone
1529 1 2189 745 62 57 drone
1530 1 2192 748 62 57 drone
1531 1 2190 751 62 56 drone
1532 1 2189 755 62 56 drone
1533 1 2187 759 62 55 drone
1534 1 2186 762 62 55 drone
1535 1 2184 766 62 55 drone
1536 1 2183 770 62 54 drone
1537 1 2181 773 62 54 drone
1538 1 2180 777 62 53 drone
1539 1 2178 781 62 53 drone
1540 1 2177 785 63 53 drone
1541 1 2172 788 63 53 drone
1542 1 2168 791 63 53 drone
1543 1 2164 794 63 53 drone
1544 1 2160 798 63 53 drone
1545 1 2156 801 63 53 drone
1546 1 2151 804 63 53 drone
1547 1 2147 808 63 53 drone
1548 1 2143 811 63 53 drone
1549 1 2139 814 63 53 drone
1550 1 2135 818 63 53 drone
1551 1 2129 821 62 52 drone
1552 1 2124 825 62 52 drone
1553 1 2119 828 62 51 drone
1554 1 2113 832 62 51 drone
1555 1 2108 835 62 51 drone
1556 1 2103 839 61 50 drone
1557 1 2097 842 61 50 drone
1558 1 2092 846 61 49 drone
1559 1 2087 849 61 49 drone
1560 1 2082 853 61 49 drone
1561 1 2078 857 59 47 drone
1562 1 2075 861 58 46 drone
1563 1 2072 865 57 44 drone
1564 1 2069 869 55 43 drone
1565 1 2066 873 54 41 drone
1566 1 2063 877 53 40 drone
1567 1 2060 881 51 38 drone
1568 1 2057 885 50 37 drone
1569 1 2054 889 49 35 drone
1570 1 2051 893 48 34 drone
1571 1 2046 897 48 34 drone
1572 1 2041 902 48 34 drone
1573 1 2036 907 48 34 drone
1574 1 2031 912 48 34 drone
1575 1 2026 917 48 34 drone
1576 1 2021 921 48 34 drone
1577 1 2016 926 48 34 drone
1578 1 2011 931 48 34 drone
1579 1 2006 936 48 34 drone
1580 1 2001 941 48 34 drone
1581 1 1996 946 48 34 drone
1582 1 1991 951 49 35 drone
1583 1 1986 956 50 36 drone
1584 1 1981 961 51 37 drone
1585 1 1976 966 52 38 drone
1586 1 1971 971 53 39 drone
1587 1 1966 976 54 40 drone
1588 1 1961 981 55 41 drone
1589 1 1956 986 56 42 drone
1590 1 1952 991 57 43 drone
1591 1 1949 995 56 43 drone
1592 1 1946 1000 56 43 drone
1593 1 1944 1005 56 43 drone
1594 1 1941 1010 56 43 drone
1595 1 1939 1015 56 43 drone
1596 1 1936 1020 55 43 drone
1597 1 1933 1025 55 43 drone
1598 1 1931 1030 55 43 drone
1599 1 1928 1035 55 43 drone
1600 1 1926 1040 55 43 drone
1601 1 1926 1044 55 43 drone
1602 1 1926 1049 55 43 drone
1603 1 1926 1053 55 43 drone
1604 1 1926 1058 55 43 drone
1605 1 1926 1063 55 43 drone
1606 1 1926 1067 55 43 drone
1607 1 1926 1072 55 43 drone
1608 1 1926 1076 55 43 drone
1609 1 1926 1081 55 43 drone
1610 1 1927 1086 55 43 drone
1611 1 1929 1090 54 42 drone
1612 1 1932 1094 54 42 drone
1613 1 1935 1099 53 42 drone
1614 1 1937 1103 53 41 drone
1615 1 1940 1108 52 41 drone
1616 1 1943 1112 52 41 drone
1617 1 1945 1116 51 40 drone
1618 1 1948 1121 51 40 drone
1619 1 1951 1125 50 40 drone
1620 1 1954 1130 50 40 drone
1621 1 1957 1134 50 39 drone
1622 1 1960 1138 50 39 drone
1623 1 1964 1142 50 39 drone
1624 1 1967 1146 50 39 drone
1625 1 1971 1151 50 39 drone
1626 1 1974 1155 50 38 drone
1627 1 1977 1159 50 38 drone
1628 1 1981 1163 50 38 drone
1629 1 1984 1167 50 38 drone
1630 1 1988 1172 51 38 drone
1631 1 1992 1173 50 37 drone
1632 1 1996 1174 50 37 drone
1633 1 2000 1175 49 37 drone
1634 1 2005 1176 49 37 drone
1635 1 2009 1178 49 37 drone
1636 1 2013 1179 48 37 drone
1637 1 2018 1180 48 37 drone
1638 1 2022 1181 47 37 drone
1639 1 2026 1182 47 37 drone
1640 1 2031 1184 47 37 drone
1641 1 2035 1182 47 37 drone
1642 1 2040 1180 47 37 drone
1643 1 2045 1178 47 37 drone
1644 1 2049 1176 47 37 drone
1645 1 2054 1174 47 37 drone
1646 1 2059 1172 47 37 drone
1647 1 2063 1170 47 37 drone
1648 1 2068 1168 47 37 drone
1649 1 2073 1166 47 37 drone
1650 1 2078 1165 47 37 drone
1651 1 2083 1162 46 37 drone
1652 1 2089 1159 46 37 drone
1653 1 2094 1157 46 37 drone
1654 1 2100 1154 45 37 drone
1655 1 2106 1152 45 37 drone
1656 1 2111 1149 45 37 drone
1657 1 2117 1146 44 37 drone
1658 1 2122 1144 44 37 drone
1659 1 2128 1141 44 37 drone
1660 1 2134 1139 44 37 drone
1661 1 2138 1138 43 37 drone
1662 1 2143 1137 43 37 drone
1663 1 2148 1136 43 37 drone
1664 1 2153 1135 42 37 drone
1665 1 2158 1134 42 37 drone
1666 1 2163 1133 42 37 drone
1667 1 2168 1132 41 37 drone
1668 1 2173 1131 41 37 drone
1669 1 2178 1130 41 37 drone
1670 1 2183 1130 41 37 drone
1671 1 2186 1131 41 37 drone
1672 1 2190 1133 41 37 drone
1673 1 2193 1135 41 37 drone
1674 1 2197 1136 41 37 drone
1675 1 2200 1138 41 37 drone
1676 1 2204 1140 41 37 drone
1677 1 2207 1141 41 37 drone
1678 1 2211 1143 41 37 drone
1679 1 2214 1145 41 37 drone
1680 1 2218 1147 42 37 drone
1681 1 2220 1150 41 36 drone
1682 1 2222 1153 41 35 drone
1683 1 2224 1156 40 34 drone
1684 1 2226 1160 40 33 drone
1685 1 2228 1163 39 32 drone
1686 1 2230 1166 39 31 drone
1687 1 2232 1170 38 30 drone
1688 1 2234 1173 38 29 drone
1689 1 2236 1176 37 28 drone
1690 1 2239 1180 37 28 drone
1691 1 2238 1180 36 28 drone
1692 1 2238 1180 36 28 drone
1693 1 2238 1180 36 28 drone
1694 1 2237 1180 36 29 drone
1695 1 2237 1180 36 29 drone
1696 1 2237 1180 35 29 drone
1697 1 2236 1180 35 30 drone
1698 1 2236 1180 35 30 drone
1699 1 2236 1180 35 30 drone
1700 1 2236 1180 35 31 drone
1701 1 2234 1180 35 30 drone
1702 1 2232 1180 35 30 drone
1703 1 2230 1180 35 30 drone
1704 1 2228 1181 35 29 drone
1705 1 2227 1181 35 29 drone
1706 1 2225 1181 35 29 drone
1707 1 2223 1182 35 28 drone
1708 1 2221 1182 35 28 drone
1709 1 2219 1182 35 28 drone
1710 1 2218 1183 35 28 drone
1711 1 2215 1183 34 27 drone
1712 1 2213 1184 34 27 drone
1713 1 2211 1184 34 27 drone
1714 1 2209 1185 33 27 drone
1715 1 2207 1186 33 27 drone
1716 1 2204 1186 33 26 drone
1717 1 2202 1187 32 26 drone
1718 1 2200 1187 32 26 drone
1719 1 2198 1188 32 26 drone
1720 1 2196 1189 32 26 drone
1721 1 2193 1189 31 25 drone
1722 1 2191 1190 31 25 drone
1723 1 2188 1191 31 24 drone
1724 1 2186 1192 31 24 drone
1725 1 2183 1193 31 24 drone
1726 1 2181 1194 31 23 drone
1727 1 2178 1195 31 23 drone
1728 1 2176 1196 31 22 drone
1729 1 2173 1197 31 22 drone
1730 1 2171 1198 31 22 drone
1731 1 2168 1199 30 21 drone
1732 1 2166 1201 30 21 drone
1733 1 2164 1203 30 21 drone
1734 1 2161 1204 29 21 drone
1735 1 2159 1206 29 21 drone
1736 1 2157 1208 29 21 drone
1737 1 2154 1209 28 21 drone
1738 1 2152 1211 28 21 drone
1739 1 2150 1213 28 21 drone
1740 1 2148 1215 28 21 drone
1741 1 2146 1218 28 20 drone
1742 1 2144 1221 28 20 drone
1743 1 2142 1224 28 20 drone
1744 1 2141 1227 28 19 drone
1745 1 2139 1231 28 19 drone
1746 1 2137 1234 28 19 drone
1747 1 2136 1237 28 18 drone
1748 1 2134 1240 28 18 drone
1749 1 2132 1243 28 18 drone
1750 1 2131 1247 28 18 drone
1751 1 2130 1249 27 18 drone
1752 1 2130 1252 27 18 drone
1753 1 2130 1254 27 18 drone
1754 1 2129 1257 27 18 drone
1755 1 2129 1259 27 18 drone
1756 1 2129 1262 27 18 drone
1757 1 2128 1264 27 18 drone
1758 1 2128 1267 27 18 drone
1759 1 2128 1269 27 18 drone
1760 1 2128 1272 27 18 drone
1761 1 2128 1275 26 17 drone
1762 1 2129 1278 26 17 drone
1763 1 2130 1281 26 17 drone
1764 1 2131 1284 26 16 drone
1765 1 2132 1288 26 16 drone
1766 1 2132 1291 25 16 drone
1767 1 2133 1294 25 15 drone
1768 1 2134 1297 25 15 drone
1769 1 2135 1300 25 15 drone
1770 1 2136 1304 25 15 drone
1771 1 2137 1306 25 15 drone
1772 1 2138 1308 25 15 drone
1773 1 2139 1310 25 15 drone
1774 1 2140 1312 25 15 drone
1775 1 2141 1314 26 15 drone
1776 1 2142 1316 26 15 drone
1777 1 2143 1318 26 15 drone
1778 1 2144 1320 26 15 drone
1779 1 2145 1322 26 15 drone
1780 1 2147 1324 27 15 drone
1781 1 2148 1325 27 15 drone
1782 1 2149 1327 27 15 drone
1783 1 2150 1329 27 15 drone
1784 1 2151 1330 27 15 drone
1785 1 2153 1332 27 15 drone
1786 1 2154 1334 27 15 drone
1787 1 2155 1335 27 15 drone
1788 1 2156 1337 27 15 drone
1789 1 2157 1339 27 15 drone
1790 1 2159 1341 27 15 drone
1791 1 2159 1342 27 15 drone
1792 1 2160 1343 27 15 drone
1793 1 2161 1345 27 15 drone
1794 1 2162 1346 27 15 drone
1795 1 2163 1348 27 15 drone
1796 1 2163 1349 27 15 drone
1797 1 2164 1350 27 15 drone
1798 1 2165 1352 27 15 drone
1799 1 2166 1353 27 15 drone
1800 1 2167 1355 27 15 drone
1801 1 2167 1356 27 14 drone
1802 1 2168 1357 27 14 drone
1803 1 2168 1358 27 14 drone
1804 1 2169 1360 27 14 drone
1805 1 2170 1361 27 14 drone
1806 1 2170 1362 27 14 drone
1807 1 2171 1364 27 14 drone
1808 1 2171 1365 27 14 drone
1809 1 2172 1366 27 14 drone
1810 1 2173 1368 27 14 drone
1811 1 2173 1369 26 13 drone
1812 1 2174 1371 26 13 drone
1813 1 2174 1372 26 12 drone
1814 1 2175 1374 25 12 drone
1815 1 2175 1376 25 12 drone
1816 1 2176 1377 25 11 drone
1817 1 2176 1379 24 11 drone
1818 1 2177 1380 24 10 drone
1819 1 2177 1382 24 10 drone
1820 1 2178 1384 24 10 drone
1821 1 2178 1385 23 9 drone
1822 1 2178 1386 23 9 drone
1823 1 2178 1388 23 9 drone
1824 1 2178 1389 23 9 drone
1825 1 2179 1391 23 9 drone
1826 1 2179 1392 22 9 drone
1827 1 2179 1393 22 9 drone
1828 1 2179 1395 22 9 drone
1829 1 2179 1396 22 9 drone
1830 1 2180 1398 22 9 drone
1831 1 2180 1398 22 9 drone
1832 1 2180 1398 22 9 drone
1833 1 2180 1398 22 9 drone
1834 1 2180 1398 22 9 drone
1835 1 2180 1399 22 9 drone
1836 1 2180 1399 22 9 drone
1837 1 2180 1399 22 9 drone
1838 1 2180 1399 22 9 drone
1839 1 2180 1399 22 9 drone
1840 1 2181 1400 22 9 drone
1841 1 2181 1397 22 9 drone
1842 1 2182 1395 22 9 drone
1843 1 2182 1392 22 9 drone
1844 1 2183 1390 22 9 drone
1845 1 2184 1387 22 9 drone
1846 1 2184 1385 22 9 drone
1847 1 2185 1382 22 9 drone
1848 1 2185 1380 22 9 drone
1849 1 2186 1377 22 9 drone
1850 1 2187 1375 22 9 drone
1851 1 2187 1370 22 9 drone
1852 1 2188 1366 22 9 drone
1853 1 2188 1362 22 9 drone
1854 1 2189 1358 22 10 drone
1855 1 2189 1354 22 10 drone
1856 1 2190 1349 22 10 drone
1857 1 2190 1345 22 11 drone
1858 1 2191 1341 22 11 drone
1859 1 2191 1337 22 11 drone
1860 1 2192 1333 23 12 drone
1861 1 2192 1329 23 11 drone
1862 1 2192 1325 23 11 drone
1863 1 2192 1321 23 11 drone
1864 1 2192 1317 23 11 drone
1865 1 2192 1314 24 11 drone
1866 1 2192 1310 24 11 drone
1867 1 2192 1306 24 11 drone
1868 1 2192 1302 24 11 drone
1869 1 2192 1298 24 11 drone
1870 1 2192 1295 25 11 drone
1871 1 2192 1290 25 11 drone
1872 1 2193 1286 25 11 drone
1873 1 2194 1282 25 11 drone
1874 1 2194 1278 25 11 drone
1875 1 2195 1274 25 11 drone
1876 1 2196 1269 25 11 drone
1877 1 2196 1265 25 11 drone
1878 1 2197 1261 25 11 drone
1879 1 2198 1257 25 11 drone
1880 1 2199 1253 25 11 drone
1881 1 2199 1249 25 11 drone
1882 1 2199 1246 25 11 drone
1883 1 2199 1243 25 11 drone
1884 1 2199 1236 25 11 drone
1885 1 2197 1232 25 11 drone
1886 1 2198 1229 25 11 drone
1887 1 2199 1228 25 11 drone
1888 1 2199 1225 25 11 drone
1889 1 2199 1224 25 11 drone
1890 1 2199 1221 25 11 drone
1891 1 2199 1219 25 11 drone
1892 1 2200 1218 25 11 drone
1893 1 2200 1216 25 11 drone
1894 1 2201 1215 25 11 drone
1895 1 2201 1214 25 11 drone
1896 1 2202 1212 25 11 drone
1897 1 2202 1211 25 11 drone
1898 1 2203 1209 25 11 drone
1899 1 2203 1208 25 11 drone
1900 1 2204 1207 25 11 drone
1901 1 2205 1205 25 11 drone
1902 1 2206 1204 25 11 drone
1903 1 2207 1202 25 11 drone
1904 1 2208 1201 25 11 drone
1905 1 2209 1200 25 11 drone
1906 1 2210 1198 25 11 drone
1907 1 2211 1197 25 11 drone
1908 1 2212 1195 25 11 drone
1909 1 2213 1194 25 11 drone
1910 1 2214 1193 26 11 drone
1911 1 2215 1191 26 11 drone
1912 1 2216 1189 26 11 drone
1913 1 2217 1188 26 11 drone
1914 1 2218 1186 26 11 drone
1915 1 2220 1185 27 11 drone
1916 1 2221 1183 27 11 drone
1917 1 2222 1181 27 11 drone
1918 1 2223 1180 27 11 drone
1919 1 2224 1178 27 11 drone
1920 1 2226 1177 28 12 drone
1921 1 2227 1175 28 12 drone
1922 1 2229 1173 28 12 drone
1923 1 2230 1171 28 12 drone
1924 1 2232 1170 28 12 drone
1925 1 2234 1168 28 12 drone
1926 1 2235 1166 28 12 drone
1927 1 2237 1165 28 12 drone
1928 1 2238 1163 28 12 drone
1929 1 2240 1161 28 12 drone
1930 1 2242 1160 28 12 drone
1931 1 2243 1158 27 12 drone
1932 1 2244 1156 27 12 drone
1933 1 2246 1154 26 12 drone
1934 1 2247 1152 26 12 drone
1935 1 2249 1150 26 12 drone
1936 1 2250 1148 25 12 drone
1937 1 2251 1146 25 12 drone
1938 1 2253 1144 24 12 drone
1939 1 2254 1142 24 12 drone
1940 1 2256 1141 24 12 drone
1941 1 2256 1139 24 12 drone
1942 1 2256 1137 24 12 drone
1943 1 2256 1135 24 12 drone
1944 1 2256 1133 25 12 drone
1945 1 2256 1131 25 12 drone
1946 1 2256 1129 25 12 drone
1947 1 2256 1127 26 12 drone
1948 1 2256 1125 26 12 drone
1949 1 2256 1123 26 12 drone
1950 1 2256 1121 27 12 drone
1951 1 2254 1118 27 12 drone
1952 1 2253 1116 27 12 drone
1953 1 2252 1114 27 12 drone
1954 1 2250 1111 27 12 drone
1955 1 2249 1109 28 13 drone
1956 1 2248 1107 28 13 drone
1957 1 2246 1104 28 13 drone
1958 1 2245 1102 28 13 drone
1959 1 2244 1100 28 13 drone
1960 1 2243 1098 29 14 drone
1961 1 2241 1095 28 14 drone
1962 1 2240 1093 28 14 drone
1963 1 2238 1091 27 14 drone
1964 1 2237 1089 27 14 drone
1965 1 2236 1087 27 15 drone
1966 1 2234 1084 26 15 drone
1967 1 2233 1082 26 15 drone
1968 1 2231 1080 25 15 drone
1969 1 2230 1078 25 15 drone
1970 1 2229 1076 25 16 drone
1971 1 2227 1074 25 16 drone
1972 1 2226 1073 25 17 drone
1973 1 2225 1071 25 17 drone
1974 1 2223 1070 25 18 drone
1975 1 2222 1068 25 19 drone
1976 1 2221 1067 25 19 drone
1977 1 2219 1065 25 20 drone
1978 1 2218 1064 25 20 drone
1979 1 2217 1062 25 21 drone
1980 1 2216 1061 26 22 drone
1981 1 2215 1060 26 22 drone
1982 1 2214 1059 26 22 drone
1983 1 2214 1058 26 22 drone
1984 1 2213 1058 26 23 drone
1985 1 2213 1057 26 23 drone
1986 1 2212 1056 26 23 drone
1987 1 2211 1056 26 24 drone
1988 1 2211 1055 26 24 drone
1989 1 2210 1054 26 24 drone
1990 1 2210 1054 27 25 drone
1991 1 2210 1054 27 24 drone
1992 1 2210 1055 27 24 drone
1993 1 2210 1055 27 24 drone
1994 1 2210 1056 28 24 drone
1995 1 2210 1056 28 24 drone
1996 1 2210 1057 28 23 drone
1997 1 2210 1057 29 23 drone
1998 1 2210 1058 29 23 drone
1999 1 2210 1058 29 23 drone
2000 1 2210 1059 30 23 drone
2001 1 2210 1059 30 22 drone
2002 1 2210 1059 30 22 drone
2003 1 2210 1059 30 22 drone
2004 1 2210 1059 30 22 drone
2005 1 2210 1059 30 22 drone
2006 1 2210 1059 30 22 drone
2007 1 2210 1059 30 22 drone
2008 1 2210 1059 30 22 drone
2009 1 2210 1059 30 22 drone
2010 1 2210 1059 31 22 drone
2011 1 2210 1058 31 22 drone
2012 1 2210 1058 31 22 drone
2013 1 2210 1058 31 22 drone
2014 1 2210 1058 31 22 drone
2015 1 2211 1058 31 22 drone
2016 1 2211 1057 31 22 drone
2017 1 2211 1057 31 22 drone
2018 1 2211 1057 31 22 drone
2019 1 2211 1057 31 22 drone
2020 1 2212 1057 32 22 drone
2021 1 2211 1056 32 21 drone
2022 1 2211 1056 32 21 drone
2023 1 2211 1055 32 21 drone
2024 1 2210 1055 32 21 drone
2025 1 2210 1055 32 21 drone
2026 1 2210 1054 32 20 drone
2027 1 2209 1054 32 20 drone
2028 1 2209 1053 32 20 drone
2029 1 2209 1053 32 20 drone
2030 1 2209 1053 33 20 drone
2031 1 2209 1052 32 20 drone
2032 1 2209 1052 32 20 drone
2033 1 2209 1051 31 20 drone
2034 1 2209 1051 31 20 drone
2035 1 2209 1051 31 20 drone
2036 1 2209 1050 30 20 drone
2037 1 2209 1050 30 20 drone
2038 1 2209 1049 29 20 drone
2039 1 2209 1049 29 20 drone
2040 1 2209 1049 29 21 drone
2041 1 2208 1048 29 20 drone
2042 1 2208 1048 29 20 drone
2043 1 2208 1048 29 20 drone
2044 1 2208 1048 29 20 drone
2045 1 2208 1048 30 20 drone
2046 1 2207 1048 30 19 drone
2047 1 2207 1048 30 19 drone
2048 1 2207 1048 30 19 drone
2049 1 2207 1048 30 19 drone
2050 1 2207 1048 31 19 drone
2051 1 2206 1047 30 19 drone
2052 1 2206 1047 30 19 drone
2053 1 2206 1047 30 19 drone
2054 1 2205 1047 30 19 drone
2055 1 2205 1047 30 19 drone
2056 1 2205 1047 29 19 drone
2057 1 2204 1047 29 19 drone
2058 1 2204 1047 29 19 drone
2059 1 2204 1047 29 19 drone
2060 1 2204 1047 29 19 drone
2061 1 2203 1046 29 18 drone
2062 1 2203 1046 29 18 drone
2063 1 2202 1046 29 18 drone
2064 1 2202 1046 29 18 drone
2065 1 2202 1046 29 18 drone
2066 1 2201 1046 29 18 drone
2067 1 2201 1046 29 18 drone
2068 1 2200 1046 29 18 drone
2069 1 2200 1046 29 18 drone
2070 1 2200 1046 30 18 drone
2071 1 2199 1046 30 18 drone
2072 1 2199 1046 30 18 drone
2073 1 2198 1046 30 18 drone
2074 1 2198 1046 30 18 drone
2075 1 2197 1046 30 18 drone
2076 1 2197 1046 30 18 drone
2077 1 2196 1046 30 18 drone
2078 1 2196 1046 30 18 drone
2079 1 2195 1046 30 18 drone
2080 1 2195 1046 30 18 drone
2081 1 2195 1045 30 18 drone
2082 1 2195 1045 30 18 drone
2083 1 2195 1045 30 18 drone
2084 1 2195 1045 30 18 drone
2085 1 2195 1045 30 18 drone
2086 1 2195 1044 30 18 drone
2087 1 2195 1044 30 18 drone
2088 1 2195 1044 30 18 drone
2089 1 2195 1044 30 18 drone
2090 1 2195 1044 30 18 drone
2091 1 2194 1044 30 18 drone
2092 1 2194 1044 30 18 drone
2093 1 2194 1044 30 18 drone
2094 1 2193 1044 30 18 drone
2095 1 2193 1044 30 18 drone
2096 1 2193 1044 30 18 drone
2097 1 2192 1044 30 18 drone
2098 1 2192 1044 30 18 drone
2099 1 2192 1044 30 18 drone
2100 1 2192 1045 31 18 drone
2101 1 2191 1044 31 18 drone
2102 1 2191 1044 31 18 drone
2103 1 2191 1044 31 18 drone
2104 1 2191 1044 31 18 drone
2105 1 2191 1044 31 18 drone
2106 1 2190 1044 31 18 drone
2107 1 2190 1044 31 18 drone
2108 1 2190 1044 31 18 drone
2109 1 2190 1044 31 18 drone
2110 1 2190 1044 31 18 drone
2111 1 2189 1043 31 18 drone
2112 1 2188 1043 31 18 drone
2113 1 2188 1042 31 18 drone
2114 1 2187 1042 31 18 drone
2115 1 2187 1041 31 18 drone
2116 1 2186 1041 31 18 drone
2117 1 2185 1040 31 18 drone
2118 1 2185 1040 31 18 drone
2119 1 2184 1039 31 18 drone
2120 1 2184 1039 31 18 drone
2121 1 2183 1038 30 17 drone
2122 1 2182 1037 30 17 drone
2123 1 2181 1036 30 17 drone
2124 1 2181 1035 30 17 drone
2125 1 2180 1035 30 17 drone
2126 1 2179 1034 29 17 drone
2127 1 2179 1033 29 17 drone
2128 1 2178 1032 29 17 drone
2129 1 2177 1031 29 17 drone
2130 1 2177 1031 29 17 drone
2131 1 2175 1029 29 17 drone
2132 1 2173 1027 30 17 drone
2133 1 2172 1026 31 17 drone
2134 1 2170 1024 31 17 drone
2135 1 2169 1023 32 17 drone
2136 1 2167 1021 33 17 drone
2137 1 2165 1019 33 17 drone
2138 1 2164 1018 34 17 drone
2139 1 2162 1016 35 17 drone
2140 1 2161 1015 36 18 drone
2141 1 2160 1013 35 18 drone
2142 1 2159 1011 35 18 drone
2143 1 2158 1009 34 18 drone
2144 1 2157 1007 34 18 drone
2145 1 2156 1005 33 18 drone
2146 1 2155 1003 33 18 drone
2147 1 2154 1001 32 18 drone
2148 1 2153 999 32 18 drone
2149 1 2152 997 31 18 drone
2150 1 2151 996 31 18 drone
2151 1 2149 993 31 18 drone
2152 1 2147 990 31 18 drone
2153 1 2146 987 31 18 drone
2154 1 2144 984 31 18 drone
2155 1 2143 982 31 18 drone
2156 1 2141 978 31 18 drone
2157 1 2139 976 31 18 drone
2158 1 2138 973 31 18 drone
2159 1 2136 970 31 18 drone
2160 1 2135 968 31 18 drone
2161 1 2133 965 30 17 drone
2162 1 2132 963 29 17 drone
2163 1 2130 962 28 16 drone
2164 1 2129 958 28 16 drone
2165 1 2128 955 27 15 drone
2166 1 2126 952 26 15 drone
2167 1 2125 950 26 14 drone
2168 1 2123 948 25 14 drone
2169 1 2122 945 24 13 drone
2170 1 2121 943 24 13 drone
2171 1 2118 939 24 13 drone
2172 1 2116 936 24 13 drone
2173 1 2114 933 25 13 drone
2174 1 2112 930 25 14 drone
2175 1 2110 927 26 14 drone
2176 1 2108 923 26 14 drone
2177 1 2106 920 26 15 drone
2178 1 2104 917 27 15 drone
2179 1 2102 914 27 15 drone
2180 1 2100 911 28 16 drone
2181 1 2097 907 28 16 drone
2182 1 2095 903 28 16 drone
2183 1 2093 899 28 16 drone
2184 1 2091 896 29 16 drone
2185 1 2089 892 29 17 drone
2186 1 2087 888 29 17 drone
2187 1 2085 885 30 17 drone
2188 1 2083 881 30 17 drone
2189 1 2081 877 30 17 drone
2190 1 2079 874 31 18 drone
2191 1 2076 869 31 17 drone
2192 1 2074 865 31 17 drone
2193 1 2071 861 31 17 drone
2194 1 2069 856 32 17 drone
2195 1 2066 852 32 17 drone
2196 1 2064 848 32 17 drone
2197 1 2061 843 33 17 drone
2198 1 2059 839 33 17 drone
2199 1 2056 835 33 17 drone
2200 1 2054 831 34 17 drone
2201 1 2051 826 34 17 drone
2202 1 2048 822 34 17 drone
2203 1 2046 817 34 17 drone
2204 1 2043 813 35 17 drone
2205 1 2041 809 35 17 drone
2206 1 2038 804 35 17 drone
2207 1 2035 800 36 17 drone
2208 1 2033 795 36 17 drone
2209 1 2030 791 36 17 drone
2210 1 2028 787 37 18 drone
2211 1 2026 781 36 18 drone
2212 1 2024 776 36 19 drone
2213 1 2022 771 36 20 drone
2214 1 2020 766 35 21 drone
2215 1 2018 761 35 22 drone
2216 1 2016 755 35 22 drone
2217 1 2014 750 34 23 drone
2218 1 2012 745 34 24 drone
2219 1 2010 740 34 25 drone
2220 1 2009 735 34 26 drone
2221 1 2008 730 34 26 drone
2222 1 2008 725 34 26 drone
2223 1 2007 720 34 26 drone
2224 1 2007 715 34 26 drone
2225 1 2007 710 34 26 drone
2226 1 2006 705 34 26 drone
2227 1 2006 700 34 26 drone
2228 1 2005 695 34 26 drone
2229 1 2005 690 34 26 drone
2230 1 2005 685 35 26 drone
2231 1 2007 680 35 26 drone
2232 1 2009 676 35 26 drone
2233 1 2011 671 35 26 drone
2234 1 2013 667 36 26 drone
2235 1 2016 663 36 26 drone
2236 1 2018 658 36 26 drone
2237 1 2020 654 37 26 drone
2238 1 2022 649 37 26 drone
2239 1 2024 645 37 26 drone
2240 1 2027 641 38 27 drone
2241 1 2030 637 38 27 drone
2242 1 2034 633 38 27 drone
2243 1 2037 629 38 27 drone
2244 1 2041 625 38 28 drone
2245 1 2045 621 38 28 drone
2246 1 2048 617 38 28 drone
2247 1 2052 613 38 29 drone
2248 1 2055 609 38 29 drone
2249 1 2059 605 38 29 drone
2250 1 2063 601 39 30 drone
2251 1 2068 598 38 30 drone
2252 1 2073 595 38 30 drone
2253 1 2078 592 38 30 drone
2254 1 2083 589 38 30 drone
2255 1 2089 586 38 30 drone
2256 1 2094 583 38 30 drone
2257 1 2099 580 38 30 drone
2258 1 2104 577 38 30 drone
2259 1 2109 574 38 30 drone
2260 1 2115 572 38 31 drone
2261 1 2120 572 37 31 drone
2262 1 2125 572 37 32 drone
2263 1 2130 572 37 33 drone
2264 1 2136 572 37 34 drone
2265 1 2144 569 37 35 drone
2266 1 2149 567 36 35 drone
2267 1 2152 573 36 36 drone
2268 1 2157 573 36 37 drone
2269 1 2162 573 36 38 drone
2270 1 2168 574 36 39 drone
2271 1 2171 577 36 38 drone
2272 1 2174 581 36 38 drone
2273 1 2177 585 36 38 drone
2274 1 2181 589 36 38 drone
2275 1 2184 593 37 38 drone
2276 1 2187 596 37 38 drone
2277 1 2191 600 37 38 drone
2278 1 2194 604 37 38 drone
2279 1 2197 608 37 38 drone
2280 1 2201 612 38 38 drone
2281 1 2202 617 38 37 drone
2282 1 2204 623 38 37 drone
2283 1 2206 629 38 37 drone
2284 1 2207 634 38 36 drone
2285 1 2209 640 39 36 drone
2286 1 2211 646 39 36 drone
2287 1 2212 651 39 35 drone
2288 1 2214 657 39 35 drone
2289 1 2216 663 39 35 drone
2290 1 2218 669 40 35 drone
2291 1 2219 675 39 34 drone
2292 1 2221 681 39 34 drone
2293 1 2223 687 39 34 drone
2294 1 2225 693 39 33 drone
2295 1 2227 699 39 33 drone
2296 1 2228 705 38 33 drone
2297 1 2230 711 38 32 drone
2298 1 2232 717 38 32 drone
2299 1 2234 723 38 32 drone
2300 1 2236 730 38 32 drone
2301 1 2237 736 38 32 drone
2302 1 2238 742 38 32 drone
2303 1 2240 748 38 32 drone
2304 1 2241 754 38 32 drone
2305 1 2243 761 39 32 drone
2306 1 2244 767 39 32 drone
2307 1 2245 773 39 32 drone
2308 1 2247 779 39 32 drone
2309 1 2248 785 39 32 drone
2310 1 2250 792 40 33 drone
2311 1 2251 797 39 32 drone
2312 1 2252 803 39 32 drone
2313 1 2253 809 39 32 drone
2314 1 2254 815 39 32 drone
2315 1 2255 821 39 32 drone
2316 1 2256 827 38 31 drone
2317 1 2257 833 38 31 drone
2318 1 2258 839 38 31 drone
2319 1 2259 845 38 31 drone
2320 1 2260 851 38 31 drone
2321 1 2260 856 38 30 drone
2322 1 2261 862 38 30 drone
2323 1 2262 867 38 30 drone
2324 1 2262 873 38 30 drone
2325 1 2263 879 38 30 drone
2326 1 2264 884 38 29 drone
2327 1 2264 890 38 29 drone
2328 1 2265 895 38 29 drone
2329 1 2266 901 38 29 drone
2330 1 2267 907 38 29 drone
2331 1 2267 911 37 29 drone
2332 1 2267 916 37 30 drone
2333 1 2267 921 37 31 drone
2334 1 2268 926 37 31 drone
2335 1 2268 931 37 32 drone
2336 1 2268 935 37 33 drone
2337 1 2269 940 37 33 drone
2338 1 2269 945 37 34 drone
2339 1 2269 950 37 35 drone
2340 1 2270 955 37 36 drone
2341 1 2267 959 37 36 drone
2342 1 2265 964 38 36 drone
2343 1 2263 969 38 36 drone
2344 1 2261 974 39 37 drone
2345 1 2259 979 39 37 drone
2346 1 2256 983 40 37 drone
2347 1 2254 988 40 38 drone
2348 1 2252 993 41 38 drone
2349 1 2250 998 41 38 drone
2350 1 2248 1003 42 39 drone
2351 1 2242 1007 41 38 drone
2352 1 2237 1012 41 37 drone
2353 1 2232 1017 40 37 drone
2354 1 2227 1022 40 36 drone
2355 1 2222 1027 39 36 drone
2356 1 2217 1032 39 35 drone
2357 1 2212 1037 38 34 drone
2358 1 2207 1042 38 34 drone
2359 1 2202 1047 37 33 drone
2360 1 2197 1052 37 33 drone
2361 1 2188 1054 37 33 drone
2362 1 2180 1057 37 33 drone
2363 1 2172 1060 37 33 drone
2364 1 2163 1062 37 33 drone
2365 1 2157 1068 37 33 drone
2366 1 2147 1068 37 33 drone
2367 1 2138 1070 37 33 drone
2368 1 2130 1073 37 33 drone
2369 1 2122 1076 37 33 drone
2370 1 2114 1079 38 34 drone
2371 1 2102 1080 38 33 drone
2372 1 2090 1082 38 32 drone
2373 1 2078 1084 38 31 drone
2374 1 2067 1086 38 31 drone
2375 1 2055 1088 38 30 drone
2376 1 2043 1090 38 29 drone
2377 1 2032 1092 38 29 drone
2378 1 2020 1094 38 28 drone
2379 1 2008 1096 38 27 drone
2380 1 1997 1098 38 27 drone
2381 1 1983 1098 38 26 drone
2382 1 1969 1098 39 26 drone
2383 1 1956 1099 40 25 drone
2384 1 1942 1099 41 25 drone
2385 1 1929 1100 42 25 drone
2386 1 1915 1100 42 24 drone
2387 1 1901 1100 43 24 drone
2388 1 1888 1101 44 23 drone
2389 1 1874 1101 45 23 drone
2390 1 1861 1102 46 23 drone
2391 1 1848 1101 45 22 drone
2392 1 1835 1100 45 21 drone
2393 1 1822 1099 45 21 drone
2394 1 1809 1099 45 20 drone
2395 1 1797 1098 45 20 drone
2396 1 1784 1097 44 19 drone
2397 1 1771 1097 44 18 drone
2398 1 1758 1096 44 18 drone
2399 1 1745 1095 44 17 drone
2400 1 1733 1095 44 17 drone
2401 1 1721 1094 44 17 drone
2402 1 1709 1093 44 17 drone
2403 1 1697 1092 44 17 drone
2404 1 1685 1091 45 17 drone
2405 1 1674 1090 45 17 drone
2406 1 1662 1089 45 17 drone
2407 1 1650 1088 46 17 drone
2408 1 1638 1087 46 17 drone
2409 1 1626 1086 46 17 drone
2410 1 1615 1086 47 18 drone
2411 1 1603 1084 46 18 drone
2412 1 1592 1083 46 19 drone
2413 1 1581 1081 46 20 drone
2414 1 1570 1080 46 21 drone
2415 1 1559 1079 46 22 drone
2416 1 1548 1077 45 22 drone
2417 1 1537 1076 45 23 drone
2418 1 1526 1074 45 24 drone
2419 1 1515 1073 45 25 drone
2420 1 1504 1072 45 26 drone
2421 1 1495 1070 45 26 drone
2422 1 1487 1069 45 26 drone
2423 1 1478 1068 45 26 drone
2424 1 1470 1066 45 26 drone
2425 1 1461 1065 46 26 drone
2426 1 1453 1064 46 26 drone
2427 1 1444 1062 46 26 drone
2428 1 1436 1061 46 26 drone
2429 1 1427 1060 46 26 drone
2430 1 1419 1059 47 27 drone
2431 1 1413 1057 46 27 drone
2432 1 1408 1055 46 28 drone
2433 1 1402 1053 46 29 drone
2434 1 1397 1051 45 29 drone
2435 1 1391 1050 45 30 drone
2436 1 1386 1048 45 31 drone
2437 1 1380 1046 44 31 drone
2438 1 1375 1044 44 32 drone
2439 1 1369 1042 44 33 drone
2440 1 1364 1041 44 34 drone
2441 1 1362 1040 43 34 drone
2442 1 1360 1039 43 35 drone
2443 1 1358 1038 42 35 drone
2444 1 1357 1037 42 36 drone
2445 1 1355 1037 42 37 drone
2446 1 1353 1036 41 37 drone
2447 1 1352 1035 41 38 drone
2448 1 1350 1034 40 38 drone
2449 1 1348 1033 40 39 drone
2450 1 1347 1033 40 40 drone
2451 1 1348 1032 40 39 drone
2452 1 1350 1032 40 39 drone
2453 1 1351 1032 40 39 drone
2454 1 1353 1032 41 39 drone
2455 1 1352 1032 41 39 drone
2456 1 1356 1031 41 38 drone
2457 1 1358 1031 42 38 drone
2458 1 1359 1031 42 38 drone
2459 1 1361 1031 42 38 drone
2460 1 1363 1031 43 38 drone
2461 1 1367 1030 43 37 drone
2462 1 1371 1030 43 37 drone
2463 1 1375 1030 44 37 drone
2464 1 1379 1030 44 37 drone
2465 1 1383 1030 45 37 drone
2466 1 1387 1030 45 36 drone
2467 1 1391 1030 45 36 drone
2468 1 1395 1030 46 36 drone
2469 1 1399 1030 46 36 drone
2470 1 1403 1030 47 36 drone
2471 1 1407 1032 46 34 drone
2472 1 1412 1035 46 33 drone
2473 1 1417 1038 45 32 drone
2474 1 1421 1041 45 31 drone
2475 1 1426 1044 45 30 drone
2476 1 1431 1047 44 29 drone
2477 1 1435 1050 44 28 drone
2478 1 1440 1053 43 27 drone
2479 1 1445 1056 43 26 drone
2480 1 1450 1059 43 25 drone
2481 1 1453 1061 43 25 drone
2482 1 1457 1063 43 25 drone
2483 1 1461 1065 43 25 drone
2484 1 1464 1068 43 25 drone
2485 1 1468 1070 43 25 drone
2486 1 1472 1072 43 25 drone
2487 1 1475 1075 43 25 drone
2488 1 1479 1077 43 25 drone
2489 1 1483 1079 43 25 drone
2490 1 1487 1082 44 25 drone
2491 1 1490 1080 44 25 drone
2492 1 1493 1079 44 26 drone
2493 1 1496 1078 44 27 drone
2494 1 1499 1077 44 28 drone
2495 1 1502 1076 45 29 drone
2496 1 1505 1074 45 30 drone
2497 1 1508 1073 45 31 drone
2498 1 1511 1072 45 32 drone
2499 1 1514 1071 45 33 drone
2500 1 1518 1070 46 34 drone
2501 1 1518 1068 45 34 drone
2502 1 1519 1066 45 34 drone
2503 1 1520 1064 45 34 drone
2504 1 1521 1063 45 35 drone
2505 1 1522 1061 45 35 drone
2506 1 1523 1059 44 35 drone
2507 1 1524 1058 44 36 drone
2508 1 1525 1056 44 36 drone
2509 1 1526 1054 44 36 drone
2510 1 1527 1053 44 37 drone
2511 1 1526 1051 43 37 drone
2512 1 1525 1049 43 37 drone
2513 1 1524 1047 43 38 drone
2514 1 1523 1045 43 38 drone
2515 1 1522 1043 43 39 drone
2516 1 1521 1041 43 39 drone
2517 1 1520 1039 43 39 drone
2518 1 1519 1037 43 40 drone
2519 1 1518 1035 43 40 drone
2520 1 1518 1033 43 41 drone
2521 1 1515 1032 43 40 drone
2522 1 1513 1031 43 40 drone
2523 1 1511 1030 43 39 drone
2524 1 1508 1029 43 39 drone
2525 1 1506 1028 44 39 drone
2526 1 1504 1027 44 38 drone
2527 1 1501 1026 44 38 drone
2528 1 1499 1025 44 37 drone
2529 1 1497 1024 44 37 drone
2530 1 1495 1024 45 37 drone
2531 1 1492 1025 45 36 drone
2532 1 1490 1027 45 36 drone
2533 1 1488 1029 45 36 drone
2534 1 1485 1031 45 36 drone
2535 1 1483 1033 45 36 drone
2536 1 1481 1035 45 35 drone
2537 1 1478 1037 45 35 drone
2538 1 1476 1039 45 35 drone
2539 1 1474 1041 45 35 drone
2540 1 1472 1043 46 35 drone
2541 1 1470 1047 45 34 drone
2542 1 1468 1052 45 34 drone
2543 1 1466 1057 45 34 drone
2544 1 1465 1062 45 34 drone
2545 1 1463 1067 45 34 drone
2546 1 1461 1071 44 33 drone
2547 1 1460 1076 44 33 drone
2548 1 1458 1081 44 33 drone
2549 1 1456 1086 44 33 drone
2550 1 1455 1091 44 33 drone
2551 1 1454 1096 44 33 drone
2552 1 1453 1102 44 33 drone
2553 1 1452 1108 44 33 drone
2554 1 1451 1113 44 34 drone
2555 1 1450 1119 45 34 drone
2556 1 1449 1125 45 34 drone
2557 1 1448 1130 45 35 drone
2558 1 1447 1136 45 35 drone
2559 1 1446 1142 45 35 drone
2560 1 1446 1148 46 36 drone
2561 1 1446 1154 45 35 drone
2562 1 1446 1160 45 35 drone
2563 1 1446 1167 45 35 drone
2564 1 1446 1173 45 34 drone
2565 1 1447 1180 45 34 drone
2566 1 1447 1186 45 34 drone
2567 1 1447 1192 45 33 drone
2568 1 1447 1199 45 33 drone
2569 1 1447 1205 45 33 drone
2570 1 1448 1212 45 33 drone
2571 1 1448 1217 45 33 drone
2572 1 1449 1223 45 33 drone
2573 1 1449 1229 45 33 drone
2574 1 1450 1235 45 33 drone
2575 1 1451 1241 45 33 drone
2576 1 1451 1246 45 33 drone
2577 1 1452 1252 45 33 drone
2578 1 1452 1258 45 33 drone
2579 1 1453 1264 45 33 drone
2580 1 1454 1270 45 33 drone
2581 1 1454 1272 45 33 drone
2582 1 1455 1274 45 33 drone
2583 1 1455 1276 45 33 drone
2584 1 1456 1279 45 33 drone
2585 1 1457 1286 46 33 drone
2586 1 1457 1283 46 33 drone
2587 1 1458 1286 46 33 drone
2588 1 1458 1288 46 33 drone
2589 1 1459 1290 46 33 drone
2590 1 1460 1293 47 34 drone
2591 1 1460 1292 47 33 drone
2592 1 1461 1292 47 33 drone
2593 1 1462 1292 47 33 drone
2594 1 1463 1292 47 33 drone
2595 1 1464 1292 47 33 drone
2596 1 1464 1291 47 32 drone
2597 1 1465 1291 47 32 drone
2598 1 1466 1291 47 32 drone
2599 1 1467 1291 47 32 drone
2600 1 1468 1291 48 32 drone
