0 1 36 646 166 114 drone
1 1 35 646 166 113 drone
2 1 35 646 166 113 drone
3 1 35 646 166 112 drone
4 1 35 647 166 112 drone
5 1 35 647 166 111 drone
6 1 35 647 166 111 drone
7 1 35 648 166 110 drone
8 1 35 648 166 110 drone
9 1 35 648 166 109 drone
10 1 35 649 166 109 drone
11 1 39 651 166 109 drone
12 1 37 652 166 109 drone
13 1 36 651 166 109 drone
14 1 39 645 166 109 drone
15 1 39 651 166 109 drone
16 1 42 652 166 109 drone
17 1 31 649 166 109 drone
18 1 33 650 166 109 drone
19 1 43 653 166 109 drone
20 1 76 673 166 109 drone
21 1 118 691 165 105 drone
22 1 167 722 165 101 drone
23 1 214 749 165 97 drone
24 1 254 772 164 93 drone
25 1 289 792 164 89 drone
26 1 328 804 164 85 drone
27 1 363 821 163 81 drone
28 1 397 829 163 77 drone
29 1 428 836 163 73 drone
30 1 448 836 163 70 drone
31 1 480 832 159 71 drone
32 1 500 825 155 73 drone
33 1 522 819 152 74 drone
34 1 540 806 148 76 drone
35 1 558 790 145 77 drone
36 1 572 773 141 79 drone
37 1 582 751 137 80 drone
38 1 595 727 134 82 drone
39 1 602 705 130 83 drone
40 1 611 679 127 85 drone
41 1 613 651 124 85 drone
42 1 618 630 122 85 drone
43 1 623 606 120 85 drone
44 1 622 582 118 81 drone
45 1 627 557 116 85 drone
46 1 626 535 113 85 drone
47 1 634 515 111 85 drone
48 1 631 498 109 85 drone
49 1 638 483 107 85 drone
50 1 639 468 105 85 drone
51 1 645 461 105 85 drone
52 1 646 451 105 85 drone
53 1 649 444 105 85 drone
54 1 655 439 105 85 drone
55 1 662 435 105 85 drone
56 1 668 436 105 85 drone
57 1 675 436 105 85 drone
58 1 679 437 105 85 drone
59 1 688 437 105 85 drone
60 1 700 444 105 85 drone
61 1 715 449 105 85 drone
62 1 725 452 105 85 drone
63 1 741 459 105 85 drone
64 1 760 469 105 85 drone
65 1 772 471 105 85 drone
66 1 798 485 105 85 drone
67 1 810 491 105 85 drone
68 1 830 501 105 85 drone
69 1 855 513 100 82 drone
70 1 872 531 101 78 drone
71 1 897 538 99 75 drone
72 1 919 554 96 74 drone
73 1 939 564 94 77 drone
74 1 961 579 93 75 drone
75 1 981 592 93 75 drone
76 1 1001 607 90 73 drone
77 1 1022 620 88 71 drone
78 1 1043 638 85 69 drone
79 1 1067 649 83 67 drone
80 1 1087 665 81 65 drone
81 1 1104 676 81 65 drone
82 1 1121 688 81 65 drone
83 1 1139 700 81 65 drone
84 1 1156 712 81 65 drone
85 1 1176 724 81 65 drone
86 1 1191 735 81 65 drone
87 1 1213 748 81 65 drone
88 1 1231 760 81 65 drone
89 1 1245 776 81 65 drone
90 1 1262 790 81 57 drone
91 1 1278 800 79 58 drone
92 1 1292 811 78 57 drone
93 1 1311 820 74 57 drone
94 1 1320 832 75 53 drone
95 1 1332 841 74 54 drone
96 1 1341 851 73 54 drone
97 1 1354 859 71 53 drone
98 1 1365 868 70 51 drone
99 1 1376 874 69 49 drone
100 1 1382 885 68 48 drone
101 1 1390 891 68 48 drone
102 1 1394 897 68 48 drone
103 1 1405 905 68 48 drone
104 1 1408 909 68 48 drone
105 1 1414 913 68 48 drone
106 1 1416 920 68 48 drone
107 1 1421 924 68 48 drone
108 1 1420 931 68 48 drone
109 1 1423 935 68 48 drone
110 1 1422 938 68 48 drone
111 1 1422 941 68 48 drone
112 1 1422 944 68 48 drone
113 1 1422 950 68 48 drone
114 1 1423 950 68 48 drone
115 1 1423 953 68 48 drone
116 1 1422 958 68 48 drone
117 1 1424 959 68 48 drone
118 1 1424 962 68 48 drone
119 1 1424 965 68 48 drone
120 1 1425 969 68 48 drone
121 1 1428 971 68 48 drone
122 1 1431 973 68 48 drone
123 1 1434 975 68 48 drone
124 1 1438 977 68 48 drone
125 1 1441 980 68 48 drone
126 1 1444 982 68 48 drone
127 1 1448 984 68 48 drone
128 1 1451 986 68 48 drone
129 1 1454 988 68 48 drone
130 1 1458 991 68 48 drone
131 1 1459 993 68 48 drone
132 1 1461 996 68 48 drone
133 1 1463 999 68 48 drone
134 1 1465 1001 68 48 drone
135 1 1467 1004 68 48 drone
136 1 1469 1007 68 48 drone
137 1 1471 1009 68 48 drone
138 1 1473 1012 68 48 drone
139 1 1475 1016 68 43 drone
140 1 1477 1018 68 43 drone
141 1 1476 1019 68 43 drone
142 1 1476 1020 68 45 drone
143 1 1475 1022 68 45 drone
144 1 1475 1023 68 48 drone
145 1 1474 1025 68 48 drone
146 1 1474 1026 68 48 drone
147 1 1473 1027 68 48 drone
148 1 1473 1029 68 48 drone
149 1 1472 1030 68 48 drone
150 1 1472 1032 68 48 drone
151 1 1472 1033 68 48 drone
152 1 1470 1039 68 44 drone
153 1 1471 1037 68 48 drone
154 1 1471 1037 68 48 drone
155 1 1469 1040 68 48 drone
156 1 1472 1041 68 48 drone
157 1 1472 1043 68 48 drone
158 1 1473 1044 68 48 drone
159 1 1475 1046 68 48 drone
160 1 1476 1048 68 48 drone
161 1 1482 1048 68 48 drone
162 1 1489 1049 68 48 drone
163 1 1496 1050 68 48 drone
164 1 1502 1051 68 48 drone
165 1 1509 1052 68 48 drone
166 1 1516 1053 68 48 drone
167 1 1522 1054 68 48 drone
168 1 1529 1055 68 48 drone
169 1 1536 1056 68 48 drone
170 1 1543 1057 68 48 drone
171 1 1551 1058 68 48 drone
172 1 1562 1059 68 48 drone
173 1 1568 1060 68 48 drone
174 1 1577 1061 68 48 drone
175 1 1586 1062 68 48 drone
176 1 1594 1063 68 48 drone
177 1 1603 1064 68 48 drone
178 1 1613 1065 63 48 drone
179 1 1624 1067 59 48 drone
180 1 1630 1068 62 48 drone
181 1 1642 1070 59 47 drone
182 1 1648 1071 61 46 drone
183 1 1657 1076 61 45 drone
184 1 1666 1079 59 45 drone
185 1 1675 1079 60 44 drone
186 1 1683 1082 62 43 drone
187 1 1688 1083 61 43 drone
188 1 1699 1081 60 42 drone
189 1 1706 1084 59 41 drone
190 1 1714 1081 58 41 drone
191 1 1719 1077 58 41 drone
192 1 1723 1071 58 41 drone
193 1 1731 1067 58 41 drone
194 1 1736 1059 58 41 drone
195 1 1742 1050 58 41 drone
196 1 1745 1042 58 41 drone
197 1 1752 1033 58 41 drone
198 1 1754 1021 58 41 drone
199 1 1758 1008 58 41 drone
200 1 1763 998 55 41 drone
201 1 1762 982 58 41 drone
202 1 1767 967 56 41 drone
203 1 1768 952 55 41 drone
204 1 1771 936 55 41 drone
205 1 1768 920 56 41 drone
206 1 1770 905 56 41 drone
207 1 1769 885 58 41 drone
208 1 1770 869 56 41 drone
209 1 1770 852 55 41 drone
210 1 1771 836 55 41 drone
211 1 1769 819 58 41 drone
212 1 1768 802 58 41 drone
213 1 1765 785 58 41 drone
214 1 1764 769 58 41 drone
215 1 1765 752 54 41 drone
216 1 1762 738 58 41 drone
217 1 1761 721 58 41 drone
218 1 1759 705 58 41 drone
219 1 1758 689 58 41 drone
220 1 1757 673 58 41 drone
221 1 1752 656 58 41 drone
222 1 1752 639 54 41 drone
223 1 1753 625 51 41 drone
224 1 1751 609 52 41 drone
225 1 1750 593 50 41 drone
226 1 1746 578 51 41 drone
227 1 1746 564 48 41 drone
228 1 1742 551 48 41 drone
229 1 1737 538 51 41 drone
230 1 1737 526 49 41 drone
231 1 1734 515 51 41 drone
232 1 1733 506 49 39 drone
233 1 1733 497 46 38 drone
234 1 1726 486 51 39 drone
235 1 1726 481 45 37 drone
236 1 1721 472 46 37 drone
237 1 1720 465 44 38 drone
238 1 1716 459 51 36 drone
239 1 1710 451 53 38 drone
240 1 1708 445 52 38 drone
241 1 1705 440 50 37 drone
242 1 1701 437 51 36 drone
243 1 1695 431 57 39 drone
244 1 1694 426 56 39 drone
245 1 1692 422 52 39 drone
246 1 1691 422 51 38 drone
247 1 1687 418 53 38 drone
248 1 1684 415 52 37 drone
249 1 1681 414 53 37 drone
250 1 1679 411 52 37 drone
251 1 1676 410 53 37 drone
252 1 1672 408 54 37 drone
253 1 1671 408 52 37 drone
254 1 1669 408 52 37 drone
255 1 1666 407 52 38 drone
256 1 1664 406 52 38 drone
257 1 1661 406 53 38 drone
258 1 1659 405 52 38 drone
259 1 1656 405 54 38 drone
260 1 1654 404 54 39 drone
261 1 1653 406 54 39 drone
262 1 1652 405 54 39 drone
263 1 1653 406 52 39 drone
264 1 1652 407 52 39 drone
265 1 1652 410 51 39 drone
266 1 1653 412 50 39 drone
267 1 1654 415 50 39 drone
268 1 1653 418 51 39 drone
269 1 1654 421 52 39 drone
270 1 1653 424 53 40 drone
271 1 1656 427 51 39 drone
272 1 1657 431 52 39 drone
273 1 1660 435 51 39 drone
274 1 1662 439 50 39 drone
275 1 1665 443 50 39 drone
276 1 1667 447 50 39 drone
277 1 1669 451 50 39 drone
278 1 1672 455 49 39 drone
279 1 1674 459 51 39 drone
280 1 1677 463 51 39 drone
281 1 1680 468 50 38 drone
282 1 1683 473 50 38 drone
283 1 1688 478 49 38 drone
284 1 1692 483 49 38 drone
285 1 1696 489 49 38 drone
286 1 1699 494 49 37 drone
287 1 1703 499 50 37 drone
288 1 1707 504 50 37 drone
289 1 1711 509 50 37 drone
290 1 1715 515 50 37 drone
291 1 1719 519 49 36 drone
292 1 1723 526 48 35 drone
293 1 1727 531 47 34 drone
294 1 1731 535 46 34 drone
295 1 1735 540 46 33 drone
296 1 1740 545 45 32 drone
297 1 1743 549 44 32 drone
298 1 1747 553 43 31 drone
299 1 1751 558 42 30 drone
300 1 1756 563 42 30 drone
301 1 1758 565 42 30 drone
302 1 1761 567 42 30 drone
303 1 1764 569 42 30 drone
304 1 1766 572 42 30 drone
305 1 1769 574 42 30 drone
306 1 1772 576 42 30 drone
307 1 1774 579 42 30 drone
308 1 1777 581 42 30 drone
309 1 1780 583 42 30 drone
310 1 1783 586 42 30 drone
311 1 1784 587 41 30 drone
312 1 1788 588 41 30 drone
313 1 1790 591 40 31 drone
314 1 1794 593 40 31 drone
315 1 1792 594 40 32 drone
316 1 1795 595 39 32 drone
317 1 1795 599 39 32 drone
318 1 1796 600 38 33 drone
319 1 1796 602 38 33 drone
320 1 1798 604 38 34 drone
321 1 1796 606 38 33 drone
322 1 1794 608 38 33 drone
323 1 1792 610 38 33 drone
324 1 1790 613 38 33 drone
325 1 1788 615 38 33 drone
326 1 1786 617 38 33 drone
327 1 1784 620 38 33 drone
328 1 1782 622 38 33 drone
329 1 1780 626 38 33 drone
330 1 1778 628 38 33 drone
331 1 1776 629 38 33 drone
332 1 1774 632 38 33 drone
333 1 1772 634 38 33 drone
334 1 1770 637 38 33 drone
335 1 1768 639 38 33 drone
336 1 1766 642 38 33 drone
337 1 1764 644 38 33 drone
338 1 1762 647 38 33 drone
339 1 1760 649 38 33 drone
340 1 1758 652 38 34 drone
341 1 1755 655 38 33 drone
342 1 1752 661 38 33 drone
343 1 1749 663 38 33 drone
344 1 1747 667 38 33 drone
345 1 1744 671 38 33 drone
346 1 1741 674 38 33 drone
347 1 1739 678 38 33 drone
348 1 1736 682 38 33 drone
349 1 1733 686 38 33 drone
350 1 1731 690 38 33 drone
351 1 1728 694 38 32 drone
352 1 1726 700 38 30 drone
353 1 1724 704 38 32 drone
354 1 1721 708 38 31 drone
355 1 1719 714 38 30 drone
356 1 1717 717 38 30 drone
357 1 1714 722 38 30 drone
358 1 1712 726 38 30 drone
359 1 1710 730 38 31 drone
360 1 1708 735 38 30 drone
361 1 1706 740 38 29 drone
362 1 1704 744 38 30 drone
363 1 1702 748 38 30 drone
364 1 1700 753 38 29 drone
365 1 1699 758 38 29 drone
366 1 1697 762 38 29 drone
367 1 1695 767 38 28 drone
368 1 1693 771 38 28 drone
369 1 1692 775 38 29 drone
370 1 1690 779 38 29 drone
371 1 1687 783 38 29 drone
372 1 1684 787 38 29 drone
373 1 1681 791 38 29 drone
374 1 1678 794 38 29 drone
375 1 1675 798 38 29 drone
376 1 1672 803 38 27 drone
377 1 1669 807 38 26 drone
378 1 1667 810 38 25 drone
379 1 1663 815 38 25 drone
380 1 1661 816 38 26 drone
381 1 1659 818 37 27 drone
382 1 1655 822 37 26 drone
383 1 1652 826 36 25 drone
384 1 1651 828 36 25 drone
385 1 1648 830 36 27 drone
386 1 1644 832 35 26 drone
387 1 1642 835 35 26 drone
388 1 1639 838 34 26 drone
389 1 1636 841 34 26 drone
390 1 1634 844 34 26 drone
391 1 1630 846 34 25 drone
392 1 1627 848 34 25 drone
393 1 1624 850 34 25 drone
394 1 1620 852 34 24 drone
395 1 1618 856 35 24 drone
396 1 1613 859 35 24 drone
397 1 1610 862 35 23 drone
398 1 1607 864 35 22 drone
399 1 1604 864 35 23 drone
400 1 1601 866 36 23 drone
401 1 1597 867 35 23 drone
402 1 1594 868 35 24 drone
403 1 1591 869 35 24 drone
404 1 1588 871 35 25 drone
405 1 1585 872 35 25 drone
406 1 1581 873 35 26 drone
407 1 1578 875 35 26 drone
408 1 1575 876 35 27 drone
409 1 1572 877 35 27 drone
410 1 1569 879 35 28 drone
411 1 1566 881 34 27 drone
412 1 1564 884 34 27 drone
413 1 1561 886 33 27 drone
414 1 1559 889 33 27 drone
415 1 1556 891 33 27 drone
416 1 1554 894 32 26 drone
417 1 1551 896 32 26 drone
418 1 1549 899 31 26 drone
419 1 1546 901 31 26 drone
420 1 1544 904 31 26 drone
421 1 1543 906 31 26 drone
422 1 1540 908 31 26 drone
423 1 1539 910 31 26 drone
424 1 1538 912 31 27 drone
425 1 1538 914 31 27 drone
426 1 1537 916 31 27 drone
427 1 1538 918 31 28 drone
428 1 1537 920 31 28 drone
429 1 1540 922 31 28 drone
430 1 1540 925 31 29 drone
431 1 1545 926 31 29 drone
432 1 1551 928 31 29 drone
433 1 1555 930 31 29 drone
434 1 1560 931 31 29 drone
435 1 1565 933 31 29 drone
436 1 1570 935 31 29 drone
437 1 1576 936 31 29 drone
438 1 1583 938 31 29 drone
439 1 1590 940 31 29 drone
440 1 1596 942 31 29 drone
441 1 1604 943 31 28 drone
442 1 1612 945 31 27 drone
443 1 1618 950 31 26 drone
444 1 1627 953 31 25 drone
445 1 1636 957 31 24 drone
446 1 1644 957 31 23 drone
447 1 1651 960 31 22 drone
448 1 1659 960 31 21 drone
449 1 1668 959 31 20 drone
450 1 1676 959 31 19 drone
451 1 1684 957 31 19 drone
452 1 1692 956 31 19 drone
453 1 1700 954 31 19 drone
454 1 1708 953 31 19 drone
455 1 1715 949 31 20 drone
456 1 1723 947 31 20 drone
457 1 1730 946 31 20 drone
458 1 1738 945 31 20 drone
459 1 1748 945 31 20 drone
460 1 1756 944 31 21 drone
461 1 1767 945 31 21 drone
462 1 1778 946 31 21 drone
463 1 1789 947 31 21 drone
464 1 1800 948 31 21 drone
465 1 1810 949 31 21 drone
466 1 1823 950 31 21 drone
467 1 1831 951 31 21 drone
468 1 1845 952 31 21 drone
469 1 1856 953 31 21 drone
470 1 1868 954 31 21 drone
471 1 1882 955 31 20 drone
472 1 1897 956 31 20 drone
473 1 1912 957 31 20 drone
474 1 1926 959 31 20 drone
475 1 1941 960 31 20 drone
476 1 1956 961 31 19 drone
477 1 1970 963 31 19 drone
478 1 1985 964 31 19 drone
479 1 2000 965 31 19 drone
480 1 2015 967 31 19 drone
481 1 2031 968 31 19 drone
482 1 2048 969 31 19 drone
483 1 2064 970 31 19 drone
484 1 2081 972 31 19 drone
485 1 2097 973 31 20 drone
486 1 2114 974 31 20 drone
487 1 2130 976 31 20 drone
488 1 2147 977 31 20 drone
489 1 2163 978 31 20 drone
490 1 2180 980 31 21 drone
491 1 2194 980 31 21 drone
492 1 2209 981 31 22 drone
493 1 2224 981 31 23 drone
494 1 2242 983 31 24 drone
495 1 2254 983 31 25 drone
496 1 2271 985 31 25 drone
497 1 2286 984 31 26 drone
498 1 2303 984 31 27 drone
499 1 2315 985 31 28 drone
500 1 2329 986 31 29 drone
501 1 2339 987 31 28 drone
502 1 2350 988 31 28 drone
503 1 2362 990 31 27 drone
504 1 2374 991 31 27 drone
505 1 2385 993 31 26 drone
506 1 2394 993 31 26 drone
507 1 2405 995 31 25 drone
508 1 2415 997 31 25 drone
509 1 2424 998 31 24 drone
510 1 2435 1000 31 24 drone
511 1 2446 1000 31 24 drone
512 1 2457 1001 31 24 drone
513 1 2466 1003 31 24 drone
514 1 2479 1003 31 24 drone
515 1 2485 1004 31 24 drone
516 1 2497 1005 31 24 drone
517 1 2507 1007 31 24 drone
518 1 2519 1008 31 24 drone
519 1 2533 1010 31 24 drone
520 1 2544 1009 31 25 drone
521 1 2558 1011 31 25 drone
522 1 2572 1011 31 25 drone
523 1 2586 1013 31 25 drone
524 1 2601 1013 31 25 drone
525 1 2615 1014 31 25 drone
526 1 2630 1014 31 25 drone
527 1 2644 1015 31 25 drone
528 1 2659 1016 31 25 drone
529 1 2674 1016 31 25 drone
530 1 2689 1016 31 26 drone
531 1 2704 1017 31 25 drone
532 1 2719 1018 31 25 drone
533 1 2734 1019 31 25 drone
534 1 2749 1020 31 24 drone
535 1 2764 1021 31 24 drone
536 1 2779 1022 31 24 drone
537 1 2794 1023 31 23 drone
538 1 2809 1024 31 23 drone
539 1 2824 1025 31 23 drone
540 1 2839 1026 31 23 drone
541 1 2854 1025 31 23 drone
542 1 2869 1024 31 23 drone
543 1 2884 1026 31 23 drone
544 1 2898 1026 31 23 drone
545 1 2916 1025 31 24 drone
546 1 2931 1023 31 24 drone
547 1 2946 1024 31 22 drone
548 1 2961 1023 31 22 drone
549 1 2976 1021 31 24 drone
550 1 2991 1020 31 25 drone
551 1 3005 1018 31 25 drone
552 1 3020 1020 31 23 drone
553 1 3034 1016 31 26 drone
554 1 3048 1016 31 24 drone
555 1 3064 1017 31 24 drone
556 1 3077 1014 31 26 drone
557 1 3092 1013 31 27 drone
558 1 3106 1012 31 28 drone
559 1 3119 1010 31 28 drone
560 1 3134 1009 31 29 drone
561 1 3147 1008 31 28 drone
562 1 3161 1013 31 24 drone
563 1 3172 1011 31 24 drone
564 1 3185 1009 31 25 drone
565 1 3197 1009 31 24 drone
566 1 3211 1008 31 25 drone
567 1 3226 1007 31 26 drone
568 1 3239 1005 31 26 drone
569 1 3252 1004 31 26 drone
570 1 3266 1004 31 26 drone
571 1 3282 1002 31 25 drone
572 1 3299 1001 32 25 drone
573 1 3316 1000 33 25 drone
574 1 3333 999 33 25 drone
575 1 3350 998 34 25 drone
576 1 3367 996 35 24 drone
577 1 3384 995 35 24 drone
578 1 3401 994 36 24 drone
579 1 3418 993 37 24 drone
580 1 3435 992 38 24 drone
581 1 3453 990 38 24 drone
582 1 3472 989 38 24 drone
583 1 3490 988 38 24 drone
584 1 3509 986 38 24 drone
585 1 3527 985 38 24 drone
586 1 3546 984 38 24 drone
587 1 3564 982 38 24 drone
588 1 3583 981 38 24 drone
589 1 3601 980 38 24 drone
590 1 3620 979 38 24 drone
591 1 3639 980 38 24 drone
592 1 3656 978 38 25 drone
593 1 3671 977 38 25 drone
594 1 3693 977 38 26 drone
595 1 3713 976 38 26 drone
596 1 3725 975 38 27 drone
597 1 3744 973 38 27 drone
598 1 3759 974 38 28 drone
599 1 3773 973 38 28 drone
600 1 3791 973 39 29 drone
601 1 3805 974 34 27 drone
602 1 3824 982 17 21 drone
603 0
604 0
605 0
606 0
607 0
608 0
609 0
610 0
611 0
612 0
613 0
614 0
615 0
616 0
617 0
618 0
619 0
620 0
621 0
622 0
623 0
624 0
625 0
626 0
627 0
628 0
629 0
630 0
631 0
632 0
633 0
634 0
635 0
636 0
637 0
638 0
639 0
640 0
641 0
642 0
643 0
644 0
645 0
646 0
647 0
648 0
649 0
650 0
651 0
652 0
653 0
654 0
655 0
656 0
657 0
658 0
659 0
660 0
661 0
662 0
663 0
664 0
665 0
666 0
667 0
668 0
669 0
670 0
671 0
672 0
673 0
674 0
675 0
676 0
677 0
678 0
679 0
680 0
681 0
682 0
683 0
684 0
685 0
686 0
687 0
688 0
689 0
690 0
691 0
692 0
693 0
694 0
695 0
696 0
697 0
698 0
699 0
700 0
701 0
702 0
703 0
704 0
705 0
706 0
707 0
708 0
709 0
710 0
711 0
712 0
713 0
714 0
715 0
716 0
717 0
718 0
719 0
720 0
721 0
722 0
723 0
724 0
725 0
726 0
727 0
728 0
729 0
730 0
731 0
732 0
733 0
734 1 3823 1114 17 16 drone
735 1 3819 1115 23 18 drone
736 1 3815 1115 24 20 drone
737 1 3810 1116 26 22 drone
738 1 3804 1116 29 24 drone
739 1 3798 1119 32 21 drone
740 1 3792 1120 35 25 drone
741 1 3785 1121 35 25 drone
742 1 3779 1123 35 26 drone
743 1 3773 1125 35 26 drone
744 1 3767 1127 35 26 drone
745 1 3761 1130 35 24 drone
746 1 3754 1133 35 25 drone
747 1 3748 1136 35 23 drone
748 1 3744 1137 35 24 drone
749 1 3736 1139 35 23 drone
750 1 3728 1139 35 23 drone
751 1 3723 1140 35 23 drone
752 1 3718 1140 35 23 drone
753 1 3712 1139 35 23 drone
754 1 3706 1139 35 21 drone
755 1 3702 1138 35 21 drone
756 1 3696 1136 35 21 drone
757 1 3689 1132 35 21 drone
758 1 3685 1127 35 23 drone
759 1 3680 1124 35 22 drone
760 1 3675 1118 35 23 drone
761 1 3669 1112 35 23 drone
762 1 3663 1107 35 23 drone
763 1 3657 1100 35 23 drone
764 1 3650 1093 35 24 drone
765 1 3646 1083 35 27 drone
766 1 3640 1076 35 27 drone
767 1 3635 1069 35 25 drone
768 1 3629 1060 35 25 drone
769 1 3623 1051 35 27 drone
770 1 3617 1042 35 26 drone
771 1 3613 1034 35 24 drone
772 1 3605 1024 35 24 drone
773 1 3601 1014 35 24 drone
774 1 3596 1004 35 24 drone
775 1 3590 994 35 24 drone
776 1 3585 984 35 24 drone
777 1 3578 975 35 23 drone
778 1 3576 965 35 23 drone
779 1 3570 956 35 23 drone
780 1 3566 948 35 23 drone
781 1 3563 939 35 23 drone
782 1 3558 931 35 23 drone
783 1 3554 923 35 24 drone
784 1 3552 914 35 26 drone
785 1 3548 907 35 24 drone
786 1 3545 900 35 24 drone
787 1 3541 893 35 24 drone
788 1 3538 886 35 25 drone
789 1 3534 879 35 24 drone
790 1 3531 870 35 25 drone
791 1 3529 862 35 25 drone
792 1 3526 854 35 25 drone
793 1 3523 845 35 26 drone
794 1 3522 837 35 25 drone
795 1 3518 824 35 28 drone
796 1 3516 817 35 28 drone
797 1 3514 806 35 28 drone
798 1 3512 794 35 28 drone
799 1 3509 785 35 28 drone
800 1 3507 773 35 28 drone
801 1 3506 762 35 28 drone
802 1 3504 752 35 25 drone
803 1 3501 740 35 27 drone
804 1 3500 730 35 25 drone
805 1 3498 718 35 26 drone
806 1 3496 707 35 26 drone
807 1 3494 695 35 26 drone
808 1 3492 684 35 28 drone
809 1 3490 672 35 28 drone
810 1 3489 661 35 28 drone
811 1 3486 650 35 28 drone
812 1 3484 639 35 28 drone
813 1 3480 629 35 26 drone
814 1 3479 617 35 26 drone
815 1 3474 607 35 25 drone
816 1 3472 598 35 25 drone
817 1 3470 588 35 25 drone
818 1 3467 577 35 25 drone
819 1 3464 566 32 26 drone
820 1 3462 557 32 28 drone
821 1 3456 549 33 28 drone
822 1 3450 541 35 28 drone
823 1 3447 534 33 28 drone
824 1 3442 527 33 28 drone
825 1 3437 521 33 28 drone
826 1 3432 513 32 28 drone
827 1 3426 509 34 28 drone
828 1 3419 504 34 28 drone
829 1 3414 497 34 28 drone
830 1 3409 494 33 28 drone
831 1 3400 491 33 26 drone
832 1 3393 487 33 28 drone
833 1 3388 484 32 25 drone
834 1 3377 485 33 25 drone
835 1 3370 479 34 26 drone
836 1 3361 477 35 25 drone
837 1 3355 474 35 28 drone
838 1 3345 472 35 28 drone
839 1 3336 473 35 26 drone
840 1 3326 471 35 28 drone
841 1 3316 472 34 26 drone
842 1 3309 471 34 27 drone
843 1 3295 472 34 27 drone
844 1 3286 472 33 27 drone
845 1 3275 471 33 27 drone
846 1 3262 475 33 24 drone
847 1 3252 475 32 24 drone
848 1 3241 474 32 26 drone
849 1 3230 476 32 26 drone
850 1 3220 477 32 26 drone
851 1 3206 479 32 26 drone
852 1 3193 480 32 26 drone
853 1 3180 483 32 26 drone
854 1 3166 485 33 26 drone
855 1 3154 485 33 27 drone
856 1 3140 489 33 27 drone
857 1 3126 491 34 27 drone
858 1 3113 493 34 27 drone
859 1 3100 495 34 27 drone
860 1 3087 498 35 28 drone
861 1 3071 501 35 28 drone
862 1 3056 504 35 28 drone
863 1 3041 507 35 28 drone
864 1 3026 511 35 23 drone
865 1 3011 514 35 25 drone
866 1 2996 518 35 25 drone
867 1 2981 521 35 25 drone
868 1 2967 528 35 24 drone
869 1 2952 530 35 25 drone
870 1 2936 534 35 23 drone
871 1 2920 538 35 22 drone
872 1 2905 543 35 22 drone
873 1 2888 546 35 23 drone
874 1 2874 550 35 22 drone
875 1 2858 555 35 23 drone
876 1 2843 555 35 25 drone
877 1 2827 559 35 25 drone
878 1 2812 563 35 24 drone
879 1 2796 567 35 24 drone
880 1 2780 574 35 22 drone
881 1 2764 579 34 21 drone
882 1 2748 582 34 21 drone
883 1 2733 586 33 21 drone
884 1 2716 588 33 23 drone
885 1 2700 594 33 23 drone
886 1 2685 596 33 22 drone
887 1 2669 603 32 22 drone
888 1 2652 607 32 22 drone
889 1 2636 613 32 21 drone
890 1 2621 617 32 20 drone
891 1 2606 619 32 21 drone
892 1 2590 620 32 21 drone
893 1 2574 623 32 20 drone
894 1 2560 625 33 19 drone
895 1 2545 627 32 18 drone
896 1 2533 628 30 16 drone
897 1 2522 625 31 19 drone
898 1 2508 625 34 18 drone
899 1 2495 622 34 18 drone
900 1 2482 617 35 18 drone
901 1 2473 614 34 18 drone
902 1 2464 612 34 18 drone
903 1 2454 611 34 18 drone
904 1 2445 609 34 19 drone
905 1 2433 607 34 19 drone
906 1 2423 606 33 19 drone
907 1 2413 603 33 20 drone
908 1 2407 603 33 20 drone
909 1 2395 600 33 20 drone
910 1 2387 599 33 21 drone
911 1 2378 601 32 21 drone
912 1 2369 603 32 21 drone
913 1 2359 605 32 21 drone
914 1 2352 606 32 22 drone
915 1 2340 607 32 22 drone
916 1 2333 609 31 22 drone
917 1 2323 610 31 23 drone
918 1 2312 615 31 19 drone
919 1 2302 617 31 20 drone
920 1 2293 621 31 20 drone
921 1 2281 622 31 23 drone
922 1 2270 625 31 21 drone
923 1 2259 630 31 20 drone
924 1 2249 634 31 20 drone
925 1 2236 634 31 23 drone
926 1 2225 637 31 23 drone
927 1 2213 640 31 23 drone
928 1 2202 643 31 23 drone
929 1 2191 646 31 23 drone
930 1 2180 650 32 23 drone
931 1 2167 653 32 22 drone
932 1 2155 657 32 22 drone
933 1 2143 661 32 22 drone
934 1 2130 665 32 22 drone
935 1 2118 669 32 22 drone
936 1 2106 673 32 22 drone
937 1 2093 677 32 22 drone
938 1 2081 681 32 22 drone
939 1 2071 685 30 20 drone
940 1 2057 689 32 22 drone
941 1 2046 691 31 21 drone
942 1 2036 694 30 20 drone
943 1 2026 697 29 20 drone
944 1 2015 700 28 19 drone
945 1 2005 703 27 19 drone
946 1 1995 705 26 18 drone
947 1 1984 708 25 17 drone
948 1 1974 711 24 17 drone
949 1 1964 714 23 16 drone
950 1 1954 717 22 16 drone
951 1 1944 718 22 16 drone
952 1 1936 719 22 16 drone
953 1 1924 720 22 16 drone
954 1 1916 720 22 16 drone
955 1 1907 723 22 16 drone
956 1 1898 724 22 16 drone
957 1 1892 725 22 16 drone
958 1 1882 726 22 16 drone
959 1 1875 727 22 16 drone
960 1 1867 729 22 16 drone
961 1 1861 729 22 16 drone
962 1 1853 729 22 16 drone
963 1 1846 731 22 16 drone
964 1 1841 731 22 16 drone
965 1 1835 732 22 16 drone
966 1 1829 732 22 16 drone
967 1 1822 731 22 16 drone
968 1 1818 732 22 16 drone
969 1 1813 733 22 16 drone
970 1 1808 732 22 16 drone
971 1 1803 732 22 16 drone
972 1 1799 732 22 16 drone
973 1 1794 732 22 16 drone
974 1 1790 732 22 16 drone
975 1 1784 732 22 16 drone
976 1 1779 732 22 16 drone
977 1 1774 733 22 16 drone
978 1 1770 732 22 16 drone
979 1 1766 734 22 15 drone
980 1 1763 733 22 14 drone
981 1 1759 732 22 15 drone
982 1 1755 731 22 16 drone
983 1 1750 730 22 16 drone
984 1 1749 729 22 16 drone
985 1 1744 729 22 16 drone
986 1 1742 728 22 16 drone
987 1 1740 727 22 16 drone
988 1 1737 726 22 16 drone
989 1 1734 725 22 16 drone
990 1 1731 725 22 16 drone
991 1 1730 723 22 16 drone
992 1 1730 722 22 16 drone
993 1 1729 722 22 16 drone
994 1 1727 720 22 16 drone
995 1 1727 719 22 16 drone
996 1 1726 718 22 16 drone
997 1 1728 716 22 16 drone
998 1 1728 715 22 16 drone
999 1 1729 714 22 16 drone
1000 1 1729 713 22 16 drone
1001 1 1730 712 22 16 drone
1002 1 1731 711 22 16 drone
1003 1 1733 710 22 16 drone
1004 1 1734 707 22 16 drone
1005 1 1736 708 22 16 drone
1006 1 1737 707 22 16 drone
1007 1 1738 706 22 16 drone
1008 1 1740 705 22 16 drone
1009 1 1741 704 22 16 drone
1010 1 1743 703 22 16 drone
1011 1 1746 702 22 16 drone
1012 1 1749 701 22 16 drone
1013 1 1752 700 22 16 drone
1014 1 1755 699 23 16 drone
1015 1 1758 698 23 17 drone
1016 1 1761 697 23 17 drone
1017 1 1764 696 24 17 drone
1018 1 1767 695 24 17 drone
1019 1 1770 694 24 17 drone
1020 1 1774 693 25 18 drone
1021 1 1777 692 25 18 drone
1022 1 1780 691 25 18 drone
1023 1 1783 691 25 18 drone
1024 1 1786 690 25 18 drone
1025 1 1789 690 25 18 drone
1026 1 1792 689 25 18 drone
1027 1 1795 688 25 18 drone
1028 1 1799 688 25 18 drone
1029 1 1801 687 25 18 drone
1030 1 1804 687 25 18 drone
1031 1 1805 684 25 18 drone
1032 1 1808 682 25 18 drone
1033 1 1810 681 25 18 drone
1034 1 1813 678 25 18 drone
1035 1 1814 676 25 18 drone
1036 1 1816 673 25 18 drone
1037 1 1816 670 25 18 drone
1038 1 1818 667 25 18 drone
1039 1 1819 663 25 18 drone
1040 1 1820 659 25 18 drone
1041 1 1820 654 25 18 drone
1042 1 1821 650 25 18 drone
1043 1 1821 646 25 18 drone
1044 1 1822 641 25 18 drone
1045 1 1823 636 25 18 drone
1046 1 1823 633 25 18 drone
1047 1 1824 627 25 18 drone
1048 1 1825 623 25 18 drone
1049 1 1825 620 25 18 drone
1050 1 1826 617 25 18 drone
1051 1 1826 614 25 18 drone
1052 1 1826 611 25 18 drone
1053 1 1827 609 25 18 drone
1054 1 1827 608 25 18 drone
1055 1 1827 606 25 18 drone
1056 1 1827 603 25 18 drone
1057 1 1828 602 25 18 drone
1058 1 1828 600 25 18 drone
1059 1 1828 600 25 18 drone
1060 1 1829 599 25 18 drone
1061 1 1828 598 25 18 drone
1062 1 1827 597 25 18 drone
1063 1 1827 596 25 18 drone
1064 1 1826 595 25 18 drone
1065 1 1826 595 25 18 drone
1066 1 1825 594 25 18 drone
1067 1 1824 593 25 18 drone
1068 1 1824 592 25 18 drone
1069 1 1823 591 25 18 drone
1070 1 1823 591 25 18 drone
1071 1 1823 589 25 18 drone
1072 1 1823 587 25 18 drone
1073 1 1823 585 25 18 drone
1074 1 1824 584 25 18 drone
1075 1 1824 582 25 18 drone
1076 1 1824 580 25 18 drone
1077 1 1825 579 25 18 drone
1078 1 1825 577 25 18 drone
1079 1 1825 575 25 18 drone
1080 1 1826 574 25 18 drone
1081 1 1826 572 25 18 drone
1082 1 1827 571 25 18 drone
1083 1 1828 570 25 18 drone
1084 1 1829 569 25 18 drone
1085 1 1830 567 25 18 drone
1086 1 1830 565 25 18 drone
1087 1 1831 565 25 18 drone
1088 1 1832 564 25 18 drone
1089 1 1833 563 25 18 drone
1090 1 1834 562 25 18 drone
1091 1 1834 561 25 18 drone
1092 1 1835 561 25 18 drone
1093 1 1836 561 25 18 drone
1094 1 1836 561 25 18 drone
1095 1 1837 561 25 18 drone
1096 1 1838 561 25 18 drone
1097 1 1838 561 25 18 drone
1098 1 1839 561 25 18 drone
1099 1 1840 561 25 18 drone
1100 1 1841 561 25 18 drone
1101 1 1842 561 25 18 drone
1102 1 1843 561 25 18 drone
1103 1 1844 561 25 18 drone
1104 1 1845 562 23 18 drone
1105 1 1846 562 23 18 drone
1106 1 1847 562 25 18 drone
1107 1 1848 563 23 18 drone
1108 1 1849 563 23 18 drone
1109 1 1850 563 25 18 drone
1110 1 1852 564 25 18 drone
1111 1 1856 564 23 18 drone
1112 1 1860 564 21 18 drone
1113 1 1864 565 21 18 drone
1114 1 1866 565 22 18 drone
1115 1 1870 566 20 18 drone
1116 1 1874 566 21 18 drone
1117 1 1878 566 22 18 drone
1118 1 1883 567 22 18 drone
1119 1 1888 567 22 18 drone
1120 1 1894 568 23 18 drone
1121 1 1899 568 25 18 drone
1122 1 1907 569 23 18 drone
1123 1 1915 569 22 18 drone
1124 1 1920 570 25 18 drone
1125 1 1929 569 22 18 drone
1126 1 1937 569 23 18 drone
1127 1 1945 570 23 18 drone
1128 1 1953 569 24 18 drone
1129 1 1962 570 25 18 drone
1130 1 1970 571 25 18 drone
1131 1 1979 571 25 18 drone
1132 1 1989 571 25 18 drone
1133 1 1999 572 25 18 drone
1134 1 2009 572 25 18 drone
1135 1 2019 573 25 18 drone
1136 1 2029 573 25 18 drone
1137 1 2039 573 25 18 drone
1138 1 2049 574 25 18 drone
1139 1 2059 574 25 18 drone
1140 1 2069 575 25 18 drone
1141 1 2078 575 24 18 drone
1142 1 2087 575 24 18 drone
1143 1 2097 575 24 18 drone
1144 1 2107 575 24 18 drone
1145 1 2117 575 24 19 drone
1146 1 2126 575 24 19 drone
1147 1 2135 575 24 19 drone
1148 1 2144 575 24 19 drone
1149 1 2152 574 24 19 drone
1150 1 2160 575 22 18 drone
1151 1 2167 575 24 20 drone
1152 1 2176 575 22 19 drone
1153 1 2182 575 22 18 drone
1154 1 2189 576 23 18 drone
1155 1 2195 576 24 20 drone
1156 1 2201 576 24 20 drone
1157 1 2207 577 24 20 drone
1158 1 2212 577 24 20 drone
1159 1 2216 577 24 20 drone
1160 1 2222 578 24 20 drone
1161 1 2226 578 24 20 drone
1162 1 2231 578 24 20 drone
1163 1 2236 579 24 20 drone
1164 1 2241 579 24 20 drone
1165 1 2246 580 24 20 drone
1166 1 2250 580 24 20 drone
1167 1 2255 580 24 20 drone
1168 1 2260 581 24 20 drone
1169 1 2265 581 24 20 drone
1170 1 2270 582 24 20 drone
1171 1 2277 582 24 20 drone
1172 1 2284 583 24 20 drone
1173 1 2288 583 24 20 drone
1174 1 2295 584 24 20 drone
1175 1 2303 585 24 20 drone
1176 1 2310 585 24 20 drone
1177 1 2319 586 24 20 drone
1178 1 2326 586 24 20 drone
1179 1 2333 587 24 20 drone
1180 1 2342 588 24 20 drone
1181 1 2350 588 24 20 drone
1182 1 2360 589 24 20 drone
1183 1 2367 589 24 20 drone
1184 1 2377 590 24 20 drone
1185 1 2385 590 24 20 drone
1186 1 2390 591 24 20 drone
1187 1 2402 591 24 20 drone
1188 1 2408 592 24 20 drone
1189 1 2415 592 24 20 drone
1190 1 2423 593 24 20 drone
1191 1 2430 593 24 20 drone
1192 1 2437 592 24 20 drone
1193 1 2443 594 24 20 drone
1194 1 2449 594 24 20 drone
1195 1 2458 594 24 20 drone
1196 1 2461 595 24 20 drone
1197 1 2468 595 24 20 drone
1198 1 2473 596 24 20 drone
1199 1 2477 596 24 20 drone
1200 1 2482 597 24 20 drone
1201 1 2488 597 24 20 drone
1202 1 2494 598 24 20 drone
1203 1 2500 599 24 20 drone
1204 1 2507 599 24 20 drone
1205 1 2513 600 24 20 drone
1206 1 2519 601 24 20 drone
1207 1 2526 601 24 20 drone
1208 1 2532 602 24 20 drone
1209 1 2538 603 24 20 drone
1210 1 2545 604 24 20 drone
1211 1 2554 604 24 20 drone
1212 1 2563 605 24 20 drone
1213 1 2572 606 24 20 drone
1214 1 2581 606 24 20 drone
1215 1 2590 607 24 20 drone
1216 1 2599 608 24 20 drone
1217 1 2608 608 24 20 drone
1218 1 2617 609 24 20 drone
1219 1 2626 610 24 20 drone
1220 1 2635 611 24 20 drone
1221 1 2646 611 24 20 drone
1222 1 2658 612 24 20 drone
1223 1 2669 613 24 20 drone
1224 1 2681 614 24 20 drone
1225 1 2693 615 24 20 drone
1226 1 2704 615 24 20 drone
1227 1 2716 616 24 20 drone
1228 1 2727 617 24 20 drone
1229 1 2739 618 24 20 drone
1230 1 2751 619 24 20 drone
1231 1 2763 619 24 20 drone
1232 1 2776 620 24 20 drone
1233 1 2789 621 24 20 drone
1234 1 2802 622 24 20 drone
1235 1 2815 623 24 20 drone
1236 1 2827 623 24 20 drone
1237 1 2840 624 24 20 drone
1238 1 2853 625 24 20 drone
1239 1 2866 626 24 20 drone
1240 1 2879 627 24 20 drone
1241 1 2890 628 23 20 drone
1242 1 2902 629 23 20 drone
1243 1 2913 630 23 20 drone
1244 1 2928 630 22 20 drone
1245 1 2940 632 22 20 drone
1246 1 2951 633 22 20 drone
1247 1 2963 634 21 20 drone
1248 1 2972 635 21 20 drone
1249 1 2983 636 21 20 drone
1250 1 2995 638 21 21 drone
1251 1 3003 639 21 20 drone
1252 1 3011 640 22 20 drone
1253 1 3019 641 22 20 drone
1254 1 3028 642 23 19 drone
1255 1 3036 644 24 19 drone
1256 1 3044 645 24 19 drone
1257 1 3053 646 25 18 drone
1258 1 3061 647 25 18 drone
1259 1 3069 648 26 18 drone
1260 1 3078 650 27 18 drone
1261 1 3087 650 27 18 drone
1262 1 3096 651 27 18 drone
1263 1 3105 652 27 18 drone
1264 1 3115 653 27 18 drone
1265 1 3124 654 27 18 drone
1266 1 3133 655 27 18 drone
1267 1 3143 656 27 18 drone
1268 1 3152 657 27 18 drone
1269 1 3161 658 27 18 drone
1270 1 3171 659 27 18 drone
1271 1 3181 660 27 18 drone
1272 1 3191 661 27 18 drone
1273 1 3201 662 27 18 drone
1274 1 3211 663 27 18 drone
1275 1 3221 665 27 18 drone
1276 1 3231 666 27 18 drone
1277 1 3241 667 27 18 drone
1278 1 3251 668 27 18 drone
1279 1 3261 669 27 18 drone
1280 1 3272 671 27 18 drone
1281 1 3281 671 27 18 drone
1282 1 3291 672 27 18 drone
1283 1 3301 672 27 18 drone
1284 1 3311 673 27 18 drone
1285 1 3321 674 27 18 drone
1286 1 3330 674 27 18 drone
1287 1 3340 675 27 18 drone
1288 1 3350 675 27 18 drone
1289 1 3360 676 27 18 drone
1290 1 3370 677 27 18 drone
1291 1 3379 676 27 18 drone
1292 1 3388 675 27 18 drone
1293 1 3397 675 27 18 drone
1294 1 3406 674 27 18 drone
1295 1 3416 674 27 18 drone
1296 1 3425 673 27 18 drone
1297 1 3434 672 27 18 drone
1298 1 3443 672 27 18 drone
1299 1 3452 671 27 18 drone
1300 1 3462 671 27 18 drone
1301 1 3469 670 27 18 drone
1302 1 3476 670 27 18 drone
1303 1 3483 669 27 18 drone
1304 1 3490 669 27 18 drone
1305 1 3497 669 27 18 drone
1306 1 3505 668 27 18 drone
1307 1 3512 668 27 18 drone
1308 1 3519 667 27 18 drone
1309 1 3527 667 27 18 drone
1310 1 3533 667 27 18 drone
1311 1 3539 665 27 18 drone
1312 1 3545 664 27 18 drone
1313 1 3551 665 27 18 drone
1314 1 3557 664 27 18 drone
1315 1 3563 664 27 18 drone
1316 1 3570 662 27 18 drone
1317 1 3576 662 27 18 drone
1318 1 3581 659 27 18 drone
1319 1 3588 659 27 18 drone
1320 1 3595 656 27 18 drone
1321 1 3601 653 26 18 drone
1322 1 3607 651 26 18 drone
1323 1 3613 649 26 18 drone
1324 1 3621 648 26 18 drone
1325 1 3627 645 26 19 drone
1326 1 3635 642 26 19 drone
1327 1 3641 640 26 19 drone
1328 1 3649 638 26 19 drone
1329 1 3652 636 26 19 drone
1330 1 3658 634 26 20 drone
1331 1 3661 631 26 20 drone
1332 1 3668 629 26 20 drone
1333 1 3672 626 26 20 drone
1334 1 3676 624 26 20 drone
1335 1 3681 621 26 20 drone
1336 1 3682 619 26 20 drone
1337 1 3687 616 26 20 drone
1338 1 3690 614 26 20 drone
1339 1 3691 611 26 20 drone
1340 1 3695 609 26 20 drone
1341 1 3696 606 26 20 drone
1342 1 3697 604 26 20 drone
1343 1 3698 601 26 20 drone
1344 1 3699 599 26 20 drone
1345 1 3700 597 26 20 drone
1346 1 3701 594 26 20 drone
1347 1 3702 592 26 20 drone
1348 1 3703 589 26 20 drone
1349 1 3704 587 26 20 drone
1350 1 3705 585 26 20 drone
1351 1 3704 582 26 20 drone
1352 1 3703 579 26 20 drone
1353 1 3702 576 26 20 drone
1354 1 3702 573 26 20 drone
1355 1 3703 571 26 20 drone
1356 1 3702 566 26 20 drone
1357 1 3701 565 26 20 drone
1358 1 3699 561 26 20 drone
1359 1 3696 559 26 20 drone
1360 1 3696 557 26 20 drone
1361 1 3692 554 26 20 drone
1362 1 3688 551 26 20 drone
1363 1 3685 548 26 20 drone
1364 1 3681 545 26 20 drone
1365 1 3680 542 26 20 drone
1366 1 3677 539 26 20 drone
1367 1 3670 536 26 20 drone
1368 1 3669 533 26 20 drone
1369 1 3663 530 26 20 drone
1370 1 3660 528 26 20 drone
1371 1 3653 525 26 20 drone
1372 1 3646 522 26 20 drone
1373 1 3640 519 26 20 drone
1374 1 3633 516 27 21 drone
1375 1 3627 514 27 21 drone
1376 1 3620 511 27 21 drone
1377 1 3614 508 28 22 drone
1378 1 3607 505 28 22 drone
1379 1 3600 502 28 22 drone
1380 1 3594 500 29 23 drone
1381 1 3584 497 29 23 drone
1382 1 3575 495 29 23 drone
1383 1 3566 492 29 23 drone
1384 1 3557 490 29 23 drone
1385 1 3548 488 29 23 drone
1386 1 3538 485 29 23 drone
1387 1 3531 483 29 23 drone
1388 1 3520 480 29 23 drone
1389 1 3511 478 29 23 drone
1390 1 3502 476 29 23 drone
1391 1 3490 473 29 23 drone
1392 1 3479 471 29 23 drone
1393 1 3468 469 29 23 drone
1394 1 3457 466 29 23 drone
1395 1 3446 464 29 23 drone
1396 1 3434 462 29 23 drone
1397 1 3423 459 29 23 drone
1398 1 3412 457 29 23 drone
1399 1 3401 455 29 23 drone
1400 1 3390 453 29 23 drone
1401 1 3376 451 29 23 drone
1402 1 3363 449 29 23 drone
1403 1 3350 447 29 23 drone
1404 1 3337 445 29 23 drone
1405 1 3324 443 29 23 drone
1406 1 3311 441 29 23 drone
1407 1 3298 439 29 23 drone
1408 1 3285 437 29 23 drone
1409 1 3272 435 29 23 drone
1410 1 3259 434 29 23 drone
1411 1 3244 431 29 23 drone
1412 1 3230 428 29 23 drone
1413 1 3215 425 29 23 drone
1414 1 3201 423 29 23 drone
1415 1 3186 420 29 23 drone
1416 1 3172 417 29 23 drone
1417 1 3157 415 29 23 drone
1418 1 3143 412 29 23 drone
1419 1 3128 409 29 23 drone
1420 1 3114 407 29 23 drone
1421 1 3098 404 29 23 drone
1422 1 3083 401 29 23 drone
1423 1 3067 398 29 23 drone
1424 1 3052 395 29 23 drone
1425 1 3037 392 29 23 drone
1426 1 3021 389 29 23 drone
1427 1 3006 386 29 23 drone
1428 1 2990 383 29 23 drone
1429 1 2975 380 29 23 drone
1430 1 2960 377 29 23 drone
1431 1 2946 375 29 23 drone
1432 1 2932 373 29 23 drone
1433 1 2918 368 29 23 drone
1434 1 2904 366 29 23 drone
1435 1 2890 364 29 23 drone
1436 1 2877 365 29 23 drone
1437 1 2861 361 29 23 drone
1438 1 2850 360 29 23 drone
1439 1 2836 359 29 23 drone
1440 1 2823 358 29 23 drone
1441 1 2812 359 29 23 drone
1442 1 2801 360 29 23 drone
1443 1 2790 361 29 23 drone
1444 1 2779 362 29 23 drone
1445 1 2766 363 29 23 drone
1446 1 2754 365 29 23 drone
1447 1 2744 367 29 23 drone
1448 1 2734 369 29 23 drone
1449 1 2724 369 29 23 drone
1450 1 2715 370 29 23 drone
1451 1 2706 372 29 23 drone
1452 1 2698 375 29 23 drone
1453 1 2689 378 29 23 drone
1454 1 2681 381 29 23 drone
1455 1 2672 384 29 23 drone
1456 1 2664 386 29 23 drone
1457 1 2655 389 29 23 drone
1458 1 2647 392 29 23 drone
1459 1 2638 395 29 23 drone
1460 1 2630 398 29 23 drone
1461 1 2621 398 29 23 drone
1462 1 2612 399 29 23 drone
1463 1 2604 400 29 23 drone
1464 1 2598 402 29 23 drone
1465 1 2588 404 29 23 drone
1466 1 2580 403 29 23 drone
1467 1 2572 403 29 23 drone
1468 1 2561 403 29 23 drone
1469 1 2555 405 29 23 drone
1470 1 2544 405 29 23 drone
1471 1 2533 405 29 23 drone
1472 1 2522 406 29 23 drone
1473 1 2512 406 29 23 drone
1474 1 2501 407 29 23 drone
1475 1 2493 408 29 23 drone
1476 1 2480 408 29 23 drone
1477 1 2469 408 29 23 drone
1478 1 2459 409 29 23 drone
1479 1 2448 409 29 23 drone
1480 1 2438 410 29 23 drone
1481 1 2427 411 29 23 drone
1482 1 2417 413 29 23 drone
1483 1 2407 412 29 23 drone
1484 1 2396 415 29 23 drone
1485 1 2384 415 29 23 drone
1486 1 2375 417 29 23 drone
1487 1 2363 420 29 23 drone
1488 1 2356 422 29 23 drone
1489 1 2345 424 29 23 drone
1490 1 2335 427 29 23 drone
1491 1 2329 427 29 23 drone
1492 1 2320 428 29 23 drone
1493 1 2314 429 29 23 drone
1494 1 2305 429 29 23 drone
1495 1 2298 429 29 23 drone
1496 1 2293 429 29 23 drone
1497 1 2287 429 29 23 drone
1498 1 2282 428 29 23 drone
1499 1 2279 428 29 23 drone
1500 1 2273 429 29 23 drone
1501 1 2270 428 29 23 drone
1502 1 2268 428 29 23 drone
1503 1 2265 428 29 23 drone
1504 1 2261 427 29 23 drone
1505 1 2261 428 29 23 drone
1506 1 2255 427 29 23 drone
1507 1 2255 427 29 23 drone
1508 1 2253 427 29 23 drone
1509 1 2251 427 29 23 drone
1510 1 2249 427 29 23 drone
1511 1 2248 427 29 23 drone
1512 1 2247 427 29 23 drone
1513 1 2247 427 29 23 drone
1514 1 2246 428 29 23 drone
1515 1 2246 428 29 23 drone
1516 1 2245 428 29 23 drone
1517 1 2244 429 29 23 drone
1518 1 2244 429 29 23 drone
1519 1 2243 429 29 23 drone
1520 1 2243 430 29 23 drone
1521 1 2243 430 29 23 drone
1522 1 2243 431 29 23 drone
1523 1 2243 432 29 23 drone
1524 1 2243 433 29 23 drone
1525 1 2244 434 29 23 drone
1526 1 2244 435 29 23 drone
1527 1 2244 436 29 23 drone
1528 1 2244 437 29 23 drone
1529 1 2244 438 29 23 drone
1530 1 2245 439 29 23 drone
1531 1 2245 440 29 23 drone
1532 1 2245 441 29 23 drone
1533 1 2245 442 29 23 drone
1534 1 2245 444 29 23 drone
1535 1 2245 445 29 23 drone
1536 1 2245 446 29 23 drone
1537 1 2245 448 29 23 drone
1538 1 2245 449 29 23 drone
1539 1 2245 450 29 23 drone
1540 1 2245 452 29 23 drone
1541 1 2244 453 29 23 drone
1542 1 2244 454 29 23 drone
1543 1 2244 455 29 23 drone
1544 1 2244 457 29 23 drone
1545 1 2244 458 29 23 drone
1546 1 2243 459 29 23 drone
1547 1 2243 461 29 23 drone
1548 1 2243 462 29 23 drone
1549 1 2243 463 29 23 drone
1550 1 2243 465 29 23 drone
1551 1 2242 466 29 23 drone
1552 1 2242 467 29 23 drone
1553 1 2242 470 29 23 drone
1554 1 2241 470 29 23 drone
1555 1 2240 472 29 23 drone
1556 1 2240 473 29 23 drone
1557 1 2239 474 29 23 drone
1558 1 2239 479 29 23 drone
1559 1 2238 477 29 23 drone
1560 1 2238 479 29 23 drone
1561 1 2237 480 29 23 drone
1562 1 2236 481 29 23 drone
1563 1 2235 482 29 23 drone
1564 1 2235 483 29 23 drone
1565 1 2234 484 29 23 drone
1566 1 2233 485 29 23 drone
1567 1 2233 486 29 23 drone
1568 1 2232 487 29 23 drone
1569 1 2231 491 29 23 drone
1570 1 2231 490 29 23 drone
1571 1 2230 491 29 23 drone
1572 1 2229 492 29 23 drone
1573 1 2228 493 29 23 drone
1574 1 2227 494 29 23 drone
1575 1 2226 495 29 23 drone
1576 1 2225 496 29 23 drone
1577 1 2224 497 29 23 drone
1578 1 2223 498 29 23 drone
1579 1 2222 499 29 23 drone
1580 1 2222 501 29 23 drone
1581 1 2221 501 29 23 drone
1582 1 2220 502 29 23 drone
1583 1 2219 502 29 23 drone
1584 1 2218 503 29 23 drone
1585 1 2217 504 29 23 drone
1586 1 2216 504 29 23 drone
1587 1 2215 505 29 23 drone
1588 1 2214 505 29 23 drone
1589 1 2213 506 29 23 drone
1590 1 2212 507 29 23 drone
1591 1 2211 508 29 23 drone
1592 1 2211 510 29 23 drone
1593 1 2210 511 29 23 drone
1594 1 2210 513 29 23 drone
1595 1 2209 513 29 23 drone
1596 1 2209 513 29 23 drone
1597 1 2208 516 29 23 drone
1598 1 2208 518 29 23 drone
1599 1 2207 521 29 23 drone
1600 1 2207 523 29 23 drone
1601 1 2206 527 29 23 drone
1602 1 2206 531 29 23 drone
1603 1 2206 535 29 23 drone
1604 1 2206 539 29 23 drone
1605 1 2206 543 29 23 drone
1606 1 2205 547 29 23 drone
1607 1 2205 551 29 23 drone
1608 1 2205 555 29 23 drone
1609 1 2205 559 29 23 drone
1610 1 2205 564 29 23 drone
1611 1 2205 566 29 23 drone
1612 1 2205 571 29 23 drone
1613 1 2206 573 29 23 drone
1614 1 2207 575 29 23 drone
1615 1 2207 578 29 23 drone
1616 1 2208 580 29 23 drone
1617 1 2208 579 27 22 drone
1618 1 2208 582 29 20 drone
1619 1 2208 583 29 21 drone
1620 1 2209 583 29 20 drone
1621 1 2208 582 29 20 drone
1622 1 2208 583 29 20 drone
1623 1 2208 583 29 19 drone
1624 1 2207 582 29 20 drone
1625 1 2208 581 29 19 drone
1626 1 2208 579 29 20 drone
1627 1 2207 578 29 20 drone
1628 1 2206 575 29 21 drone
1629 1 2206 572 29 22 drone
1630 1 2206 569 29 23 drone
1631 1 2204 566 29 23 drone
1632 1 2203 563 29 23 drone
1633 1 2202 560 29 23 drone
1634 1 2201 557 29 23 drone
1635 1 2200 555 29 23 drone
1636 1 2199 552 29 23 drone
1637 1 2198 549 29 23 drone
1638 1 2197 546 29 23 drone
1639 1 2196 543 29 23 drone
1640 1 2195 541 29 23 drone
1641 1 2189 538 29 23 drone
1642 1 2188 536 29 23 drone
1643 1 2184 533 29 23 drone
1644 1 2181 531 29 23 drone
1645 1 2177 528 29 23 drone
1646 1 2174 526 29 23 drone
1647 1 2170 523 29 23 drone
1648 1 2167 521 29 23 drone
1649 1 2163 518 29 23 drone
1650 1 2160 516 29 23 drone
1651 1 2156 513 29 23 drone
1652 1 2152 511 29 23 drone
1653 1 2148 509 29 23 drone
1654 1 2144 507 29 23 drone
1655 1 2140 505 29 23 drone
1656 1 2136 503 29 23 drone
1657 1 2132 501 29 23 drone
1658 1 2128 499 29 23 drone
1659 1 2124 497 29 23 drone
1660 1 2121 495 29 23 drone
1661 1 2117 492 29 23 drone
1662 1 2113 490 29 23 drone
1663 1 2110 488 29 23 drone
1664 1 2106 486 29 23 drone
1665 1 2103 484 29 23 drone
1666 1 2099 481 29 23 drone
1667 1 2095 479 29 23 drone
1668 1 2092 477 29 23 drone
1669 1 2088 475 29 23 drone
1670 1 2085 473 29 23 drone
1671 1 2081 471 29 23 drone
1672 1 2078 470 29 23 drone
1673 1 2074 469 29 23 drone
1674 1 2071 467 29 23 drone
1675 1 2067 466 29 23 drone
1676 1 2064 465 29 23 drone
1677 1 2060 463 29 23 drone
1678 1 2056 462 29 23 drone
1679 1 2053 461 29 23 drone
1680 1 2050 460 29 23 drone
1681 1 2048 459 29 23 drone
1682 1 2044 459 29 23 drone
1683 1 2041 457 29 23 drone
1684 1 2040 456 29 23 drone
1685 1 2038 457 29 23 drone
1686 1 2035 456 29 23 drone
1687 1 2035 456 29 23 drone
1688 1 2034 456 29 23 drone
1689 1 2032 455 29 23 drone
1690 1 2031 455 29 23 drone
1691 1 2030 455 29 23 drone
1692 1 2030 455 29 23 drone
1693 1 2030 455 29 23 drone
1694 1 2029 455 29 23 drone
1695 1 2029 455 29 23 drone
1696 1 2029 455 29 23 drone
1697 1 2028 455 29 23 drone
1698 1 2028 455 29 23 drone
1699 1 2028 455 29 23 drone
1700 1 2028 456 29 23 drone
1701 1 2028 456 29 23 drone
1702 1 2028 456 29 23 drone
1703 1 2028 457 29 23 drone
1704 1 2028 457 29 23 drone
1705 1 2028 458 29 23 drone
1706 1 2028 458 29 23 drone
1707 1 2028 458 29 23 drone
1708 1 2028 459 29 23 drone
1709 1 2028 459 29 23 drone
1710 1 2028 460 29 23 drone
1711 1 2028 459 29 23 drone
1712 1 2028 459 29 23 drone
1713 1 2028 463 29 23 drone
1714 1 2029 462 29 23 drone
1715 1 2029 462 29 23 drone
1716 1 2029 463 29 23 drone
1717 1 2030 460 29 23 drone
1718 1 2030 460 29 23 drone
1719 1 2030 459 29 23 drone
1720 1 2031 459 29 23 drone
1721 1 2031 459 29 23 drone
1722 1 2031 455 29 23 drone
1723 1 2031 457 29 23 drone
1724 1 2031 455 29 23 drone
1725 1 2032 453 29 23 drone
1726 1 2032 451 29 23 drone
1727 1 2032 448 29 23 drone
1728 1 2032 447 29 23 drone
1729 1 2032 446 29 23 drone
1730 1 2033 445 29 23 drone
1731 1 2031 442 29 23 drone
1732 1 2030 440 29 23 drone
1733 1 2029 437 29 23 drone
1734 1 2028 435 29 23 drone
1735 1 2027 433 29 24 drone
1736 1 2025 430 29 24 drone
1737 1 2024 428 29 24 drone
1738 1 2023 425 29 24 drone
1739 1 2022 423 29 24 drone
1740 1 2021 421 29 25 drone
1741 1 2019 418 29 25 drone
1742 1 2018 416 29 25 drone
1743 1 2017 414 29 25 drone
1744 1 2015 412 29 25 drone
1745 1 2014 410 29 25 drone
1746 1 2013 408 29 25 drone
1747 1 2011 406 29 25 drone
1748 1 2010 404 29 25 drone
1749 1 2009 402 29 25 drone
1750 1 2008 400 29 25 drone
1751 1 2006 397 29 25 drone
1752 1 2005 395 29 25 drone
1753 1 2004 393 29 25 drone
1754 1 2002 391 29 25 drone
1755 1 2001 389 29 25 drone
1756 1 2000 387 29 25 drone
1757 1 1998 385 29 25 drone
1758 1 1997 383 29 25 drone
1759 1 1996 381 29 25 drone
1760 1 1995 379 29 25 drone
1761 1 1993 377 29 25 drone
1762 1 1991 375 29 25 drone
1763 1 1989 372 29 25 drone
1764 1 1988 368 29 25 drone
1765 1 1986 368 29 25 drone
1766 1 1984 365 29 25 drone
1767 1 1983 364 29 25 drone
1768 1 1981 364 29 25 drone
1769 1 1979 363 29 25 drone
1770 1 1978 363 29 25 drone
1771 1 1976 365 29 25 drone
1772 1 1975 365 29 25 drone
1773 1 1974 366 29 25 drone
1774 1 1973 367 29 25 drone
1775 1 1972 371 29 25 drone
1776 1 1970 374 29 25 drone
1777 1 1968 377 29 25 drone
1778 1 1967 382 29 25 drone
1779 1 1966 387 29 25 drone
1780 1 1965 390 29 25 drone
1781 1 1964 396 29 25 drone
1782 1 1963 402 29 25 drone
1783 1 1963 408 29 25 drone
1784 1 1962 412 29 25 drone
1785 1 1962 418 29 25 drone
1786 1 1961 424 29 25 drone
1787 1 1960 432 29 25 drone
1788 1 1960 438 29 25 drone
1789 1 1959 444 29 25 drone
1790 1 1959 451 29 25 drone
1791 1 1958 458 29 25 drone
1792 1 1958 465 29 26 drone
1793 1 1958 472 30 26 drone
1794 1 1958 479 30 27 drone
1795 1 1958 487 31 28 drone
1796 1 1958 494 31 28 drone
1797 1 1958 501 31 29 drone
1798 1 1958 508 32 29 drone
1799 1 1958 515 32 30 drone
1800 1 1958 523 33 31 drone
1801 1 1958 530 33 31 drone
1802 1 1959 538 33 31 drone
1803 1 1959 547 33 28 drone
1804 1 1960 555 33 29 drone
1805 1 1961 563 33 30 drone
1806 1 1961 571 33 31 drone
1807 1 1962 579 33 31 drone
1808 1 1962 587 33 31 drone
1809 1 1963 595 33 31 drone
1810 1 1964 604 33 31 drone
1811 1 1964 613 33 31 drone
1812 1 1965 622 33 31 drone
1813 1 1965 631 33 31 drone
1814 1 1966 640 33 31 drone
1815 1 1966 649 33 31 drone
1816 1 1967 658 33 31 drone
1817 1 1967 667 33 31 drone
1818 1 1968 676 33 31 drone
1819 1 1968 685 33 31 drone
1820 1 1969 694 33 31 drone
1821 1 1969 702 33 31 drone
1822 1 1969 710 33 31 drone
1823 1 1969 718 33 31 drone
1824 1 1969 732 31 29 drone
1825 1 1968 740 32 28 drone
1826 1 1970 748 30 28 drone
1827 1 1968 754 33 31 drone
1828 1 1970 762 33 31 drone
1829 1 1970 768 33 31 drone
1830 1 1971 777 33 31 drone
1831 1 1973 782 33 31 drone
1832 1 1975 787 33 31 drone
1833 1 1977 792 33 31 drone
1834 1 1980 800 33 31 drone
1835 1 1982 805 33 31 drone
1836 1 1985 811 33 31 drone
1837 1 1988 815 33 31 drone
1838 1 1989 820 33 31 drone
1839 1 1991 825 33 31 drone
1840 1 1994 829 33 31 drone
1841 1 1996 835 33 31 drone
1842 1 1998 842 33 31 drone
1843 1 2000 845 33 31 drone
1844 1 2003 852 33 31 drone
1845 1 2005 859 33 31 drone
1846 1 2007 866 33 31 drone
1847 1 2009 872 33 31 drone
1848 1 2011 880 33 31 drone
1849 1 2013 890 33 31 drone
1850 1 2016 897 33 31 drone
1851 1 2016 906 32 30 drone
1852 1 2017 916 32 30 drone
1853 1 2018 925 31 30 drone
1854 1 2019 935 31 29 drone
1855 1 2020 945 31 29 drone
1856 1 2021 954 30 29 drone
1857 1 2022 964 30 28 drone
1858 1 2023 973 29 28 drone
1859 1 2024 983 29 28 drone
1860 1 2025 993 29 28 drone
1861 1 2024 1002 29 28 drone
1862 1 2024 1012 29 28 drone
1863 1 2023 1022 29 28 drone
1864 1 2023 1032 29 28 drone
1865 1 2022 1042 29 28 drone
1866 1 2022 1051 29 28 drone
1867 1 2021 1061 29 28 drone
1868 1 2021 1071 29 28 drone
1869 1 2020 1081 29 28 drone
1870 1 2020 1091 29 28 drone
1871 1 2019 1100 29 28 drone
1872 1 2018 1109 29 28 drone
1873 1 2017 1118 29 28 drone
1874 1 2017 1127 29 28 drone
1875 1 2016 1138 29 28 drone
1876 1 2015 1147 29 28 drone
1877 1 2014 1157 29 28 drone
1878 1 2013 1164 29 28 drone
1879 1 2013 1173 29 28 drone
1880 1 2013 1182 29 28 drone
1881 1 2012 1190 29 27 drone
1882 1 2011 1198 30 27 drone
1883 1 2011 1208 30 27 drone
1884 1 2010 1214 31 27 drone
1885 1 2010 1222 31 27 drone
1886 1 2008 1231 32 26 drone
1887 1 2007 1239 32 26 drone
1888 1 2008 1246 33 26 drone
1889 1 2007 1254 33 26 drone
1890 1 2007 1262 34 26 drone
1891 1 2005 1264 34 26 drone
1892 1 2005 1270 35 26 drone
1893 1 2004 1275 35 26 drone
1894 1 2002 1278 36 26 drone
1895 1 2003 1282 37 26 drone
1896 1 1998 1284 37 26 drone
1897 1 1996 1286 38 26 drone
1898 1 1995 1288 38 26 drone
1899 1 1992 1290 39 26 drone
1900 1 1990 1291 40 26 drone
1901 1 1986 1290 40 26 drone
1902 1 1983 1290 40 26 drone
1903 1 1980 1290 40 26 drone
1904 1 1976 1290 40 26 drone
1905 1 1973 1290 40 26 drone
1906 1 1970 1290 40 26 drone
1907 1 1966 1290 40 26 drone
1908 1 1963 1290 40 26 drone
1909 1 1960 1290 40 26 drone
1910 1 1957 1290 40 26 drone
1911 1 1954 1288 39 26 drone
1912 1 1951 1287 39 27 drone
1913 1 1948 1286 38 27 drone
1914 1 1945 1285 38 28 drone
1915 1 1940 1284 38 28 drone
1916 1 1939 1282 37 29 drone
1917 1 1936 1281 37 29 drone
1918 1 1933 1280 36 30 drone
1919 1 1930 1279 36 30 drone
1920 1 1927 1278 36 31 drone
1921 1 1925 1277 36 30 drone
1922 1 1924 1277 37 30 drone
1923 1 1922 1276 38 29 drone
1924 1 1921 1276 38 29 drone
1925 1 1920 1275 39 29 drone
1926 1 1918 1275 40 28 drone
1927 1 1917 1274 40 28 drone
1928 1 1915 1274 41 27 drone
1929 1 1914 1273 42 27 drone
1930 1 1913 1273 43 27 drone
1931 1 1910 1272 42 27 drone
1932 1 1907 1272 42 28 drone
1933 1 1904 1272 42 28 drone
1934 1 1901 1271 42 29 drone
1935 1 1899 1271 42 29 drone
1936 1 1898 1268 41 30 drone
1937 1 1893 1268 41 30 drone
1938 1 1890 1270 41 31 drone
1939 1 1887 1270 41 31 drone
1940 1 1885 1270 41 32 drone
1941 1 1882 1273 41 32 drone
1942 1 1878 1276 41 32 drone
1943 1 1874 1280 41 32 drone
1944 1 1872 1283 41 32 drone
1945 1 1870 1287 38 32 drone
1946 1 1869 1291 36 32 drone
1947 1 1867 1296 39 32 drone
1948 1 1865 1297 41 32 drone
1949 1 1863 1303 41 32 drone
1950 1 1860 1305 41 32 drone
1951 1 1860 1308 41 31 drone
1952 1 1860 1310 42 31 drone
1953 1 1860 1312 42 31 drone
1954 1 1859 1313 43 31 drone
1955 1 1859 1314 44 31 drone
1956 1 1859 1314 44 30 drone
1957 1 1858 1319 45 30 drone
1958 1 1858 1319 45 30 drone
1959 1 1858 1322 46 30 drone
1960 1 1858 1322 47 30 drone
1961 1 1858 1323 47 30 drone
1962 1 1859 1324 47 30 drone
1963 1 1859 1325 47 30 drone
1964 1 1860 1326 47 30 drone
1965 1 1860 1327 47 30 drone
1966 1 1861 1328 47 30 drone
1967 1 1861 1329 47 30 drone
1968 1 1862 1330 47 30 drone
1969 1 1862 1331 47 30 drone
1970 1 1863 1333 47 30 drone
1971 1 1863 1338 46 30 drone
1972 1 1865 1338 46 31 drone
1973 1 1865 1342 45 31 drone
1974 1 1866 1346 45 32 drone
1975 1 1866 1353 45 32 drone
1976 1 1867 1356 44 33 drone
1977 1 1868 1363 44 33 drone
1978 1 1869 1369 43 34 drone
1979 1 1869 1379 43 34 drone
1980 1 1870 1386 43 35 drone
1981 1 1869 1396 43 35 drone
1982 1 1870 1401 43 35 drone
1983 1 1869 1413 43 35 drone
1984 1 1868 1424 43 35 drone
1985 1 1867 1434 43 35 drone
1986 1 1867 1446 43 35 drone
1987 1 1866 1456 43 35 drone
1988 1 1866 1465 43 35 drone
1989 1 1865 1476 43 35 drone
1990 1 1865 1486 43 35 drone
1991 1 1863 1493 43 35 drone
1992 1 1862 1504 43 35 drone
1993 1 1860 1515 43 35 drone
1994 1 1859 1521 43 35 drone
1995 1 1858 1530 43 35 drone
1996 1 1856 1539 43 35 drone
1997 1 1858 1543 43 35 drone
1998 1 1853 1553 43 35 drone
1999 1 1854 1560 43 35 drone
2000 1 1851 1567 43 35 drone
2001 1 1851 1575 44 34 drone
2002 1 1850 1584 45 33 drone
2003 1 1851 1591 46 32 drone
2004 1 1851 1599 47 32 drone
2005 1 1850 1606 48 31 drone
2006 1 1850 1610 49 30 drone
2007 1 1850 1615 50 30 drone
2008 1 1851 1619 51 29 drone
2009 1 1849 1623 52 28 drone
2010 1 1847 1626 54 28 drone
2011 1 1846 1627 54 28 drone
2012 1 1845 1628 54 28 drone
2013 1 1844 1630 54 28 drone
2014 1 1843 1631 54 28 drone
2015 1 1843 1633 54 28 drone
2016 1 1842 1634 54 28 drone
2017 1 1841 1635 54 28 drone
2018 1 1840 1637 54 28 drone
2019 1 1839 1638 54 28 drone
2020 1 1839 1640 54 28 drone
2021 1 1836 1641 54 28 drone
2022 1 1834 1642 54 28 drone
2023 1 1831 1643 54 28 drone
2024 1 1829 1644 54 28 drone
2025 1 1826 1645 54 28 drone
2026 1 1824 1646 54 28 drone
2027 1 1821 1647 54 28 drone
2028 1 1819 1648 54 28 drone
2029 1 1816 1649 54 28 drone
2030 1 1814 1651 54 28 drone
2031 1 1812 1651 54 28 drone
2032 1 1811 1652 54 28 drone
2033 1 1810 1652 54 28 drone
2034 1 1809 1653 54 28 drone
2035 1 1808 1654 54 28 drone
2036 1 1806 1654 54 28 drone
2037 1 1805 1655 54 28 drone
2038 1 1804 1655 54 28 drone
2039 1 1803 1656 54 28 drone
2040 1 1802 1657 54 28 drone
2041 1 1800 1657 54 28 drone
2042 1 1799 1657 54 28 drone
2043 1 1797 1657 54 28 drone
2044 1 1796 1657 54 28 drone
2045 1 1794 1657 54 28 drone
2046 1 1793 1657 54 28 drone
2047 1 1791 1657 54 28 drone
2048 1 1790 1657 54 28 drone
2049 1 1788 1657 54 28 drone
2050 1 1787 1657 54 28 drone
2051 1 1787 1656 54 28 drone
2052 1 1787 1656 54 28 drone
2053 1 1787 1655 54 28 drone
2054 1 1787 1655 54 28 drone
2055 1 1787 1655 54 28 drone
2056 1 1787 1654 54 28 drone
2057 1 1787 1654 54 28 drone
2058 1 1787 1653 54 28 drone
2059 1 1787 1653 54 28 drone
2060 1 1787 1653 54 28 drone
2061 1 1786 1652 54 28 drone
2062 1 1785 1652 55 29 drone
2063 1 1784 1652 55 29 drone
2064 1 1784 1652 56 30 drone
2065 1 1783 1652 56 31 drone
2066 1 1782 1652 57 31 drone
2067 1 1782 1652 57 32 drone
2068 1 1781 1652 58 32 drone
2069 1 1780 1652 58 33 drone
2070 1 1780 1652 59 34 drone
2071 1 1777 1652 59 34 drone
2072 1 1774 1652 59 34 drone
2073 1 1772 1652 59 34 drone
2074 1 1769 1652 59 34 drone
2075 1 1767 1653 59 34 drone
2076 1 1764 1653 59 34 drone
2077 1 1761 1653 59 34 drone
2078 1 1759 1653 59 34 drone
2079 1 1756 1653 59 34 drone
2080 1 1754 1654 59 34 drone
2081 1 1750 1656 59 34 drone
2082 1 1747 1658 59 32 drone
2083 1 1743 1658 59 32 drone
2084 1 1740 1661 59 31 drone
2085 1 1736 1663 59 31 drone
2086 1 1733 1666 59 31 drone
2087 1 1729 1668 59 32 drone
2088 1 1726 1672 59 32 drone
2089 1 1722 1674 59 34 drone
2090 1 1720 1679 59 34 drone
2091 1 1714 1681 59 34 drone
2092 1 1710 1685 59 34 drone
2093 1 1705 1689 59 34 drone
2094 1 1701 1693 59 34 drone
2095 1 1696 1697 59 34 drone
2096 1 1692 1701 59 34 drone
2097 1 1687 1705 59 34 drone
2098 1 1683 1712 59 33 drone
2099 1 1677 1716 59 34 drone
2100 1 1674 1718 59 34 drone
2101 1 1668 1719 59 34 drone
2102 1 1663 1724 60 34 drone
2103 1 1657 1724 61 34 drone
2104 1 1651 1726 62 34 drone
2105 1 1643 1728 63 34 drone
2106 1 1638 1729 64 34 drone
2107 1 1631 1728 65 34 drone
2108 1 1626 1730 66 34 drone
2109 1 1621 1733 67 34 drone
2110 1 1614 1733 68 35 drone
2111 1 1609 1731 68 35 drone
2112 1 1604 1731 68 35 drone
2113 1 1600 1732 68 35 drone
2114 1 1595 1732 68 35 drone
2115 1 1591 1733 68 36 drone
2116 1 1586 1733 68 36 drone
2117 1 1581 1733 68 36 drone
2118 1 1577 1734 68 36 drone
2119 1 1572 1734 68 36 drone
2120 1 1568 1735 68 37 drone
2121 1 1563 1735 68 37 drone
2122 1 1559 1735 69 37 drone
2123 1 1554 1735 70 37 drone
2124 1 1550 1736 70 37 drone
2125 1 1546 1736 71 37 drone
2126 1 1541 1736 72 37 drone
2127 1 1537 1737 72 37 drone
2128 1 1532 1737 73 37 drone
2129 1 1528 1737 74 37 drone
2130 1 1524 1738 75 38 drone
2131 1 1517 1738 75 38 drone
2132 1 1511 1738 75 38 drone
2133 1 1505 1738 75 38 drone
2134 1 1499 1738 75 38 drone
2135 1 1493 1739 75 38 drone
2136 1 1486 1739 75 38 drone
2137 1 1480 1739 75 38 drone
2138 1 1474 1739 75 38 drone
2139 1 1468 1739 75 38 drone
2140 1 1462 1740 75 38 drone
2141 1 1452 1740 75 38 drone
2142 1 1442 1740 76 38 drone
2143 1 1432 1740 77 38 drone
2144 1 1423 1740 77 39 drone
2145 1 1413 1740 78 39 drone
2146 1 1403 1740 79 39 drone
2147 1 1394 1740 79 40 drone
2148 1 1384 1740 80 40 drone
2149 1 1374 1740 81 40 drone
2150 1 1365 1741 82 41 drone
2151 1 1351 1740 83 41 drone
2152 1 1338 1740 85 42 drone
2153 1 1324 1740 87 42 drone
2154 1 1311 1739 89 43 drone
2155 1 1298 1739 91 44 drone
2156 1 1284 1739 92 44 drone
2157 1 1271 1738 94 45 drone
2158 1 1257 1738 96 45 drone
2159 1 1244 1738 98 46 drone
2160 1 1231 1738 100 47 drone
2161 1 1217 1737 100 47 drone
2162 1 1203 1737 100 47 drone
2163 1 1189 1737 100 47 drone
2164 1 1175 1737 100 47 drone
2165 1 1161 1737 100 47 drone
2166 1 1147 1737 100 47 drone
2167 1 1133 1737 100 47 drone
2168 1 1119 1737 100 47 drone
2169 1 1105 1737 100 47 drone
2170 1 1092 1737 100 47 drone
2171 1 1074 1738 102 47 drone
2172 1 1057 1740 104 48 drone
2173 1 1040 1741 107 49 drone
2174 1 1023 1743 109 49 drone
2175 1 1006 1745 112 50 drone
2176 1 988 1746 114 51 drone
2177 1 971 1748 116 51 drone
2178 1 954 1749 119 52 drone
2179 1 937 1751 121 53 drone
2180 1 920 1753 124 54 drone
2181 1 903 1755 122 56 drone
2182 1 886 1758 120 58 drone
2183 1 869 1761 118 60 drone
2184 1 852 1764 117 62 drone
2185 1 837 1763 115 65 drone
2186 1 824 1766 113 67 drone
2187 1 802 1770 112 69 drone
2188 1 786 1774 110 71 drone
2189 1 767 1779 108 73 drone
2190 1 750 1782 107 76 drone
2191 1 734 1787 107 76 drone
2192 1 718 1793 107 76 drone
2193 1 702 1798 107 76 drone
2194 1 685 1806 107 76 drone
2195 1 664 1812 107 76 drone
2196 1 649 1817 107 76 drone
2197 1 633 1823 107 76 drone
2198 1 620 1828 107 76 drone
2199 1 606 1831 107 76 drone
2200 1 591 1837 107 76 drone
2201 1 581 1838 110 76 drone
2202 1 572 1840 114 76 drone
2203 1 562 1842 117 76 drone
2204 1 553 1843 121 77 drone
2205 1 544 1845 124 77 drone
2206 1 534 1847 128 77 drone
2207 1 525 1848 131 78 drone
2208 1 515 1850 135 78 drone
2209 1 506 1852 138 78 drone
2210 1 497 1854 142 79 drone
2211 1 494 1855 145 77 drone
2212 1 490 1859 148 76 drone
2213 1 490 1862 151 74 drone
2214 1 486 1864 155 73 drone
2215 1 483 1863 158 72 drone
2216 1 480 1866 161 70 drone
2217 1 478 1866 165 69 drone
2218 1 477 1866 168 67 drone
2219 1 473 1866 171 66 drone
2220 1 471 1869 175 65 drone
2221 1 471 1866 174 66 drone
2222 1 471 1868 174 67 drone
2223 1 467 1863 173 68 drone
2224 1 465 1865 173 69 drone
2225 1 466 1856 173 70 drone
2226 1 465 1850 172 71 drone
2227 1 464 1838 172 72 drone
2228 1 461 1831 171 73 drone
2229 1 462 1815 171 74 drone
2230 1 460 1804 171 75 drone
2231 1 459 1793 170 74 drone
2232 1 454 1783 170 74 drone
2233 1 450 1768 170 74 drone
2234 1 447 1757 170 74 drone
2235 1 444 1742 170 74 drone
2236 1 443 1729 169 73 drone
2237 1 436 1720 169 73 drone
2238 1 440 1712 169 73 drone
2239 1 427 1706 169 73 drone
2240 1 425 1700 169 73 drone
2241 1 419 1698 170 73 drone
2242 1 414 1693 172 74 drone
2243 1 407 1692 173 74 drone
2244 1 402 1691 175 75 drone
2245 1 398 1689 177 75 drone
2246 1 392 1686 178 76 drone
2247 1 385 1686 180 76 drone
2248 1 379 1689 181 77 drone
2249 1 372 1692 183 77 drone
2250 1 367 1692 185 78 drone
2251 1 365 1694 185 78 drone
2252 1 364 1696 185 78 drone
2253 1 363 1698 185 78 drone
2254 1 361 1700 185 78 drone
2255 1 360 1702 185 78 drone
2256 1 356 1703 185 78 drone
2257 1 356 1705 185 78 drone
2258 1 356 1708 185 78 drone
2259 1 355 1710 185 78 drone
2260 1 354 1713 185 78 drone
2261 1 357 1715 185 77 drone
2262 1 360 1717 186 76 drone
2263 1 363 1719 187 75 drone
2264 1 366 1721 187 74 drone
2265 1 369 1723 188 74 drone
2266 1 372 1725 189 73 drone
2267 1 375 1727 189 72 drone
2268 1 378 1729 190 71 drone
2269 1 381 1731 191 70 drone
2270 1 385 1734 192 70 drone
2271 1 386 1734 191 70 drone
2272 1 388 1735 191 71 drone
2273 1 390 1736 191 71 drone
2274 1 392 1736 191 72 drone
2275 1 394 1737 191 72 drone
2276 1 395 1738 190 73 drone
2277 1 397 1738 190 73 drone
2278 1 409 1740 190 74 drone
2279 1 410 1740 190 74 drone
2280 1 411 1742 190 75 drone
2281 1 409 1742 191 75 drone
2282 1 407 1742 193 75 drone
2283 1 406 1745 194 75 drone
2284 1 402 1746 196 75 drone
2285 1 401 1748 198 75 drone
2286 1 396 1748 199 75 drone
2287 1 392 1750 201 75 drone
2288 1 385 1747 202 75 drone
2289 1 378 1751 204 75 drone
2290 1 376 1753 206 76 drone
2291 1 368 1752 205 77 drone
2292 1 361 1751 205 79 drone
2293 1 353 1751 205 81 drone
2294 1 358 1748 205 83 drone
2295 1 346 1748 205 85 drone
2296 1 335 1748 205 86 drone
2297 1 324 1748 205 88 drone
2298 1 316 1748 205 90 drone
2299 1 309 1747 205 92 drone
2300 1 302 1747 205 94 drone
2301 1 299 1745 205 95 drone
2302 1 296 1744 206 96 drone
2303 1 293 1742 207 97 drone
2304 1 278 1740 208 99 drone
2305 1 275 1738 209 100 drone
2306 1 276 1737 209 101 drone
2307 1 272 1736 210 103 drone
2308 1 271 1733 211 104 drone
2309 1 275 1732 212 105 drone
2310 1 275 1732 213 107 drone
2311 1 281 1730 214 106 drone
2312 1 288 1728 216 105 drone
2313 1 293 1733 217 104 drone
2314 1 300 1733 219 103 drone
2315 1 307 1735 221 98 drone
2316 1 312 1737 222 97 drone
2317 1 322 1734 224 97 drone
2318 1 325 1734 225 99 drone
2319 1 332 1734 227 98 drone
2320 1 338 1735 229 98 drone
2321 1 345 1734 225 99 drone
2322 1 352 1734 222 100 drone
2323 1 368 1732 218 101 drone
2324 1 377 1733 215 102 drone
2325 1 386 1731 211 104 drone
2326 1 388 1731 208 105 drone
2327 1 398 1730 204 106 drone
2328 1 397 1731 201 107 drone
2329 1 404 1730 197 108 drone
2330 1 412 1730 194 110 drone
2331 1 417 1732 196 109 drone
2332 1 422 1735 198 108 drone
2333 1 427 1738 200 107 drone
2334 1 436 1740 202 106 drone
2335 1 438 1742 205 105 drone
2336 1 444 1743 207 104 drone
2337 1 450 1746 209 103 drone
2338 1 455 1750 211 102 drone
2339 1 459 1756 213 101 drone
2340 1 465 1759 216 100 drone
2341 1 468 1761 216 100 drone
2342 1 477 1764 217 101 drone
2343 1 475 1764 217 102 drone
2344 1 477 1770 218 102 drone
2345 1 480 1773 219 103 drone
2346 1 485 1771 219 104 drone
2347 1 493 1778 220 104 drone
2348 1 489 1781 220 105 drone
2349 1 492 1784 221 106 drone
2350 1 495 1787 222 107 drone
2351 1 497 1791 224 104 drone
2352 1 500 1796 227 102 drone
2353 1 502 1801 229 100 drone
2354 1 510 1815 232 98 drone
2355 1 513 1824 235 96 drone
2356 1 514 1828 237 94 drone
2357 1 515 1835 240 92 drone
2358 1 519 1841 242 90 drone
2359 1 520 1838 245 88 drone
2360 1 516 1838 248 86 drone
2361 1 517 1830 248 86 drone
2362 1 515 1824 248 86 drone
2363 1 512 1819 248 86 drone
2364 1 507 1815 248 86 drone
2365 1 508 1806 248 86 drone
2366 1 506 1800 248 86 drone
2367 1 503 1794 248 86 drone
2368 1 501 1788 248 86 drone
2369 1 499 1782 248 86 drone
2370 1 497 1777 248 86 drone
2371 1 493 1776 244 86 drone
2372 1 490 1770 240 87 drone
2373 1 487 1770 236 88 drone
2374 1 482 1769 233 89 drone
2375 1 481 1769 229 90 drone
2376 1 479 1769 225 91 drone
2377 1 475 1771 222 92 drone
2378 1 471 1773 218 93 drone
2379 1 468 1772 214 94 drone
2380 1 464 1775 211 95 drone
2381 1 458 1778 211 95 drone
2382 1 453 1782 211 95 drone
2383 1 447 1785 211 96 drone
2384 1 442 1789 212 96 drone
2385 1 436 1792 212 97 drone
2386 1 431 1796 212 97 drone
2387 1 425 1799 213 97 drone
2388 1 420 1803 213 98 drone
2389 1 414 1806 213 98 drone
2390 1 409 1810 214 99 drone
2391 1 410 1814 212 96 drone
2392 1 411 1818 211 93 drone
2393 1 413 1822 210 90 drone
2394 1 414 1826 209 88 drone
2395 1 415 1831 208 85 drone
2396 1 416 1838 207 82 drone
2397 1 418 1838 206 80 drone
2398 1 420 1842 205 77 drone
2399 1 421 1847 204 74 drone
2400 1 423 1851 203 72 drone
2401 1 422 1844 203 73 drone
2402 1 421 1840 203 75 drone
2403 1 422 1832 204 76 drone
2404 1 421 1825 204 78 drone
2405 1 421 1819 205 80 drone
2406 1 419 1810 205 81 drone
2407 1 419 1803 205 83 drone
2408 1 421 1795 206 84 drone
2409 1 420 1790 206 86 drone
2410 1 420 1786 207 88 drone
2411 1 422 1785 206 87 drone
2412 1 424 1783 205 87 drone
2413 1 424 1781 204 87 drone
2414 1 427 1779 203 87 drone
2415 1 427 1781 202 87 drone
2416 1 433 1779 201 87 drone
2417 1 439 1782 200 87 drone
2418 1 446 1785 199 87 drone
2419 1 445 1783 198 87 drone
2420 1 453 1785 198 87 drone
2421 1 458 1787 197 85 drone
2422 1 463 1790 197 84 drone
2423 1 468 1793 196 83 drone
2424 1 473 1796 196 82 drone
2425 1 478 1799 195 81 drone
2426 1 483 1801 195 79 drone
2427 1 488 1804 194 78 drone
2428 1 493 1807 194 77 drone
2429 1 498 1810 193 76 drone
2430 1 504 1813 193 75 drone
2431 1 506 1816 193 74 drone
2432 1 509 1819 193 74 drone
2433 1 511 1822 194 73 drone
2434 1 514 1825 194 73 drone
2435 1 517 1828 195 72 drone
2436 1 519 1831 195 72 drone
2437 1 522 1834 195 71 drone
2438 1 524 1837 196 71 drone
2439 1 527 1840 196 70 drone
2440 1 530 1843 197 70 drone
2441 1 530 1845 195 69 drone
2442 1 531 1847 194 69 drone
2443 1 532 1849 192 69 drone
2444 1 533 1852 191 69 drone
2445 1 534 1854 190 69 drone
2446 1 534 1856 188 68 drone
2447 1 535 1859 187 68 drone
2448 1 536 1861 185 68 drone
2449 1 537 1863 184 68 drone
2450 1 538 1866 183 68 drone
2451 1 536 1866 183 70 drone
2452 1 535 1867 183 72 drone
2453 1 534 1867 183 74 drone
2454 1 532 1868 183 76 drone
2455 1 531 1868 184 78 drone
2456 1 530 1869 184 80 drone
2457 1 528 1869 184 82 drone
2458 1 527 1870 184 84 drone
2459 1 526 1870 184 86 drone
2460 1 525 1871 185 88 drone
2461 1 529 1873 184 86 drone
2462 1 534 1875 184 84 drone
2463 1 538 1877 184 83 drone
2464 1 543 1879 184 81 drone
2465 1 547 1882 184 80 drone
2466 1 552 1884 184 78 drone
2467 1 556 1886 184 76 drone
2468 1 561 1888 184 75 drone
2469 1 565 1890 184 73 drone
2470 1 570 1893 184 72 drone
2471 1 576 1893 184 72 drone
2472 1 582 1894 184 72 drone
2473 1 588 1895 184 72 drone
2474 1 594 1896 184 72 drone
2475 1 600 1897 184 72 drone
2476 1 606 1898 184 72 drone
2477 1 612 1899 184 72 drone
2478 1 618 1900 184 72 drone
2479 1 624 1901 184 72 drone
2480 1 631 1902 184 72 drone
2481 1 637 1903 183 71 drone
2482 1 644 1904 182 70 drone
2483 1 650 1906 182 69 drone
2484 1 657 1907 181 68 drone
2485 1 663 1909 181 67 drone
2486 1 670 1910 180 66 drone
2487 1 676 1911 179 65 drone
2488 1 683 1913 179 64 drone
2489 1 689 1914 178 63 drone
2490 1 696 1916 178 63 drone
2491 1 698 1917 176 62 drone
2492 1 700 1918 174 62 drone
2493 1 703 1920 172 62 drone
2494 1 705 1921 171 62 drone
2495 1 708 1923 169 62 drone
2496 1 710 1924 167 61 drone
2497 1 712 1925 166 61 drone
2498 1 715 1927 164 61 drone
2499 1 717 1928 162 61 drone
2500 1 720 1930 161 61 drone
2501 1 723 1919 158 62 drone
2502 1 725 1920 156 64 drone
2503 1 724 1912 154 65 drone
2504 1 730 1904 152 67 drone
2505 1 735 1894 150 69 drone
2506 1 736 1882 148 70 drone
2507 1 741 1865 146 72 drone
2508 1 744 1854 144 73 drone
2509 1 748 1839 142 75 drone
2510 1 752 1829 140 77 drone
2511 1 755 1818 140 76 drone
2512 1 766 1810 141 76 drone
2513 1 769 1804 141 75 drone
2514 1 773 1800 142 75 drone
2515 1 778 1795 143 75 drone
2516 1 785 1792 143 74 drone
2517 1 790 1791 144 74 drone
2518 1 798 1788 144 73 drone
2519 1 804 1789 145 73 drone
2520 1 811 1789 146 73 drone
2521 1 821 1790 145 72 drone
2522 1 831 1790 145 71 drone
2523 1 839 1794 144 70 drone
2524 1 847 1793 144 69 drone
2525 1 856 1794 144 68 drone
2526 1 865 1796 143 67 drone
2527 1 874 1798 143 66 drone
2528 1 885 1800 142 65 drone
2529 1 897 1804 142 64 drone
2530 1 907 1806 142 64 drone
2531 1 916 1807 139 64 drone
2532 1 925 1809 137 65 drone
2533 1 936 1806 134 66 drone
2534 1 944 1809 132 67 drone
2535 1 953 1813 129 68 drone
2536 1 962 1813 127 68 drone
2537 1 973 1814 124 69 drone
2538 1 981 1817 122 70 drone
2539 1 989 1819 119 71 drone
2540 1 999 1821 117 72 drone
2541 1 1009 1824 116 71 drone
2542 1 1019 1827 115 71 drone
2543 1 1029 1830 115 71 drone
2544 1 1039 1834 114 70 drone
2545 1 1049 1837 114 70 drone
2546 1 1059 1840 113 70 drone
2547 1 1069 1844 112 69 drone
2548 1 1079 1847 112 69 drone
2549 1 1089 1850 111 69 drone
2550 1 1099 1854 111 69 drone
2551 1 1105 1857 112 67 drone
2552 1 1112 1860 114 66 drone
2553 1 1119 1864 116 65 drone
2554 1 1125 1867 118 63 drone
2555 1 1132 1871 120 62 drone
2556 1 1139 1874 122 61 drone
2557 1 1145 1877 124 59 drone
2558 1 1152 1881 126 58 drone
2559 1 1159 1884 128 57 drone
2560 1 1166 1888 130 56 drone
2561 1 1171 1889 129 55 drone
2562 1 1176 1891 129 55 drone
2563 1 1181 1893 128 54 drone
2564 1 1186 1895 128 54 drone
2565 1 1191 1897 127 53 drone
2566 1 1196 1898 127 53 drone
2567 1 1201 1900 126 52 drone
2568 1 1206 1902 126 52 drone
2569 1 1211 1904 125 51 drone
2570 1 1217 1906 125 51 drone
2571 1 1220 1907 124 50 drone
2572 1 1224 1908 124 50 drone
2573 1 1227 1909 123 49 drone
2574 1 1231 1910 123 49 drone
2575 1 1234 1911 122 48 drone
2576 1 1238 1912 122 48 drone
2577 1 1241 1913 121 47 drone
2578 1 1245 1914 121 47 drone
2579 1 1248 1915 120 46 drone
2580 1 1252 1916 120 46 drone
2581 1 1256 1916 118 47 drone
2582 1 1260 1916 117 48 drone
2583 1 1264 1916 116 49 drone
2584 1 1268 1916 115 50 drone
2585 1 1273 1916 114 51 drone
2586 1 1277 1916 112 52 drone
2587 1 1281 1916 111 53 drone
2588 1 1285 1916 110 54 drone
2589 1 1289 1916 109 55 drone
2590 1 1294 1916 108 56 drone
2591 1 1298 1916 108 54 drone
2592 1 1303 1917 108 53 drone
2593 1 1308 1917 108 52 drone
2594 1 1312 1918 108 50 drone
2595 1 1317 1918 108 49 drone
2596 1 1322 1919 108 48 drone
2597 1 1327 1924 108 46 drone
2598 1 1330 1923 108 45 drone
2599 1 1336 1922 108 44 drone
2600 1 1341 1921 108 43 drone
2601 1 1344 1916 107 43 drone
2602 1 1346 1910 106 43 drone
2603 1 1349 1901 105 44 drone
2604 1 1351 1893 104 44 drone
2605 1 1354 1886 104 45 drone
2606 1 1357 1879 103 45 drone
2607 1 1359 1872 102 45 drone
2608 1 1363 1863 101 46 drone
2609 1 1365 1855 100 46 drone
2610 1 1369 1849 100 47 drone
2611 1 1370 1847 99 47 drone
2612 1 1373 1844 99 47 drone
2613 1 1374 1842 99 47 drone
2614 1 1378 1841 99 47 drone
2615 1 1379 1839 99 48 drone
2616 1 1383 1839 98 48 drone
2617 1 1384 1837 98 48 drone
2618 1 1389 1836 98 48 drone
2619 1 1393 1838 98 48 drone
2620 1 1396 1837 98 49 drone
2621 1 1401 1838 97 48 drone
2622 1 1407 1839 97 48 drone
2623 1 1413 1840 97 47 drone
2624 1 1419 1841 97 47 drone
2625 1 1425 1843 97 46 drone
2626 1 1430 1844 96 46 drone
2627 1 1436 1845 96 45 drone
2628 1 1442 1846 96 45 drone
2629 1 1448 1847 96 44 drone
2630 1 1454 1849 96 44 drone
2631 1 1461 1849 94 44 drone
2632 1 1469 1850 92 44 drone
2633 1 1477 1851 91 44 drone
2634 1 1485 1852 89 44 drone
2635 1 1493 1853 88 44 drone
2636 1 1501 1853 86 44 drone
2637 1 1509 1854 84 44 drone
2638 1 1517 1855 83 44 drone
2639 1 1525 1856 81 44 drone
2640 1 1533 1857 80 45 drone
2641 1 1539 1857 79 44 drone
2642 1 1545 1858 79 44 drone
2643 1 1551 1858 79 44 drone
2644 1 1557 1859 78 44 drone
2645 1 1564 1859 78 44 drone
2646 1 1570 1860 78 43 drone
2647 1 1576 1860 77 43 drone
2648 1 1584 1862 77 43 drone
2649 1 1588 1861 77 43 drone
2650 1 1595 1862 77 43 drone
2651 1 1599 1862 76 42 drone
2652 1 1603 1863 76 42 drone
2653 1 1607 1864 75 41 drone
2654 1 1617 1867 75 41 drone
2655 1 1620 1866 75 41 drone
2656 1 1622 1867 74 40 drone
2657 1 1626 1868 74 40 drone
2658 1 1629 1870 73 39 drone
2659 1 1631 1870 73 39 drone
2660 1 1636 1871 73 39 drone
2661 1 1638 1871 73 38 drone
2662 1 1640 1872 74 38 drone
2663 1 1643 1873 74 38 drone
2664 1 1645 1874 75 38 drone
2665 1 1648 1875 76 38 drone
2666 1 1650 1875 76 38 drone
2667 1 1652 1876 77 38 drone
2668 1 1655 1877 77 38 drone
2669 1 1657 1878 78 38 drone
2670 1 1660 1879 79 38 drone
2671 1 1661 1879 79 37 drone
2672 1 1662 1879 79 37 drone
2673 1 1663 1879 79 37 drone
2674 1 1664 1880 79 37 drone
2675 1 1666 1880 79 37 drone
2676 1 1667 1880 79 37 drone
2677 1 1668 1881 79 37 drone
2678 1 1669 1881 79 37 drone
2679 1 1670 1881 79 37 drone
2680 1 1672 1882 80 37 drone
2681 1 1671 1881 80 37 drone
2682 1 1670 1881 80 37 drone
2683 1 1669 1881 80 37 drone
2684 1 1668 1881 81 37 drone
2685 1 1667 1881 81 38 drone
2686 1 1666 1880 81 38 drone
2687 1 1665 1880 82 38 drone
2688 1 1664 1880 82 38 drone
2689 1 1663 1880 82 38 drone
2690 1 1662 1880 83 39 drone
2691 1 1659 1880 82 38 drone
2692 1 1656 1880 82 38 drone
2693 1 1653 1880 82 37 drone
2694 1 1651 1880 82 37 drone
2695 1 1648 1880 82 37 drone
2696 1 1645 1880 81 36 drone
2697 1 1643 1880 81 36 drone
2698 1 1640 1880 81 35 drone
2699 1 1637 1880 81 35 drone
2700 1 1635 1881 81 35 drone
2701 1 1632 1880 80 35 drone
2702 1 1630 1880 80 35 drone
2703 1 1627 1880 80 35 drone
2704 1 1625 1880 80 35 drone
2705 1 1623 1880 80 36 drone
2706 1 1620 1880 80 36 drone
2707 1 1618 1880 80 36 drone
2708 1 1615 1880 80 36 drone
2709 1 1613 1880 80 36 drone
2710 1 1611 1880 80 37 drone
2711 1 1609 1880 79 37 drone
2712 1 1607 1880 79 38 drone
2713 1 1605 1880 79 39 drone
2714 1 1604 1880 79 39 drone
2715 1 1602 1880 79 40 drone
2716 1 1600 1880 78 41 drone
2717 1 1599 1880 78 41 drone
2718 1 1597 1880 78 42 drone
2719 1 1595 1880 78 43 drone
2720 1 1594 1881 78 44 drone
2721 1 1593 1881 77 43 drone
2722 1 1593 1882 77 42 drone
2723 1 1593 1883 77 41 drone
2724 1 1592 1884 77 40 drone
2725 1 1592 1885 77 39 drone
2726 1 1592 1886 77 38 drone
2727 1 1591 1887 77 37 drone
2728 1 1591 1888 77 36 drone
2729 1 1591 1889 77 35 drone
2730 1 1591 1890 77 34 drone
2731 1 1590 1890 76 34 drone
2732 1 1590 1890 76 35 drone
2733 1 1589 1890 76 36 drone
2734 1 1589 1890 75 36 drone
2735 1 1588 1890 75 37 drone
2736 1 1588 1890 75 38 drone
2737 1 1587 1890 74 38 drone
2738 1 1587 1890 74 39 drone
2739 1 1586 1890 74 40 drone
2740 1 1586 1891 74 41 drone
2741 1 1586 1891 74 40 drone
2742 1 1587 1891 74 40 drone
2743 1 1588 1891 74 40 drone
2744 1 1588 1892 74 39 drone
2745 1 1589 1892 74 39 drone
2746 1 1590 1892 74 39 drone
2747 1 1590 1893 74 38 drone
2748 1 1591 1893 74 38 drone
2749 1 1592 1893 74 38 drone
2750 1 1593 1894 74 38 drone
2751 1 1595 1894 74 37 drone
2752 1 1597 1894 74 37 drone
2753 1 1599 1894 74 37 drone
2754 1 1601 1895 74 36 drone
2755 1 1603 1895 74 36 drone
2756 1 1605 1895 74 36 drone
2757 1 1607 1896 74 35 drone
2758 1 1609 1896 74 35 drone
2759 1 1611 1896 74 35 drone
2760 1 1614 1897 75 35 drone
2761 1 1616 1897 75 35 drone
2762 1 1618 1897 75 35 drone
2763 1 1620 1897 75 35 drone
2764 1 1622 1897 75 35 drone
2765 1 1625 1898 75 35 drone
2766 1 1627 1896 75 35 drone
2767 1 1631 1895 75 35 drone
2768 1 1631 1895 75 35 drone
2769 1 1633 1898 75 35 drone
2770 1 1636 1899 75 35 drone
2771 1 1636 1899 75 35 drone
2772 1 1639 1897 75 35 drone
2773 1 1638 1898 75 35 drone
2774 1 1639 1898 75 35 drone
2775 1 1639 1899 75 35 drone
2776 1 1639 1899 75 35 drone
2777 1 1640 1899 75 35 drone
2778 1 1640 1899 75 35 drone
2779 1 1641 1899 75 35 drone
2780 1 1642 1899 75 35 drone
2781 1 1642 1898 75 35 drone
2782 1 1643 1898 75 35 drone
2783 1 1643 1898 75 35 drone
2784 1 1644 1898 75 35 drone
2785 1 1644 1898 75 35 drone
2786 1 1645 1898 75 35 drone
2787 1 1645 1898 75 35 drone
2788 1 1646 1898 75 35 drone
2789 1 1646 1898 75 35 drone
2790 1 1647 1898 75 35 drone
2791 1 1647 1897 75 35 drone
2792 1 1648 1897 75 35 drone
2793 1 1649 1897 75 35 drone
2794 1 1650 1897 75 35 drone
2795 1 1651 1897 75 35 drone
2796 1 1651 1897 75 35 drone
2797 1 1652 1897 75 35 drone
2798 1 1653 1897 75 35 drone
2799 1 1654 1897 75 35 drone
2800 1 1655 1897 75 35 drone
2801 1 1655 1896 75 35 drone
2802 1 1656 1896 75 35 drone
2803 1 1656 1896 75 35 drone
2804 1 1657 1896 75 35 drone
2805 1 1657 1896 75 35 drone
2806 1 1658 1896 75 35 drone
2807 1 1658 1896 75 35 drone
2808 1 1659 1896 75 35 drone
2809 1 1659 1896 75 35 drone
2810 1 1660 1896 75 35 drone
2811 1 1659 1895 75 35 drone
2812 1 1658 1895 75 35 drone
2813 1 1657 1895 75 35 drone
2814 1 1657 1895 75 35 drone
2815 1 1656 1895 75 35 drone
2816 1 1655 1894 75 35 drone
2817 1 1655 1894 75 35 drone
2818 1 1654 1894 75 35 drone
2819 1 1653 1894 75 35 drone
2820 1 1653 1894 75 35 drone
2821 1 1651 1894 75 35 drone
2822 1 1649 1894 75 35 drone
2823 1 1648 1894 75 35 drone
2824 1 1646 1894 75 35 drone
2825 1 1645 1894 75 35 drone
2826 1 1643 1894 75 35 drone
2827 1 1641 1894 75 35 drone
2828 1 1640 1894 75 35 drone
2829 1 1638 1894 75 35 drone
2830 1 1637 1894 75 35 drone
2831 1 1635 1894 75 35 drone
2832 1 1633 1894 75 35 drone
2833 1 1631 1894 75 35 drone
2834 1 1629 1894 75 35 drone
2835 1 1627 1894 75 35 drone
2836 1 1625 1894 75 35 drone
2837 1 1623 1894 75 35 drone
2838 1 1621 1894 75 35 drone
2839 1 1619 1894 75 35 drone
2840 1 1618 1894 75 35 drone
2841 1 1615 1893 75 35 drone
2842 1 1613 1893 75 35 drone
2843 1 1611 1893 75 35 drone
2844 1 1609 1893 75 35 drone
2845 1 1607 1893 75 35 drone
2846 1 1604 1893 75 35 drone
2847 1 1602 1893 75 35 drone
2848 1 1600 1893 75 35 drone
2849 1 1598 1893 75 35 drone
2850 1 1596 1893 75 35 drone
2851 1 1594 1892 74 35 drone
2852 1 1592 1892 74 35 drone
2853 1 1590 1892 74 35 drone
2854 1 1588 1892 74 35 drone
2855 1 1587 1892 74 36 drone
2856 1 1585 1892 74 36 drone
2857 1 1583 1892 74 36 drone
2858 1 1581 1892 74 36 drone
2859 1 1579 1892 74 36 drone
2860 1 1578 1892 74 37 drone
2861 1 1576 1892 74 37 drone
2862 1 1574 1892 74 37 drone
2863 1 1572 1892 74 37 drone
2864 1 1570 1893 74 37 drone
2865 1 1568 1893 75 38 drone
2866 1 1566 1893 75 38 drone
2867 1 1564 1894 75 38 drone
2868 1 1562 1894 75 38 drone
2869 1 1560 1894 75 38 drone
2870 1 1558 1895 76 39 drone
2871 1 1553 1895 77 39 drone
2872 1 1549 1895 78 39 drone
2873 1 1545 1895 79 39 drone
2874 1 1541 1895 81 39 drone
2875 1 1537 1895 82 39 drone
2876 1 1532 1895 83 39 drone
2877 1 1528 1895 85 39 drone
2878 1 1524 1895 86 39 drone
2879 1 1520 1895 87 39 drone
2880 1 1516 1896 89 40 drone
2881 1 1511 1895 89 40 drone
2882 1 1506 1895 89 41 drone
2883 1 1502 1895 89 41 drone
2884 1 1497 1895 89 42 drone
2885 1 1493 1895 89 43 drone
2886 1 1488 1894 89 43 drone
2887 1 1483 1894 89 44 drone
2888 1 1479 1894 89 44 drone
2889 1 1474 1894 89 45 drone
2890 1 1470 1894 90 46 drone
2891 1 1462 1895 91 45 drone
2892 1 1454 1896 92 45 drone
2893 1 1446 1898 93 45 drone
2894 1 1438 1899 94 45 drone
2895 1 1430 1901 95 45 drone
2896 1 1422 1902 96 45 drone
2897 1 1414 1903 97 45 drone
2898 1 1406 1905 98 45 drone
2899 1 1398 1906 99 45 drone
2900 1 1390 1908 101 45 drone
2901 1 1378 1908 103 45 drone
2902 1 1366 1909 105 45 drone
2903 1 1355 1910 107 45 drone
2904 1 1343 1911 109 45 drone
2905 1 1332 1912 111 46 drone
2906 1 1320 1913 113 46 drone
2907 1 1308 1914 115 46 drone
2908 1 1297 1915 117 46 drone
2909 1 1285 1916 119 46 drone
2910 1 1274 1917 121 47 drone
2911 1 1262 1916 120 47 drone
2912 1 1250 1916 120 48 drone
2913 1 1238 1915 120 48 drone
2914 1 1226 1915 120 49 drone
2915 1 1214 1914 120 49 drone
2916 1 1202 1918 120 50 drone
2917 1 1191 1917 120 50 drone
2918 1 1179 1915 120 51 drone
2919 1 1166 1912 120 51 drone
2920 1 1155 1912 120 52 drone
2921 1 1140 1904 121 53 drone
2922 1 1125 1902 122 55 drone
2923 1 1110 1896 124 57 drone
2924 1 1096 1889 125 58 drone
2925 1 1081 1881 127 60 drone
2926 1 1069 1874 128 62 drone
2927 1 1053 1863 129 63 drone
2928 1 1035 1854 131 65 drone
2929 1 1020 1842 132 67 drone
2930 1 1005 1834 134 69 drone
2931 1 985 1825 134 70 drone
2932 1 964 1814 135 71 drone
2933 1 946 1806 135 72 drone
2934 1 929 1799 136 73 drone
2935 1 912 1794 137 74 drone
2936 1 893 1788 137 75 drone
2937 1 875 1782 138 76 drone
2938 1 858 1777 138 77 drone
2939 1 838 1775 139 78 drone
2940 1 820 1768 140 79 drone
2941 1 790 1767 145 78 drone
2942 1 766 1765 150 78 drone
2943 1 741 1765 155 78 drone
2944 1 723 1763 160 78 drone
2945 1 695 1760 165 78 drone
2946 1 676 1759 170 77 drone
2947 1 649 1761 175 77 drone
2948 1 628 1759 180 77 drone
2949 1 605 1760 185 77 drone
2950 1 582 1760 190 77 drone
