0 0
1 0
2 0
3 0
4 0
5 0
6 0
7 0
8 0
9 0
10 0
11 0
12 0
13 0
14 0
15 0
16 0
17 0
18 0
19 0
20 0
21 0
22 0
23 0
24 0
25 0
26 0
27 0
28 0
29 0
30 0
31 0
32 0
33 0
34 0
35 0
36 1 626 647 7 5 drone
37 1 626 646 7 5 drone
38 1 626 646 8 5 drone
39 1 626 645 8 5 drone
40 1 627 645 9 6 drone
41 1 627 644 8 5 drone
42 1 628 644 8 5 drone
43 1 628 643 8 5 drone
44 1 629 643 7 5 drone
45 1 629 642 7 5 drone
46 1 630 642 7 5 drone
47 1 630 641 6 5 drone
48 1 631 641 6 5 drone
49 1 631 640 6 5 drone
50 1 632 640 6 5 drone
51 1 632 639 6 5 drone
52 1 632 638 6 5 drone
53 1 633 637 6 5 drone
54 1 633 636 7 6 drone
55 1 634 635 7 6 drone
56 1 634 634 7 6 drone
57 1 634 633 8 7 drone
58 1 635 632 8 7 drone
59 1 635 631 8 7 drone
60 1 636 630 9 8 drone
61 1 636 628 9 7 drone
62 1 636 627 9 7 drone
63 1 636 626 9 7 drone
64 1 636 625 9 7 drone
65 1 636 624 9 7 drone
66 1 636 623 9 7 drone
67 1 636 622 9 7 drone
68 1 636 621 9 7 drone
69 1 636 620 9 7 drone
70 1 636 619 9 7 drone
71 1 636 617 9 7 drone
72 1 636 616 9 7 drone
73 1 636 615 9 7 drone
74 1 636 614 9 7 drone
75 1 636 613 9 8 drone
76 1 636 612 9 8 drone
77 1 636 611 9 8 drone
78 1 636 610 9 8 drone
79 1 636 609 9 8 drone
80 1 636 608 10 9 drone
81 1 636 607 10 9 drone
82 1 636 606 10 9 drone
83 1 636 605 10 9 drone
84 1 637 604 10 9 drone
85 1 637 603 10 9 drone
86 1 637 602 10 9 drone
87 1 638 601 10 9 drone
88 1 638 600 10 9 drone
89 1 638 599 10 9 drone
90 1 639 599 10 9 drone
91 1 639 598 10 9 drone
92 1 640 597 10 9 drone
93 1 641 596 10 9 drone
94 1 641 596 10 9 drone
95 1 642 595 10 9 drone
96 1 643 594 10 9 drone
97 1 643 594 10 9 drone
98 1 644 593 10 9 drone
99 1 645 592 10 9 drone
100 1 646 592 10 9 drone
101 1 647 591 10 9 drone
102 1 648 591 10 9 drone
103 1 650 590 10 9 drone
104 1 651 590 10 9 drone
105 1 653 589 10 9 drone
106 1 654 589 10 9 drone
107 1 655 588 10 9 drone
108 1 657 588 10 9 drone
109 1 658 587 10 9 drone
110 1 660 587 10 9 drone
111 1 662 586 10 9 drone
112 1 665 586 10 9 drone
113 1 666 586 10 9 drone
114 1 668 586 10 9 drone
115 1 670 586 10 9 drone
116 1 672 586 10 9 drone
117 1 676 585 10 9 drone
118 1 677 586 10 9 drone
119 1 680 585 10 9 drone
120 1 682 585 10 9 drone
121 1 686 585 10 9 drone
122 1 687 584 10 9 drone
123 1 690 585 10 9 drone
124 1 693 585 10 9 drone
125 1 696 585 10 9 drone
126 1 699 584 10 9 drone
127 1 703 584 10 9 drone
128 1 705 584 10 9 drone
129 1 708 584 10 9 drone
130 1 711 584 10 9 drone
131 1 715 583 10 9 drone
132 1 716 583 10 9 drone
133 1 719 583 10 9 drone
134 1 722 583 10 9 drone
135 1 725 583 10 9 drone
136 1 728 582 10 9 drone
137 1 731 582 10 9 drone
138 1 734 582 10 9 drone
139 1 737 582 10 9 drone
140 1 740 582 10 9 drone
141 1 742 581 10 9 drone
142 1 745 581 10 9 drone
143 1 749 580 10 9 drone
144 1 751 580 10 9 drone
145 1 755 579 10 9 drone
146 1 759 579 10 9 drone
147 1 761 578 10 9 drone
148 1 764 578 10 9 drone
149 1 766 577 10 9 drone
150 1 769 577 10 9 drone
151 1 772 576 10 9 drone
152 1 776 576 10 9 drone
153 1 778 575 10 9 drone
154 1 782 575 10 9 drone
155 1 785 575 10 9 drone
156 1 790 573 10 9 drone
157 1 793 574 10 9 drone
158 1 796 573 10 9 drone
159 1 798 573 10 9 drone
160 1 802 572 10 9 drone
161 1 807 572 10 9 drone
162 1 810 572 10 9 drone
163 1 814 571 10 9 drone
164 1 817 571 10 9 drone
165 1 821 571 10 9 drone
166 1 827 570 10 9 drone
167 1 831 571 10 9 drone
168 1 833 570 10 9 drone
169 1 836 570 10 9 drone
170 1 841 569 10 9 drone
171 1 847 568 10 9 drone
172 1 852 569 10 9 drone
173 1 855 568 10 9 drone
174 1 858 567 10 9 drone
175 1 861 567 10 9 drone
176 1 869 567 10 9 drone
177 1 872 566 10 9 drone
178 1 875 566 10 9 drone
179 1 879 566 10 9 drone
180 1 883 566 10 9 drone
181 1 887 565 10 9 drone
182 1 891 566 10 9 drone
183 1 893 565 10 9 drone
184 1 895 566 10 9 drone
185 1 898 566 10 9 drone
186 1 902 566 10 9 drone
187 1 904 566 10 9 drone
188 1 906 565 10 9 drone
189 1 908 566 10 9 drone
190 1 910 566 10 9 drone
191 1 911 566 10 9 drone
192 1 915 566 10 9 drone
193 1 917 566 10 9 drone
194 1 918 567 10 9 drone
195 1 921 566 10 9 drone
196 1 922 567 10 9 drone
197 1 924 568 10 9 drone
198 1 927 567 10 9 drone
199 1 928 568 10 9 drone
200 1 930 568 10 9 drone
201 1 931 569 10 9 drone
202 1 935 569 10 9 drone
203 1 936 569 10 9 drone
204 1 938 570 10 9 drone
205 1 939 570 10 9 drone
206 1 941 570 10 9 drone
207 1 945 571 10 9 drone
208 1 946 571 10 9 drone
209 1 948 571 10 9 drone
210 1 950 572 10 9 drone
211 1 951 572 10 9 drone
212 1 953 572 10 9 drone
213 1 954 572 10 9 drone
214 1 956 573 11 9 drone
215 1 958 573 11 9 drone
216 1 959 573 11 9 drone
217 1 961 574 12 9 drone
218 1 962 574 12 9 drone
219 1 964 574 12 9 drone
220 1 966 575 13 9 drone
221 1 967 575 13 9 drone
222 1 970 575 13 9 drone
223 1 970 575 13 9 drone
224 1 972 575 13 9 drone
225 1 974 575 13 9 drone
226 1 976 575 13 9 drone
227 1 976 575 13 9 drone
228 1 978 575 13 9 drone
229 1 979 575 13 9 drone
230 1 981 575 13 9 drone
231 1 981 574 13 9 drone
232 1 981 574 13 9 drone
233 1 983 573 13 9 drone
234 1 983 573 13 9 drone
235 1 983 573 13 9 drone
236 1 983 572 13 9 drone
237 1 984 572 13 9 drone
238 1 985 571 13 9 drone
239 1 984 571 13 9 drone
240 1 985 571 13 9 drone
241 1 983 570 13 9 drone
242 1 982 569 13 9 drone
243 1 981 568 13 9 drone
244 1 980 568 13 9 drone
245 1 980 567 13 9 drone
246 1 979 566 13 9 drone
247 1 977 566 13 9 drone
248 1 976 565 13 9 drone
249 1 975 564 13 9 drone
250 1 974 564 13 9 drone
251 1 972 563 13 9 drone
252 1 970 562 13 9 drone
253 1 968 561 13 9 drone
254 1 966 561 13 9 drone
255 1 965 560 13 9 drone
256 1 963 559 13 9 drone
257 1 961 559 13 9 drone
258 1 959 558 13 9 drone
259 1 957 557 13 9 drone
260 1 956 557 13 9 drone
261 1 953 556 13 9 drone
262 1 951 555 13 9 drone
263 1 949 554 13 9 drone
264 1 947 553 13 9 drone
265 1 945 552 14 9 drone
266 1 942 551 14 9 drone
267 1 940 550 14 9 drone
268 1 938 549 14 9 drone
269 1 936 549 14 9 drone
270 1 933 548 15 10 drone
271 1 931 547 14 10 drone
272 1 927 546 14 10 drone
273 1 927 545 14 10 drone
274 1 926 545 13 10 drone
275 1 924 544 13 10 drone
276 1 922 543 13 10 drone
277 1 920 543 12 10 drone
278 1 917 541 12 10 drone
279 1 916 541 12 10 drone
280 1 914 541 12 10 drone
281 1 910 540 12 10 drone
282 1 909 538 12 10 drone
283 1 907 538 12 10 drone
284 1 905 538 12 10 drone
285 1 903 538 12 10 drone
286 1 901 537 12 10 drone
287 1 898 535 12 10 drone
288 1 896 535 12 10 drone
289 1 895 535 12 10 drone
290 1 893 535 12 10 drone
291 1 891 535 12 10 drone
292 1 889 535 12 10 drone
293 1 887 535 12 10 drone
294 1 885 535 12 10 drone
295 1 883 535 12 10 drone
296 1 881 535 12 10 drone
297 1 879 535 12 10 drone
298 1 877 535 12 10 drone
299 1 874 535 12 10 drone
300 1 872 535 12 10 drone
301 1 871 536 12 10 drone
302 1 868 536 12 10 drone
303 1 866 536 12 10 drone
304 1 865 536 12 10 drone
305 1 863 537 12 10 drone
306 1 861 537 12 10 drone
307 1 858 537 12 10 drone
308 1 856 538 12 10 drone
309 1 854 538 12 10 drone
310 1 853 539 12 10 drone
311 1 851 539 12 10 drone
312 1 848 540 13 10 drone
313 1 846 540 13 11 drone
314 1 845 541 14 11 drone
315 1 843 540 14 12 drone
316 1 840 541 15 12 drone
317 1 838 542 15 12 drone
318 1 837 543 16 13 drone
319 1 835 542 16 13 drone
320 1 832 543 17 14 drone
321 1 831 544 16 13 drone
322 1 830 545 15 13 drone
323 1 829 546 15 13 drone
324 1 828 548 14 12 drone
325 1 827 549 14 12 drone
326 1 826 550 13 12 drone
327 1 825 552 12 11 drone
328 1 824 553 12 11 drone
329 1 823 554 11 11 drone
330 1 823 556 11 11 drone
331 1 821 557 11 11 drone
332 1 820 558 11 11 drone
333 1 818 559 11 11 drone
334 1 817 560 11 12 drone
335 1 816 561 12 12 drone
336 1 814 562 12 12 drone
337 1 812 563 12 13 drone
338 1 810 565 12 13 drone
339 1 810 565 12 13 drone
340 1 809 567 13 14 drone
341 1 807 568 13 14 drone
342 1 806 570 13 14 drone
343 1 805 571 13 14 drone
344 1 803 573 13 14 drone
345 1 802 574 13 14 drone
346 1 801 576 13 14 drone
347 1 799 577 13 14 drone
348 1 798 579 13 14 drone
349 1 797 580 13 14 drone
350 1 796 582 13 14 drone
351 1 794 583 13 14 drone
352 1 793 584 13 14 drone
353 1 792 585 13 14 drone
354 1 791 587 13 14 drone
355 1 790 588 13 14 drone
356 1 789 589 13 14 drone
357 1 788 591 13 14 drone
358 1 787 592 13 14 drone
359 1 786 593 13 14 drone
360 1 785 595 13 14 drone
361 1 784 596 13 14 drone
362 1 783 597 13 14 drone
363 1 783 598 13 14 drone
364 1 782 601 13 14 drone
365 1 782 601 14 14 drone
366 1 781 602 14 14 drone
367 1 780 604 14 14 drone
368 1 780 605 14 14 drone
369 1 779 606 14 14 drone
370 1 779 608 15 14 drone
371 1 779 609 15 14 drone
372 1 779 610 15 14 drone
373 1 779 611 15 14 drone
374 1 778 614 15 14 drone
375 1 779 614 15 14 drone
376 1 779 615 15 14 drone
377 1 779 617 15 14 drone
378 1 779 618 15 14 drone
379 1 779 619 15 14 drone
380 1 778 621 15 14 drone
381 1 779 622 15 14 drone
382 1 779 624 15 14 drone
383 1 779 625 15 14 drone
384 1 779 627 15 14 drone
385 1 779 628 15 14 drone
386 1 779 630 15 14 drone
387 1 779 631 15 14 drone
388 1 779 633 15 14 drone
389 1 779 634 15 14 drone
390 1 779 636 15 14 drone
391 1 779 637 15 14 drone
392 1 779 638 15 14 drone
393 1 779 639 15 14 drone
394 1 779 641 15 14 drone
395 1 779 642 15 14 drone
396 1 779 643 15 14 drone
397 1 779 645 15 14 drone
398 1 779 646 15 14 drone
399 1 779 647 15 14 drone
400 1 780 649 15 14 drone
401 1 780 650 15 14 drone
402 1 780 651 15 14 drone
403 1 780 652 15 14 drone
404 1 780 654 15 14 drone
405 1 780 655 15 14 drone
406 1 780 656 15 14 drone
407 1 780 658 15 14 drone
408 1 780 659 15 14 drone
409 1 780 660 15 14 drone
410 1 780 662 15 14 drone
411 1 779 663 14 13 drone
412 1 779 664 14 13 drone
413 1 779 666 14 13 drone
414 1 779 667 14 13 drone
415 1 779 669 14 13 drone
416 1 779 670 14 13 drone
417 1 779 671 14 13 drone
418 1 779 673 14 13 drone
419 1 779 674 14 13 drone
420 1 779 676 14 13 drone
421 1 778 677 14 13 drone
422 1 778 678 14 13 drone
423 1 778 680 14 13 drone
424 1 778 681 14 13 drone
425 1 778 683 14 13 drone
426 1 778 684 14 13 drone
427 1 778 685 14 13 drone
428 1 778 687 14 13 drone
429 1 778 688 14 13 drone
430 1 778 690 15 13 drone
431 1 777 691 15 13 drone
432 1 777 692 15 13 drone
433 1 777 693 15 13 drone
434 1 777 695 15 13 drone
435 1 777 696 15 13 drone
436 1 777 697 15 13 drone
437 1 777 699 15 13 drone
438 1 777 700 15 13 drone
439 1 777 701 15 13 drone
440 1 777 703 15 13 drone
441 1 776 704 15 13 drone
442 1 776 705 15 13 drone
443 1 776 707 15 13 drone
444 1 775 708 15 13 drone
445 1 775 710 15 13 drone
446 1 775 711 15 13 drone
447 1 774 712 15 13 drone
448 1 774 714 15 13 drone
449 1 774 715 15 13 drone
450 1 774 717 15 13 drone
451 1 773 718 15 13 drone
452 1 773 719 15 13 drone
453 1 773 720 15 13 drone
454 1 772 721 15 13 drone
455 1 772 723 15 13 drone
456 1 772 724 15 13 drone
457 1 771 725 15 13 drone
458 1 771 726 15 13 drone
459 1 771 727 15 13 drone
460 1 771 729 15 13 drone
461 1 770 730 15 13 drone
462 1 770 731 15 13 drone
463 1 770 732 15 13 drone
464 1 769 733 15 13 drone
465 1 769 734 15 13 drone
466 1 769 735 15 13 drone
467 1 768 736 15 13 drone
468 1 768 737 15 13 drone
469 1 768 738 15 13 drone
470 1 768 740 15 13 drone
471 1 768 740 15 13 drone
472 1 768 741 15 13 drone
473 1 768 742 15 13 drone
474 1 768 744 15 13 drone
475 1 768 744 15 13 drone
476 1 768 744 15 13 drone
477 1 768 745 15 13 drone
478 1 768 746 15 13 drone
479 1 768 747 15 13 drone
480 1 768 748 15 13 drone
481 1 768 748 15 13 drone
482 1 768 749 15 13 drone
483 1 768 750 15 13 drone
484 1 769 751 15 13 drone
485 1 769 752 15 13 drone
486 1 769 752 15 13 drone
487 1 770 753 15 13 drone
488 1 770 754 15 13 drone
489 1 770 755 15 13 drone
490 1 771 756 15 13 drone
491 1 771 756 15 13 drone
492 1 771 757 15 13 drone
493 1 771 757 15 13 drone
494 1 772 758 15 13 drone
495 1 772 758 15 13 drone
496 1 772 759 15 13 drone
497 1 773 759 15 13 drone
498 1 773 760 15 13 drone
499 1 773 760 15 13 drone
500 1 774 761 15 13 drone
501 1 774 761 15 13 drone
502 1 774 762 15 13 drone
503 1 775 763 15 13 drone
504 1 775 763 15 13 drone
505 1 776 764 15 13 drone
506 1 776 765 15 13 drone
507 1 776 765 15 13 drone
508 1 777 766 15 13 drone
509 1 777 767 15 13 drone
510 1 778 768 15 13 drone
511 1 778 768 15 13 drone
512 1 778 769 15 13 drone
513 1 778 770 15 13 drone
514 1 779 771 15 13 drone
515 1 779 772 15 13 drone
516 1 779 772 15 13 drone
517 1 780 773 15 13 drone
518 1 780 774 15 13 drone
519 1 780 775 15 13 drone
520 1 781 776 15 13 drone
521 1 781 777 15 13 drone
522 1 781 778 15 13 drone
523 1 781 779 15 13 drone
524 1 781 780 16 13 drone
525 1 781 781 16 13 drone
526 1 781 782 16 13 drone
527 1 781 783 17 13 drone
528 1 781 784 17 13 drone
529 1 781 785 17 13 drone
530 1 782 786 18 13 drone
531 1 781 786 18 13 drone
532 1 781 786 19 13 drone
533 1 780 787 19 13 drone
534 1 780 787 20 14 drone
535 1 780 788 21 14 drone
536 1 779 788 21 14 drone
537 1 779 788 22 15 drone
538 1 778 789 22 15 drone
539 1 778 789 23 15 drone
540 1 778 790 24 16 drone
541 1 777 790 24 16 drone
542 1 777 791 24 16 drone
543 1 777 792 24 16 drone
544 1 777 793 24 16 drone
545 1 777 794 24 16 drone
546 1 777 794 24 16 drone
547 1 777 795 24 16 drone
548 1 777 796 24 16 drone
549 1 777 797 24 16 drone
550 1 777 798 24 16 drone
551 1 777 799 24 16 drone
552 1 777 800 24 16 drone
553 1 777 801 24 16 drone
554 1 777 802 24 16 drone
555 1 777 804 24 16 drone
556 1 777 805 24 16 drone
557 1 777 806 24 16 drone
558 1 777 807 24 16 drone
559 1 777 808 24 16 drone
560 1 777 810 24 16 drone
561 1 777 810 24 16 drone
562 1 777 811 24 16 drone
563 1 777 812 24 16 drone
564 1 777 813 24 16 drone
565 1 777 814 24 16 drone
566 1 777 815 24 16 drone
567 1 777 816 24 16 drone
568 1 777 817 24 16 drone
569 1 777 818 24 16 drone
570 1 777 819 24 16 drone
571 1 777 820 24 16 drone
572 1 777 821 24 16 drone
573 1 777 822 25 16 drone
574 1 777 823 25 16 drone
575 1 777 824 26 16 drone
576 1 777 825 26 16 drone
577 1 777 826 26 16 drone
578 1 777 827 27 16 drone
579 1 777 828 27 16 drone
580 1 777 829 28 16 drone
581 1 777 829 28 16 drone
582 1 777 829 28 16 drone
583 1 777 830 28 16 drone
584 1 777 830 28 16 drone
585 1 777 831 28 16 drone
586 1 777 831 28 16 drone
587 1 777 831 28 16 drone
588 1 777 832 28 16 drone
589 1 777 832 28 16 drone
590 1 778 833 28 16 drone
591 1 778 833 28 16 drone
592 1 778 833 28 16 drone
593 1 778 834 28 16 drone
594 1 778 834 28 16 drone
595 1 778 835 28 16 drone
596 1 778 835 28 16 drone
597 1 778 835 28 16 drone
598 1 778 836 28 16 drone
599 1 778 836 28 16 drone
600 1 778 837 28 16 drone
601 1 778 837 28 16 drone
602 1 778 837 28 16 drone
603 1 778 837 28 16 drone
604 1 778 838 28 16 drone
605 1 778 838 28 16 drone
606 1 778 838 28 16 drone
607 1 778 839 28 16 drone
608 1 778 839 28 16 drone
609 1 778 839 28 16 drone
610 1 779 840 28 16 drone
611 1 779 840 28 16 drone
612 1 779 840 28 16 drone
613 1 779 840 28 16 drone
614 1 780 841 28 16 drone
615 1 780 841 28 16 drone
616 1 780 841 28 16 drone
617 1 781 842 28 16 drone
618 1 781 842 28 16 drone
619 1 781 842 28 16 drone
620 1 782 843 28 16 drone
621 1 782 842 28 16 drone
622 1 782 842 28 16 drone
623 1 782 842 28 16 drone
624 1 782 842 29 16 drone
625 1 783 842 29 16 drone
626 1 783 841 29 16 drone
627 1 783 841 30 16 drone
628 1 783 841 30 16 drone
629 1 783 841 30 16 drone
630 1 784 841 31 17 drone
631 1 784 840 31 17 drone
632 1 785 840 31 17 drone
633 1 785 839 31 17 drone
634 1 786 839 31 17 drone
635 1 787 839 31 17 drone
636 1 787 838 31 17 drone
637 1 788 838 31 17 drone
638 1 788 837 31 17 drone
639 1 789 837 31 17 drone
640 1 790 837 31 17 drone
641 1 790 836 31 17 drone
642 1 791 835 31 17 drone
643 1 791 835 31 17 drone
644 1 792 834 31 17 drone
645 1 792 834 32 17 drone
646 1 793 833 32 17 drone
647 1 793 832 32 17 drone
648 1 794 832 32 17 drone
649 1 794 831 32 17 drone
650 1 795 831 33 17 drone
651 1 795 830 33 17 drone
652 1 795 830 33 17 drone
653 1 796 829 33 17 drone
654 1 796 829 33 17 drone
655 1 797 828 34 17 drone
656 1 797 828 34 17 drone
657 1 797 827 34 17 drone
658 1 798 827 34 17 drone
659 1 798 826 34 17 drone
660 1 799 826 35 18 drone
661 1 799 825 35 18 drone
662 1 800 824 35 18 drone
663 1 800 823 36 18 drone
664 1 801 822 36 19 drone
665 1 802 822 37 19 drone
666 1 802 821 37 19 drone
667 1 803 820 37 20 drone
668 1 803 819 38 20 drone
669 1 804 818 38 20 drone
670 1 805 818 39 21 drone
671 1 805 816 39 21 drone
672 1 805 815 39 21 drone
673 1 805 814 39 21 drone
674 1 805 812 39 21 drone
675 1 805 811 39 21 drone
676 1 805 810 39 21 drone
677 1 805 808 39 21 drone
678 1 805 807 39 21 drone
679 1 805 806 39 21 drone
680 1 805 805 39 21 drone
681 1 806 803 39 21 drone
682 1 808 802 39 21 drone
683 1 809 800 39 21 drone
684 1 809 799 39 21 drone
685 1 810 798 39 21 drone
686 1 811 796 39 21 drone
687 1 812 795 39 21 drone
688 1 813 793 39 21 drone
689 1 814 792 39 21 drone
690 1 815 791 39 21 drone
691 1 815 789 39 21 drone
692 1 816 789 39 21 drone
693 1 817 786 39 21 drone
694 1 818 785 39 21 drone
695 1 819 783 39 21 drone
696 1 820 782 39 21 drone
697 1 821 780 39 21 drone
698 1 822 779 39 21 drone
699 1 823 777 39 21 drone
700 1 824 776 39 21 drone
701 1 825 777 39 21 drone
702 1 827 774 39 22 drone
703 1 828 769 39 23 drone
704 1 829 770 39 23 drone
705 1 830 765 39 24 drone
706 1 831 763 39 25 drone
707 1 833 757 39 27 drone
708 1 833 757 39 26 drone
709 1 835 754 42 27 drone
710 1 837 747 40 28 drone
711 1 840 744 43 28 drone
712 1 839 741 40 28 drone
713 1 843 738 43 29 drone
714 1 843 735 42 29 drone
715 1 844 728 41 30 drone
716 1 847 725 41 30 drone
717 1 848 722 41 30 drone
718 1 850 719 44 31 drone
719 1 850 716 43 31 drone
720 1 851 710 42 32 drone
721 1 851 708 42 32 drone
722 1 852 704 43 32 drone
723 1 855 701 43 32 drone
724 1 854 699 44 32 drone
725 1 858 692 44 33 drone
726 1 858 690 45 33 drone
727 1 859 686 45 33 drone
728 1 860 682 46 33 drone
729 1 861 681 46 33 drone
730 1 863 676 47 34 drone
731 1 863 673 47 34 drone
732 1 864 670 47 34 drone
733 1 865 667 47 34 drone
734 1 865 664 48 34 drone
735 1 866 661 48 34 drone
736 1 869 656 48 34 drone
737 1 867 655 49 34 drone
738 1 868 652 49 34 drone
739 1 869 649 49 34 drone
740 1 870 646 50 35 drone
741 1 871 641 49 35 drone
742 1 870 641 49 35 drone
743 1 871 637 49 36 drone
744 1 871 636 49 35 drone
745 1 873 633 49 36 drone
746 1 875 629 49 36 drone
747 1 873 628 49 36 drone
748 1 874 626 49 36 drone
749 1 875 623 49 36 drone
750 1 875 621 49 37 drone
751 1 875 618 49 37 drone
752 1 873 617 49 37 drone
753 1 873 615 49 37 drone
754 1 873 613 49 37 drone
755 1 873 611 49 37 drone
756 1 873 609 49 37 drone
757 1 873 607 49 37 drone
758 1 873 605 49 37 drone
759 1 873 603 49 37 drone
760 1 873 602 49 37 drone
761 1 872 600 49 37 drone
762 1 872 598 49 37 drone
763 1 872 597 49 37 drone
764 1 871 595 49 37 drone
765 1 871 594 49 37 drone
766 1 867 592 49 37 drone
767 1 870 590 49 37 drone
768 1 868 589 49 37 drone
769 1 866 588 49 37 drone
770 1 865 586 49 37 drone
771 1 865 585 49 37 drone
772 1 864 584 45 37 drone
773 1 867 583 44 37 drone
774 1 868 582 49 37 drone
775 1 867 581 44 37 drone
776 1 865 580 49 37 drone
777 1 863 579 46 37 drone
778 1 866 578 49 37 drone
779 1 866 577 46 37 drone
780 1 866 577 49 37 drone
781 1 866 577 44 36 drone
782 1 867 578 47 36 drone
783 1 868 578 43 36 drone
784 1 868 579 43 36 drone
785 1 869 579 45 36 drone
786 1 870 580 42 36 drone
787 1 870 580 44 36 drone
788 1 871 581 43 36 drone
789 1 872 581 40 36 drone
790 1 873 582 42 36 drone
791 1 874 582 42 35 drone
792 1 875 583 42 35 drone
793 1 876 584 42 34 drone
794 1 877 584 42 34 drone
795 1 876 585 42 34 drone
796 1 879 586 42 33 drone
797 1 879 586 39 33 drone
798 1 880 587 42 32 drone
799 1 878 588 42 32 drone
800 1 884 589 42 32 drone
801 1 883 590 41 31 drone
802 1 884 591 40 31 drone
803 1 885 593 39 30 drone
804 1 885 594 39 30 drone
805 1 886 596 38 30 drone
806 1 886 597 37 29 drone
807 1 886 598 37 29 drone
808 1 887 600 36 28 drone
809 1 887 601 35 28 drone
810 1 888 603 35 28 drone
811 1 887 604 35 28 drone
812 1 887 605 35 28 drone
813 1 887 606 35 28 drone
814 1 887 607 35 28 drone
815 1 887 608 35 28 drone
816 1 887 609 35 28 drone
817 1 887 610 35 28 drone
818 1 887 611 35 28 drone
819 1 887 612 35 28 drone
820 1 887 613 35 28 drone
821 1 886 614 34 27 drone
822 1 885 615 34 27 drone
823 1 884 616 34 26 drone
824 1 883 617 33 26 drone
825 1 883 618 33 26 drone
826 1 882 619 33 25 drone
827 1 881 620 32 25 drone
828 1 880 621 32 24 drone
829 1 879 622 32 24 drone
830 1 879 623 32 24 drone
831 1 877 623 32 23 drone
832 1 875 623 32 23 drone
833 1 873 623 32 23 drone
834 1 872 624 32 23 drone
835 1 870 624 32 23 drone
836 1 868 624 32 22 drone
837 1 867 625 32 22 drone
838 1 865 625 32 22 drone
839 1 863 625 32 22 drone
840 1 862 626 32 22 drone
841 1 860 626 31 21 drone
842 1 858 626 31 21 drone
843 1 857 627 30 21 drone
844 1 855 627 30 21 drone
845 1 854 628 30 21 drone
846 1 852 628 29 20 drone
847 1 850 628 29 20 drone
848 1 849 629 28 20 drone
849 1 847 629 28 20 drone
850 1 846 630 28 20 drone
851 1 844 630 28 20 drone
852 1 842 630 28 20 drone
853 1 840 630 28 20 drone
854 1 838 630 28 20 drone
855 1 836 630 28 20 drone
856 1 834 630 28 20 drone
857 1 832 630 28 20 drone
858 1 830 630 28 20 drone
859 1 828 630 28 20 drone
860 1 826 630 28 20 drone
861 1 824 630 27 20 drone
862 1 822 630 27 20 drone
863 1 820 630 27 20 drone
864 1 819 630 26 20 drone
865 1 817 630 26 20 drone
866 1 815 630 26 20 drone
867 1 814 630 25 20 drone
868 1 812 630 25 20 drone
869 1 810 630 25 20 drone
870 1 809 630 25 20 drone
871 1 807 630 25 20 drone
872 1 805 630 25 20 drone
873 1 803 630 25 20 drone
874 1 799 630 25 20 drone
875 1 798 630 25 20 drone
876 1 794 630 25 20 drone
877 1 794 630 25 20 drone
878 1 792 630 25 20 drone
879 1 790 630 25 20 drone
880 1 790 630 25 20 drone
881 1 787 631 24 19 drone
882 1 788 632 24 19 drone
883 1 788 632 23 19 drone
884 1 785 632 23 19 drone
885 1 786 634 23 19 drone
886 1 786 634 22 18 drone
887 1 787 635 22 18 drone
888 1 787 635 21 18 drone
889 1 786 636 21 18 drone
890 1 786 637 21 18 drone
891 1 786 637 21 18 drone
892 1 787 638 21 18 drone
893 1 787 639 21 18 drone
894 1 788 639 21 18 drone
895 1 789 640 21 18 drone
896 1 789 641 21 18 drone
897 1 790 641 21 18 drone
898 1 790 642 21 18 drone
899 1 791 643 21 18 drone
900 1 792 644 21 18 drone
901 1 793 644 21 18 drone
902 1 794 644 21 18 drone
903 1 796 644 21 18 drone
904 1 797 644 21 18 drone
905 1 799 645 21 18 drone
906 1 800 645 21 18 drone
907 1 801 645 21 18 drone
908 1 803 645 21 18 drone
909 1 804 645 21 18 drone
910 1 806 646 21 18 drone
911 1 807 645 20 18 drone
912 1 809 645 20 18 drone
913 1 811 645 19 18 drone
914 1 812 645 19 18 drone
915 1 814 645 19 18 drone
916 1 816 645 18 18 drone
917 1 817 645 18 18 drone
918 1 819 645 17 18 drone
919 1 821 645 17 18 drone
920 1 823 645 17 18 drone
921 1 824 645 17 17 drone
922 1 825 645 17 17 drone
923 1 826 645 17 17 drone
924 1 827 645 17 16 drone
925 1 829 646 17 16 drone
926 1 830 646 17 16 drone
927 1 831 646 17 15 drone
928 1 832 646 17 15 drone
929 1 833 646 17 15 drone
930 1 835 647 17 15 drone
931 1 836 647 17 15 drone
932 1 838 647 17 15 drone
933 1 840 647 17 15 drone
934 1 841 647 17 15 drone
935 1 843 648 17 15 drone
936 1 845 648 17 15 drone
937 1 846 648 17 15 drone
938 1 848 648 17 15 drone
939 1 850 648 17 15 drone
940 1 852 649 17 16 drone
941 1 853 649 17 15 drone
942 1 855 649 17 15 drone
943 1 857 649 17 15 drone
944 1 859 649 17 15 drone
945 1 861 650 17 15 drone
946 1 862 650 17 15 drone
947 1 864 650 17 15 drone
948 1 866 650 17 15 drone
949 1 868 650 17 15 drone
950 1 870 651 17 15 drone
951 1 872 650 17 15 drone
952 1 874 650 17 15 drone
953 1 876 650 17 15 drone
954 1 878 650 17 15 drone
955 1 881 650 17 15 drone
956 1 883 650 17 15 drone
957 1 885 650 17 15 drone
958 1 887 650 17 15 drone
959 1 889 650 17 15 drone
960 1 892 650 17 15 drone
961 1 893 649 17 15 drone
962 1 895 649 17 15 drone
963 1 897 649 17 15 drone
964 1 899 649 17 15 drone
965 1 901 649 17 15 drone
966 1 903 649 17 15 drone
967 1 905 649 17 15 drone
968 1 907 649 17 15 drone
969 1 909 649 17 15 drone
970 1 911 649 17 15 drone
971 1 912 648 17 15 drone
972 1 914 648 17 15 drone
973 1 916 648 17 15 drone
974 1 917 648 17 15 drone
975 1 919 648 17 15 drone
976 1 921 647 17 15 drone
977 1 922 647 17 15 drone
978 1 924 647 17 15 drone
979 1 926 647 17 15 drone
980 1 928 647 17 15 drone
981 1 928 646 17 14 drone
982 1 929 645 17 14 drone
983 1 930 644 17 14 drone
984 1 930 644 17 14 drone
985 1 931 643 17 14 drone
986 1 932 642 17 13 drone
987 1 932 642 17 13 drone
988 1 933 641 17 13 drone
989 1 934 640 17 13 drone
990 1 935 640 17 13 drone
991 1 935 638 16 10 drone
992 1 936 638 15 10 drone
993 1 936 636 16 12 drone
994 1 935 635 17 12 drone
995 1 936 634 16 11 drone
996 1 935 632 17 11 drone
997 1 936 631 16 11 drone
998 1 935 630 17 10 drone
999 1 936 629 16 10 drone
