0 1 1590 983 525 403 drone
1 1 1584 985 525 401 drone
2 1 1578 987 525 399 drone
3 1 1572 990 525 397 drone
4 1 1579 992 525 396 drone
5 1 1577 997 525 394 drone
6 1 1605 999 525 392 drone
7 1 1600 1001 525 391 drone
8 1 1584 998 525 389 drone
9 1 1564 1002 525 387 drone
10 1 1533 1007 525 386 drone
11 1 1528 999 522 386 drone
12 1 1523 991 520 387 drone
13 1 1520 991 517 388 drone
14 1 1515 1001 515 389 drone
15 1 1509 998 513 390 drone
16 1 1504 986 510 391 drone
17 1 1487 970 508 392 drone
18 1 1488 964 505 393 drone
19 1 1475 950 503 394 drone
20 1 1485 929 501 395 drone
21 1 1491 907 502 394 drone
22 1 1497 885 504 393 drone
23 1 1482 873 505 392 drone
24 1 1510 865 507 392 drone
25 1 1517 819 509 391 drone
26 1 1523 801 510 390 drone
27 1 1529 775 512 390 drone
28 1 1536 753 513 389 drone
29 1 1542 731 515 388 drone
30 1 1549 710 517 388 drone
31 1 1545 724 512 387 drone
32 1 1545 780 507 386 drone
33 1 1543 847 503 385 drone
34 1 1532 929 498 385 drone
35 1 1562 959 494 384 drone
36 1 1558 965 489 383 drone
37 1 1563 949 484 383 drone
38 1 1559 917 480 382 drone
39 1 1535 886 475 381 drone
40 1 1512 851 471 381 drone
41 1 1505 807 471 379 drone
42 1 1505 725 471 378 drone
43 1 1491 636 471 377 drone
44 1 1479 545 471 375 drone
45 1 1495 509 471 374 drone
46 1 1483 504 471 373 drone
47 1 1479 551 471 371 drone
48 1 1459 626 471 370 drone
49 1 1473 682 471 369 drone
50 1 1471 679 471 368 drone
51 1 1490 648 471 368 drone
52 1 1506 584 471 369 drone
53 1 1512 553 471 369 drone
54 1 1526 549 471 370 drone
55 1 1560 526 471 371 drone
56 1 1576 520 471 371 drone
57 1 1600 515 471 372 drone
58 1 1614 523 471 372 drone
59 1 1608 528 471 373 drone
60 1 1610 514 471 374 drone
61 1 1604 537 455 363 drone
62 1 1598 560 440 352 drone
63 1 1594 560 424 341 drone
64 1 1558 601 409 330 drone
65 1 1541 613 393 320 drone
66 1 1523 652 378 309 drone
67 1 1519 669 362 298 drone
68 1 1527 699 347 287 drone
69 1 1557 724 331 276 drone
70 1 1552 748 316 266 drone
71 1 1563 769 306 257 drone
72 1 1577 802 296 248 drone
73 1 1591 819 286 240 drone
74 1 1609 822 277 231 drone
75 1 1621 821 267 223 drone
76 1 1637 837 257 214 drone
77 1 1650 838 248 205 drone
78 1 1664 844 238 197 drone
79 1 1677 847 228 188 drone
80 1 1691 859 219 180 drone
81 1 1698 863 211 175 drone
82 1 1706 868 203 170 drone
83 1 1720 875 195 165 drone
84 1 1737 877 188 160 drone
85 1 1736 882 180 155 drone
86 1 1754 885 172 150 drone
87 1 1745 892 165 145 drone
88 1 1757 896 157 140 drone
89 1 1765 903 149 135 drone
90 1 1769 907 142 131 drone
91 1 1770 913 137 127 drone
92 1 1778 918 133 123 drone
93 1 1779 924 128 119 drone
94 1 1779 932 124 115 drone
95 1 1781 937 119 111 drone
96 1 1776 940 115 107 drone
97 1 1778 949 110 103 drone
98 1 1778 956 106 99 drone
99 1 1779 962 101 95 drone
100 1 1781 969 97 91 drone
101 1 1780 970 97 90 drone
102 1 1779 971 98 90 drone
103 1 1779 972 98 90 drone
104 1 1778 973 99 90 drone
105 1 1778 974 100 90 drone
106 1 1777 975 100 89 drone
107 1 1776 976 101 89 drone
108 1 1776 977 101 89 drone
109 1 1775 978 102 89 drone
110 1 1775 980 103 89 drone
111 1 1775 979 103 89 drone
112 1 1775 978 104 90 drone
113 1 1776 978 105 90 drone
114 1 1776 977 106 91 drone
115 1 1777 977 107 92 drone
116 1 1777 976 108 92 drone
117 1 1777 975 109 93 drone
118 1 1778 975 110 93 drone
119 1 1778 974 111 94 drone
120 1 1779 974 112 95 drone
121 1 1777 976 112 95 drone
122 1 1776 989 112 95 drone
123 1 1777 986 112 95 drone
124 1 1776 988 112 95 drone
125 1 1780 992 112 95 drone
126 1 1775 992 112 95 drone
127 1 1773 996 112 95 drone
128 1 1772 999 112 95 drone
129 1 1769 1001 112 95 drone
130 1 1768 1001 112 95 drone
131 1 1764 1002 112 95 drone
132 1 1760 1003 112 95 drone
133 1 1756 1004 112 95 drone
134 1 1753 1005 112 95 drone
135 1 1749 1007 112 95 drone
136 1 1745 1008 112 95 drone
137 1 1742 1009 112 95 drone
138 1 1738 1010 112 95 drone
139 1 1734 1011 112 95 drone
140 1 1731 1013 112 95 drone
141 1 1729 1014 112 95 drone
142 1 1728 1015 112 95 drone
143 1 1727 1016 112 95 drone
144 1 1725 1017 112 95 drone
145 1 1718 1014 112 95 drone
146 1 1719 1018 112 95 drone
147 1 1717 1020 112 95 drone
148 1 1720 1021 112 95 drone
149 1 1719 1022 112 95 drone
150 1 1718 1023 112 95 drone
151 1 1719 1022 112 95 drone
152 1 1718 1030 112 95 drone
153 1 1722 1025 112 95 drone
154 1 1724 1027 112 95 drone
155 1 1725 1023 112 95 drone
156 1 1725 1024 112 95 drone
157 1 1727 1022 112 95 drone
158 1 1728 1018 112 95 drone
159 1 1729 1017 112 95 drone
160 1 1731 1017 112 95 drone
161 1 1727 1019 112 95 drone
162 1 1724 1022 112 95 drone
163 1 1729 1017 112 95 drone
164 1 1728 1020 112 95 drone
165 1 1732 1020 112 95 drone
166 1 1726 1028 112 95 drone
167 1 1725 1032 112 95 drone
168 1 1718 1039 112 95 drone
169 1 1707 1038 112 95 drone
170 1 1698 1042 112 95 drone
171 1 1690 1039 112 95 drone
172 1 1682 1036 112 95 drone
173 1 1675 1039 112 95 drone
174 1 1670 1040 112 95 drone
175 1 1665 1039 112 95 drone
176 1 1659 1038 112 95 drone
177 1 1646 1030 112 95 drone
178 1 1638 1025 112 95 drone
179 1 1626 1016 112 95 drone
180 1 1619 1014 112 95 drone
181 1 1615 1012 112 95 drone
182 1 1612 1011 112 95 drone
183 1 1609 1010 112 95 drone
184 1 1606 1009 112 95 drone
185 1 1603 1008 112 95 drone
186 1 1600 1006 112 95 drone
187 1 1597 1005 112 95 drone
188 1 1594 1004 112 95 drone
189 1 1591 1003 112 95 drone
190 1 1588 1002 112 95 drone
191 1 1587 1007 112 95 drone
192 1 1577 1002 112 96 drone
193 1 1576 1005 113 97 drone
194 1 1578 1016 113 97 drone
195 1 1579 1026 114 98 drone
196 1 1582 1033 114 99 drone
197 1 1578 1039 114 99 drone
198 1 1580 1043 115 100 drone
199 1 1579 1048 115 101 drone
200 1 1579 1054 116 102 drone
201 1 1581 1053 116 102 drone
202 1 1584 1053 116 102 drone
203 1 1587 1053 116 102 drone
204 1 1587 1061 116 102 drone
205 1 1582 1060 116 102 drone
206 1 1587 1069 116 102 drone
207 1 1585 1068 116 102 drone
208 1 1595 1065 116 102 drone
209 1 1603 1055 116 102 drone
210 1 1606 1052 116 102 drone
211 1 1609 1049 116 102 drone
212 1 1612 1048 116 102 drone
213 1 1617 1045 116 102 drone
214 1 1616 1040 116 102 drone
215 1 1625 1039 116 102 drone
216 1 1623 1040 116 102 drone
217 1 1626 1041 116 102 drone
218 1 1627 1041 116 102 drone
219 1 1630 1040 116 102 drone
220 1 1633 1039 116 102 drone
221 1 1636 1036 116 102 drone
222 1 1640 1034 116 102 drone
223 1 1643 1031 116 102 drone
224 1 1647 1029 116 102 drone
225 1 1651 1027 116 102 drone
226 1 1654 1024 116 102 drone
227 1 1655 1021 116 102 drone
228 1 1661 1019 116 102 drone
229 1 1659 1016 116 102 drone
230 1 1669 1015 116 102 drone
231 1 1673 1017 113 99 drone
232 1 1677 1019 111 97 drone
233 1 1681 1021 109 95 drone
234 1 1685 1023 107 93 drone
235 1 1690 1025 105 91 drone
236 1 1703 1026 102 89 drone
237 1 1708 1029 100 87 drone
238 1 1705 1031 98 85 drone
239 1 1710 1033 96 83 drone
240 1 1711 1036 94 81 drone
241 1 1711 1036 93 80 drone
242 1 1711 1037 93 80 drone
243 1 1711 1037 93 80 drone
244 1 1711 1038 93 80 drone
245 1 1712 1038 93 80 drone
246 1 1712 1039 92 79 drone
247 1 1712 1039 92 79 drone
248 1 1712 1040 92 79 drone
249 1 1712 1040 92 79 drone
250 1 1713 1041 92 79 drone
251 1 1712 1041 92 78 drone
252 1 1712 1042 92 78 drone
253 1 1712 1042 92 78 drone
254 1 1712 1043 92 78 drone
255 1 1712 1043 92 78 drone
256 1 1712 1044 92 77 drone
257 1 1712 1044 92 77 drone
258 1 1712 1045 92 77 drone
259 1 1712 1045 92 77 drone
260 1 1712 1046 93 77 drone
261 1 1707 1047 93 77 drone
262 1 1702 1048 93 77 drone
263 1 1698 1049 94 77 drone
264 1 1705 1048 94 77 drone
265 1 1700 1050 95 77 drone
266 1 1699 1049 95 77 drone
267 1 1700 1052 95 77 drone
268 1 1693 1053 96 77 drone
269 1 1690 1054 96 77 drone
270 1 1665 1056 97 77 drone
271 1 1652 1058 97 77 drone
272 1 1638 1060 97 77 drone
273 1 1624 1062 97 77 drone
274 1 1619 1065 98 77 drone
275 1 1610 1068 98 77 drone
276 1 1600 1072 98 77 drone
277 1 1585 1073 99 77 drone
278 1 1568 1074 99 77 drone
279 1 1554 1074 99 77 drone
280 1 1527 1076 100 77 drone
281 1 1501 1079 100 77 drone
282 1 1467 1082 100 77 drone
283 1 1421 1090 100 77 drone
284 1 1385 1094 100 77 drone
285 1 1362 1096 100 77 drone
286 1 1355 1098 100 77 drone
287 1 1351 1099 100 77 drone
288 1 1347 1103 100 77 drone
289 1 1340 1108 100 77 drone
290 1 1338 1111 100 77 drone
291 1 1334 1112 100 77 drone
292 1 1323 1114 100 77 drone
293 1 1318 1120 100 77 drone
294 1 1315 1118 100 77 drone
295 1 1314 1119 100 77 drone
296 1 1308 1125 100 77 drone
297 1 1306 1122 100 77 drone
298 1 1305 1123 100 77 drone
299 1 1303 1126 100 77 drone
300 1 1300 1128 100 77 drone
301 1 1299 1131 100 77 drone
302 1 1290 1132 100 77 drone
303 1 1276 1132 100 77 drone
304 1 1255 1135 100 77 drone
305 1 1233 1138 100 77 drone
306 1 1216 1141 100 77 drone
307 1 1202 1144 100 77 drone
308 1 1188 1146 100 77 drone
309 1 1174 1148 100 77 drone
310 1 1161 1151 100 77 drone
311 1 1143 1158 99 77 drone
312 1 1124 1166 99 77 drone
313 1 1109 1175 99 77 drone
314 1 1108 1177 99 78 drone
315 1 1102 1180 99 78 drone
316 1 1103 1184 98 78 drone
317 1 1103 1184 98 79 drone
318 1 1096 1186 98 79 drone
319 1 1100 1187 98 79 drone
320 1 1100 1187 98 80 drone
321 1 1101 1185 98 79 drone
322 1 1103 1183 98 79 drone
323 1 1105 1181 98 79 drone
324 1 1106 1179 99 79 drone
325 1 1108 1178 99 79 drone
326 1 1103 1176 99 79 drone
327 1 1110 1175 100 79 drone
328 1 1113 1172 100 79 drone
329 1 1115 1170 100 79 drone
330 1 1117 1169 101 79 drone
331 1 1122 1165 101 79 drone
332 1 1127 1162 101 79 drone
333 1 1132 1158 101 79 drone
334 1 1137 1155 102 79 drone
335 1 1142 1152 102 79 drone
336 1 1147 1148 102 79 drone
337 1 1152 1145 103 79 drone
338 1 1157 1141 103 79 drone
339 1 1162 1138 103 79 drone
340 1 1167 1135 104 79 drone
341 1 1173 1130 104 79 drone
342 1 1182 1118 104 79 drone
343 1 1191 1107 104 79 drone
344 1 1197 1102 104 79 drone
345 1 1204 1099 104 79 drone
346 1 1215 1092 104 79 drone
347 1 1219 1089 104 79 drone
348 1 1225 1089 104 79 drone
349 1 1230 1089 104 79 drone
350 1 1235 1086 104 79 drone
351 1 1239 1087 103 79 drone
352 1 1244 1088 103 80 drone
353 1 1248 1089 103 80 drone
354 1 1253 1090 103 81 drone
355 1 1257 1086 103 81 drone
356 1 1262 1086 102 82 drone
357 1 1266 1093 102 82 drone
358 1 1271 1094 102 83 drone
359 1 1275 1095 102 83 drone
360 1 1280 1096 102 84 drone
361 1 1285 1098 101 84 drone
362 1 1291 1101 101 84 drone
363 1 1295 1109 101 84 drone
364 1 1299 1114 101 84 drone
365 1 1304 1120 101 85 drone
366 1 1312 1123 101 85 drone
367 1 1317 1128 101 85 drone
368 1 1321 1129 101 85 drone
369 1 1328 1127 101 85 drone
370 1 1334 1129 101 86 drone
371 1 1342 1120 100 86 drone
372 1 1350 1116 100 87 drone
373 1 1357 1112 100 87 drone
374 1 1365 1108 99 88 drone
375 1 1372 1104 99 89 drone
376 1 1380 1100 99 89 drone
377 1 1387 1096 98 90 drone
378 1 1395 1092 98 90 drone
379 1 1402 1088 98 91 drone
380 1 1410 1084 98 92 drone
381 1 1418 1078 98 92 drone
382 1 1427 1073 98 92 drone
383 1 1435 1067 99 92 drone
384 1 1444 1062 99 92 drone
385 1 1457 1056 100 93 drone
386 1 1468 1050 100 93 drone
387 1 1469 1046 100 93 drone
388 1 1489 1039 101 93 drone
389 1 1487 1035 101 93 drone
390 1 1497 1029 102 94 drone
391 1 1492 1022 104 96 drone
392 1 1489 1014 107 99 drone
393 1 1487 1006 109 101 drone
394 1 1484 999 112 104 drone
395 1 1483 997 114 107 drone
396 1 1479 983 117 109 drone
397 1 1476 976 119 112 drone
398 1 1474 968 122 114 drone
399 1 1471 960 124 117 drone
400 1 1469 953 127 120 drone
401 1 1471 938 131 124 drone
402 1 1469 932 136 129 drone
403 1 1464 918 140 134 drone
404 1 1466 901 145 139 drone
405 1 1468 886 150 144 drone
406 1 1471 873 154 148 drone
407 1 1472 864 159 153 drone
408 1 1477 846 163 158 drone
409 1 1483 824 168 163 drone
410 1 1490 806 173 168 drone
411 1 1502 784 180 175 drone
412 1 1511 761 188 182 drone
413 1 1527 735 196 190 drone
414 1 1541 712 203 197 drone
415 1 1557 680 211 205 drone
416 1 1574 649 219 212 drone
417 1 1598 620 226 219 drone
418 1 1622 588 234 227 drone
419 1 1652 556 242 234 drone
420 1 1677 527 250 242 drone
421 1 1707 513 267 252 drone
422 1 1741 518 270 245 drone
423 1 1785 506 270 251 drone
424 1 1830 484 270 265 drone
425 1 1874 467 271 259 drone
