0 1 1797 633 97 82 drone
1 1 1797 633 97 82 drone
2 1 1797 633 97 82 drone
3 1 1797 633 97 82 drone
4 1 1797 633 97 82 drone
5 1 1797 633 97 82 drone
6 1 1797 633 97 82 drone
7 1 1797 633 97 82 drone
8 1 1797 633 97 82 drone
9 1 1797 633 97 82 drone
10 1 1797 633 97 82 drone
11 1 1795 633 97 82 drone
12 1 1794 634 97 82 drone
13 1 1794 635 97 82 drone
14 1 1794 633 97 82 drone
15 1 1797 636 97 82 drone
16 1 1809 655 97 82 drone
17 1 1812 678 97 82 drone
18 1 1806 696 97 82 drone
19 1 1800 715 97 82 drone
20 1 1784 732 97 82 drone
21 1 1768 753 97 82 drone
22 1 1750 765 97 82 drone
23 1 1732 784 97 82 drone
24 1 1710 796 97 82 drone
25 1 1687 811 97 82 drone
26 1 1660 826 97 82 drone
27 1 1668 835 97 82 drone
28 1 1677 839 97 82 drone
29 1 1672 848 97 82 drone
30 1 1665 855 97 82 drone
31 1 1653 856 97 79 drone
32 1 1637 861 97 77 drone
33 1 1625 863 97 74 drone
34 1 1668 864 97 72 drone
35 1 1707 862 97 70 drone
36 1 1745 859 97 67 drone
37 1 1754 858 97 65 drone
38 1 1744 850 97 62 drone
39 1 1737 842 97 60 drone
40 1 1732 834 97 58 drone
41 1 1721 823 97 58 drone
42 1 1711 815 97 58 drone
43 1 1702 806 97 58 drone
44 1 1701 798 97 58 drone
45 1 1702 790 97 58 drone
46 1 1726 787 97 58 drone
47 1 1798 784 97 58 drone
48 1 1844 782 97 58 drone
49 1 1858 772 97 58 drone
50 1 1852 772 97 58 drone
51 1 1816 779 96 58 drone
52 1 1792 784 95 59 drone
53 1 1786 779 94 60 drone
54 1 1781 776 93 61 drone
55 1 1769 775 93 62 drone
56 1 1761 772 92 63 drone
57 1 1728 764 91 64 drone
58 1 1698 757 90 65 drone
59 1 1668 755 89 66 drone
60 1 1662 752 89 67 drone
61 1 1660 747 89 67 drone
62 1 1671 745 89 67 drone
63 1 1677 744 89 67 drone
64 1 1682 747 89 67 drone
65 1 1695 746 89 67 drone
66 1 1709 746 89 67 drone
67 1 1725 746 89 67 drone
68 1 1748 738 89 67 drone
69 1 1763 734 89 67 drone
70 1 1779 720 89 67 drone
71 1 1795 708 89 67 drone
72 1 1804 696 89 67 drone
73 1 1808 688 89 67 drone
74 1 1818 685 89 67 drone
75 1 1817 689 89 67 drone
76 1 1815 695 89 67 drone
77 1 1804 706 89 67 drone
78 1 1795 709 89 67 drone
79 1 1784 708 89 67 drone
80 1 1767 712 89 67 drone
81 1 1759 720 89 67 drone
82 1 1758 723 89 67 drone
83 1 1757 733 89 67 drone
84 1 1759 731 89 67 drone
85 1 1757 737 89 67 drone
86 1 1749 741 89 67 drone
87 1 1752 743 89 67 drone
88 1 1742 746 89 67 drone
89 1 1746 753 89 67 drone
90 1 1752 759 89 67 drone
91 1 1754 763 89 67 drone
92 1 1757 768 89 67 drone
93 1 1756 781 89 67 drone
94 1 1758 784 89 67 drone
95 1 1763 789 89 67 drone
96 1 1765 796 89 67 drone
97 1 1766 801 89 67 drone
98 1 1774 807 89 67 drone
99 1 1777 805 89 67 drone
100 1 1779 807 89 67 drone
101 1 1786 811 89 67 drone
102 1 1788 823 89 67 drone
103 1 1782 829 89 67 drone
104 1 1790 836 89 67 drone
105 1 1798 843 89 67 drone
106 1 1812 843 89 67 drone
107 1 1828 844 89 67 drone
108 1 1835 843 89 67 drone
109 1 1853 847 89 67 drone
110 1 1850 853 89 67 drone
111 1 1861 861 89 67 drone
112 1 1865 869 89 67 drone
113 1 1866 877 89 67 drone
114 1 1871 881 89 67 drone
115 1 1878 888 89 67 drone
116 1 1864 894 89 67 drone
117 1 1868 902 89 67 drone
118 1 1866 910 89 67 drone
119 1 1864 916 89 67 drone
120 1 1866 924 89 67 drone
121 1 1868 928 89 67 drone
122 1 1870 936 89 67 drone
123 1 1872 948 89 67 drone
124 1 1878 953 89 67 drone
125 1 1882 956 89 67 drone
126 1 1886 958 89 67 drone
127 1 1886 962 89 67 drone
128 1 1886 962 89 67 drone
129 1 1893 969 89 67 drone
130 1 1890 971 89 67 drone
131 1 1886 975 89 67 drone
132 1 1882 980 89 67 drone
133 1 1890 994 89 67 drone
134 1 1875 989 89 67 drone
135 1 1878 994 89 67 drone
136 1 1868 998 89 67 drone
137 1 1864 1003 89 67 drone
138 1 1861 1007 89 67 drone
139 1 1857 1012 89 67 drone
140 1 1854 1017 89 67 drone
141 1 1853 1017 89 67 drone
142 1 1851 1022 89 67 drone
143 1 1852 1023 89 67 drone
144 1 1852 1024 89 67 drone
145 1 1852 1030 89 67 drone
146 1 1851 1032 89 67 drone
147 1 1856 1036 89 67 drone
148 1 1850 1033 89 67 drone
149 1 1848 1029 89 67 drone
150 1 1848 1024 89 67 drone
151 1 1849 1020 92 69 drone
152 1 1850 1016 95 71 drone
153 1 1851 1012 98 73 drone
154 1 1852 1009 101 75 drone
155 1 1858 1016 104 77 drone
156 1 1857 1012 107 79 drone
157 1 1859 1012 110 81 drone
158 1 1857 1002 113 83 drone
159 1 1857 990 116 85 drone
160 1 1858 987 120 87 drone
161 1 1861 979 124 90 drone
162 1 1851 976 128 93 drone
163 1 1853 972 132 97 drone
164 1 1857 966 136 100 drone
165 1 1863 960 140 104 drone
166 1 1873 948 144 107 drone
167 1 1881 937 148 110 drone
168 1 1885 929 152 114 drone
169 1 1891 917 156 117 drone
170 1 1891 916 161 121 drone
171 1 1887 916 165 124 drone
172 1 1891 915 170 127 drone
173 1 1883 916 174 130 drone
174 1 1878 916 179 134 drone
175 1 1868 921 184 137 drone
176 1 1864 931 188 140 drone
177 1 1862 927 193 144 drone
178 1 1863 923 197 147 drone
179 1 1856 917 202 150 drone
180 1 1853 918 207 154 drone
181 1 1837 917 218 162 drone
182 1 1822 923 229 170 drone
183 1 1827 923 240 178 drone
184 1 1819 919 251 186 drone
185 1 1821 884 262 195 drone
186 1 1826 838 273 203 drone
187 1 1796 788 284 211 drone
188 1 1762 754 295 219 drone
189 1 1732 739 306 227 drone
190 1 1692 743 318 236 drone
191 1 1663 736 329 245 drone
192 1 1618 719 340 254 drone
193 1 1603 675 351 263 drone
194 1 1572 642 362 272 drone
195 1 1531 596 374 282 drone
196 1 1489 603 385 291 drone
197 1 1445 631 396 300 drone
198 1 1409 649 407 309 drone
199 1 1402 642 418 318 drone
200 1 1397 639 430 328 drone
201 1 1414 640 430 328 drone
202 1 1424 644 430 328 drone
203 1 1428 678 431 328 drone
204 1 1432 711 431 328 drone
205 1 1442 729 432 329 drone
206 1 1456 745 432 329 drone
207 1 1476 747 432 329 drone
208 1 1504 734 433 329 drone
209 1 1526 732 433 329 drone
210 1 1557 729 434 330 drone
211 1 1585 724 439 332 drone
212 1 1609 712 444 335 drone
213 1 1616 703 449 337 drone
214 1 1615 692 454 340 drone
215 1 1623 681 459 343 drone
216 1 1594 677 464 345 drone
217 1 1571 661 469 348 drone
218 1 1547 656 474 350 drone
219 1 1540 651 479 353 drone
220 1 1516 644 484 356 drone
221 1 1484 662 516 381 drone
222 1 1456 621 549 407 drone
223 1 1419 622 582 433 drone
224 1 1394 591 615 458 drone
225 1 1358 610 648 484 drone
226 1 1331 633 681 510 drone
227 1 1286 638 714 535 drone
228 1 1268 712 747 561 drone
229 1 1234 784 780 587 drone
230 1 1203 826 813 613 drone
231 1 1190 881 850 617 drone
232 1 1191 870 888 621 drone
233 1 1203 879 926 625 drone
234 1 1211 815 964 695 drone
235 1 1286 803 1002 698 drone
236 1 1321 652 1115 845 drone
237 1 1441 483 1162 862 drone
238 1 1544 203 1218 869 drone
239 1 1618 3 1188 822 drone
240 1 1682 -57 1191 656 drone
241 1 1791 -10 1072 423 drone
242 1 1891 -20 742 366 drone
243 1 1909 -14 737 359 drone
244 1 1788 -257 1199 740 drone
245 1 1860 -91 1202 761 drone
246 1 1866 -35 1204 782 drone
247 1 1828 19 1206 803 drone
248 1 1800 5 1208 824 drone
249 1 1821 -36 1210 845 drone
250 1 1787 -42 1213 866 drone
251 1 1736 40 1212 865 drone
252 1 1688 148 1211 865 drone
253 1 1637 390 1210 864 drone
254 1 1524 566 1210 864 drone
255 1 1462 601 1209 864 drone
256 1 1425 655 1208 863 drone
257 1 1388 700 1208 863 drone
258 1 1384 712 1207 862 drone
259 1 1305 767 1206 862 drone
260 1 1277 784 1206 862 drone
261 1 1265 777 1207 863 drone
262 1 1253 770 1208 865 drone
263 1 1242 763 1209 866 drone
264 1 1230 756 1210 868 drone
265 1 1219 749 1212 869 drone
266 1 1207 742 1213 871 drone
267 1 1195 735 1214 872 drone
268 1 1184 728 1215 874 drone
269 1 1172 721 1216 875 drone
270 1 1161 715 1218 877 drone
271 1 1184 733 1232 884 drone
272 1 1208 751 1246 891 drone
273 1 1124 807 1261 899 drone
274 1 1086 871 1275 906 drone
275 1 1087 905 1290 914 drone
276 1 1125 899 1304 921 drone
277 1 1166 945 1318 928 drone
278 1 1251 944 1333 936 drone
279 1 1346 930 1347 943 drone
280 1 1398 897 1362 951 drone
281 1 1459 768 1358 931 drone
282 1 1497 428 1355 911 drone
283 1 1582 -20 1352 892 drone
284 1 1568 -285 1349 872 drone
285 0
286 0
287 0
288 0
289 0
290 1 1683 -61 1331 755 drone
291 1 1666 -38 1356 906 drone
292 1 1638 5 1389 1004 drone
293 1 1633 84 1403 957 drone
294 1 1619 117 1347 972 drone
295 1 1522 156 1340 838 drone
296 1 1456 119 1342 854 drone
297 1 1418 134 1344 871 drone
298 1 1357 87 1346 887 drone
299 1 1342 50 1348 904 drone
300 1 1305 -12 1350 921 drone
301 1 1268 -117 1348 923 drone
302 1 1230 -175 1346 926 drone
303 1 1230 -121 1345 928 drone
304 1 1188 -94 1343 931 drone
305 1 1170 -16 1342 934 drone
306 1 1146 123 1340 936 drone
307 1 1147 144 1338 939 drone
308 1 1100 190 1337 941 drone
309 1 1044 155 1335 944 drone
310 1 1025 158 1334 947 drone
311 1 1028 170 1296 918 drone
312 1 923 112 1258 889 drone
313 1 842 128 1220 860 drone
314 1 874 136 1182 831 drone
315 1 905 143 1144 803 drone
316 1 941 178 1106 774 drone
317 1 949 186 1068 745 drone
318 1 1004 235 1030 716 drone
319 1 1049 261 992 687 drone
320 1 1058 279 954 659 drone
321 1 1094 311 920 636 drone
322 1 1131 343 887 614 drone
323 1 1167 376 854 592 drone
324 1 1204 408 821 570 drone
325 1 1290 444 788 548 drone
326 1 1277 473 754 525 drone
327 1 1360 502 721 503 drone
328 1 1367 548 688 481 drone
329 1 1389 573 655 459 drone
330 1 1443 606 622 437 drone
331 1 1429 614 621 435 drone
332 1 1435 626 620 433 drone
333 1 1441 637 619 432 drone
334 1 1448 649 618 430 drone
335 1 1491 667 617 429 drone
336 1 1460 672 616 427 drone
337 1 1467 683 615 425 drone
338 1 1473 695 614 424 drone
339 1 1479 706 613 422 drone
340 1 1486 718 612 421 drone
341 1 1463 677 618 423 drone
342 1 1440 637 624 426 drone
343 1 1417 617 631 429 drone
344 1 1441 599 637 432 drone
345 1 1451 556 644 435 drone
346 1 1435 479 650 438 drone
347 1 1415 432 656 441 drone
348 1 1415 345 663 444 drone
349 1 1366 325 669 447 drone
350 1 1280 312 676 450 drone
351 1 1167 334 670 449 drone
352 1 1125 347 665 449 drone
353 1 1098 343 660 449 drone
354 1 1096 369 654 449 drone
355 1 1102 366 649 449 drone
356 1 1103 402 644 449 drone
357 1 1103 428 638 449 drone
358 1 1091 478 633 449 drone
359 1 1081 521 628 449 drone
360 1 1062 544 623 449 drone
361 1 1056 589 623 448 drone
362 1 1050 635 624 448 drone
363 1 1044 680 625 448 drone
364 1 1038 726 626 448 drone
365 1 1032 772 627 448 drone
366 1 1026 817 628 447 drone
367 1 1020 870 629 447 drone
368 1 1014 908 630 447 drone
369 1 1008 954 631 447 drone
370 1 1002 1000 632 447 drone
371 1 1016 1041 633 446 drone
372 1 1004 1079 634 446 drone
373 1 1008 1127 635 446 drone
374 1 993 1162 636 445 drone
375 1 1011 1210 637 445 drone
376 1 1042 1235 638 445 drone
377 1 1083 1197 639 444 drone
378 1 1091 1152 640 444 drone
379 1 1105 1057 641 444 drone
380 1 1147 962 643 444 drone
381 1 1177 873 641 442 drone
382 1 1221 867 640 441 drone
383 1 1216 839 639 440 drone
384 1 1260 810 638 438 drone
385 1 1201 782 637 437 drone
386 1 1208 780 636 436 drone
387 1 1182 824 635 434 drone
388 1 1186 862 634 433 drone
389 1 1177 923 633 432 drone
390 1 1155 1028 632 431 drone
391 1 1145 1067 638 427 drone
392 1 1150 1119 644 423 drone
393 1 1130 1132 650 419 drone
394 1 1145 1100 656 415 drone
395 1 1143 1090 662 411 drone
396 1 1140 1105 668 407 drone
397 1 1138 1114 674 403 drone
398 1 1135 1127 680 399 drone
399 1 1133 1139 686 395 drone
400 1 1131 1152 692 391 drone
401 1 1140 1151 688 392 drone
402 1 1150 1150 685 393 drone
403 1 1160 1149 682 394 drone
404 1 1169 1148 679 396 drone
405 1 1179 1148 676 397 drone
406 1 1189 1147 673 398 drone
407 1 1198 1146 670 400 drone
408 1 1208 1145 667 401 drone
409 1 1218 1144 664 402 drone
410 1 1228 1144 661 404 drone
411 1 1232 1146 663 405 drone
412 1 1237 1149 665 407 drone
413 1 1241 1152 667 408 drone
414 1 1246 1155 670 410 drone
415 1 1270 1135 672 412 drone
416 1 1268 1128 674 413 drone
417 1 1259 1164 677 415 drone
418 1 1264 1167 679 416 drone
419 1 1268 1170 681 418 drone
420 1 1273 1173 684 420 drone
421 1 1277 1157 680 423 drone
422 1 1282 1141 676 426 drone
423 1 1286 1125 672 430 drone
424 1 1291 1069 669 433 drone
425 1 1296 1093 665 437 drone
426 1 1307 1054 661 440 drone
427 1 1305 1061 658 443 drone
428 1 1309 1045 654 447 drone
429 1 1314 1029 650 450 drone
430 1 1319 1014 647 454 drone
431 1 1325 1002 651 453 drone
432 1 1331 990 655 453 drone
433 1 1338 978 659 452 drone
434 1 1344 993 663 452 drone
435 1 1368 1007 667 452 drone
436 1 1427 1002 671 451 drone
437 1 1430 1000 675 451 drone
438 1 1447 995 679 450 drone
439 1 1453 969 683 450 drone
440 1 1383 895 688 450 drone
441 1 1329 854 683 447 drone
442 1 1331 871 679 445 drone
443 1 1357 925 675 443 drone
444 1 1387 985 671 441 drone
445 1 1386 1026 667 439 drone
446 1 1418 1093 662 437 drone
447 1 1395 1083 658 435 drone
448 1 1404 1123 654 433 drone
449 1 1443 1174 650 431 drone
450 1 1449 1247 646 429 drone
451 1 1511 1327 623 411 drone
452 1 1538 1391 601 394 drone
453 1 1581 1368 579 376 drone
454 1 1593 1369 556 359 drone
455 1 1602 1363 534 342 drone
456 1 1615 1340 512 324 drone
457 1 1647 1314 489 307 drone
458 1 1665 1286 467 289 drone
459 1 1687 1278 445 272 drone
460 1 1703 1269 423 255 drone
461 1 1710 1269 408 247 drone
462 1 1725 1234 394 239 drone
463 1 1725 1229 380 231 drone
464 1 1733 1257 366 223 drone
465 1 1742 1244 352 216 drone
466 1 1750 1249 337 208 drone
467 1 1755 1256 323 200 drone
468 1 1763 1270 309 192 drone
469 1 1770 1270 295 184 drone
470 1 1778 1271 281 177 drone
471 1 1778 1285 280 175 drone
472 1 1778 1300 279 173 drone
473 1 1779 1315 278 171 drone
474 1 1779 1329 277 170 drone
475 1 1780 1344 276 168 drone
476 1 1780 1359 275 166 drone
477 1 1780 1373 274 165 drone
478 1 1781 1388 273 163 drone
479 1 1781 1403 272 161 drone
480 1 1782 1418 271 160 drone
481 1 1781 1420 265 155 drone
482 1 1781 1450 260 151 drone
483 1 1783 1453 254 147 drone
484 1 1782 1464 249 143 drone
485 1 1780 1464 244 139 drone
486 1 1782 1458 238 134 drone
487 1 1779 1460 233 130 drone
488 1 1780 1456 227 126 drone
489 1 1778 1444 222 122 drone
490 1 1778 1447 217 118 drone
491 1 1779 1452 214 115 drone
492 1 1780 1458 212 113 drone
493 1 1782 1464 209 111 drone
494 1 1783 1470 207 109 drone
495 1 1787 1461 204 107 drone
496 1 1786 1459 202 105 drone
497 1 1789 1474 199 103 drone
498 1 1789 1493 197 101 drone
499 1 1790 1499 194 99 drone
500 1 1792 1505 192 97 drone
501 1 1794 1515 190 97 drone
502 1 1797 1526 189 97 drone
503 1 1800 1537 187 97 drone
504 1 1803 1548 186 97 drone
505 1 1806 1559 184 97 drone
506 1 1808 1569 183 97 drone
507 1 1811 1580 181 97 drone
508 1 1814 1591 180 97 drone
509 1 1817 1602 178 97 drone
510 1 1820 1613 177 97 drone
511 1 1827 1619 176 97 drone
512 1 1827 1633 176 97 drone
513 1 1831 1632 176 97 drone
514 1 1831 1635 176 97 drone
515 1 1832 1635 176 97 drone
516 1 1831 1630 175 97 drone
517 1 1829 1613 175 97 drone
518 1 1820 1593 175 97 drone
519 1 1830 1572 175 97 drone
520 1 1818 1554 175 97 drone
521 1 1819 1531 176 94 drone
522 1 1825 1521 177 92 drone
523 1 1823 1503 178 90 drone
524 1 1822 1502 179 88 drone
525 1 1823 1498 180 86 drone
526 1 1822 1496 181 84 drone
527 1 1822 1486 182 82 drone
528 1 1823 1477 183 80 drone
529 1 1824 1467 184 78 drone
530 1 1825 1458 186 76 drone
531 1 1834 1464 185 78 drone
532 1 1841 1463 184 80 drone
533 1 1839 1456 184 83 drone
534 1 1837 1445 183 85 drone
535 1 1840 1440 183 88 drone
536 1 1848 1434 182 90 drone
537 1 1848 1432 181 92 drone
538 1 1852 1426 181 95 drone
539 1 1832 1424 180 97 drone
540 1 1817 1420 180 100 drone
541 1 1814 1418 179 100 drone
542 1 1811 1417 178 100 drone
543 1 1808 1415 177 100 drone
544 1 1805 1414 176 100 drone
545 1 1809 1425 175 101 drone
546 1 1794 1430 174 101 drone
547 1 1796 1427 173 101 drone
548 1 1791 1429 172 101 drone
549 1 1790 1420 171 101 drone
550 1 1789 1407 170 102 drone
551 1 1785 1392 171 101 drone
552 1 1794 1375 173 100 drone
553 1 1796 1366 175 99 drone
554 1 1812 1347 177 98 drone
555 1 1799 1333 179 98 drone
556 1 1811 1329 181 97 drone
557 1 1806 1311 183 96 drone
558 1 1808 1298 185 95 drone
559 1 1793 1298 187 94 drone
560 1 1749 1302 189 94 drone
561 1 1743 1315 189 94 drone
562 1 1730 1321 190 94 drone
563 1 1733 1321 191 94 drone
564 1 1732 1320 191 94 drone
565 1 1719 1309 192 94 drone
566 1 1725 1313 193 94 drone
567 1 1721 1306 193 94 drone
568 1 1724 1297 194 94 drone
569 1 1730 1282 195 94 drone
570 1 1728 1280 196 94 drone
571 1 1731 1262 197 95 drone
572 1 1745 1248 198 96 drone
573 1 1750 1227 199 97 drone
574 1 1745 1211 200 98 drone
575 1 1757 1196 201 99 drone
576 1 1757 1177 202 100 drone
577 1 1750 1157 203 101 drone
578 1 1755 1141 204 102 drone
579 1 1766 1128 205 103 drone
580 1 1770 1104 206 105 drone
581 1 1773 1076 203 104 drone
582 1 1775 1055 200 104 drone
583 1 1784 1047 198 103 drone
584 1 1784 1031 195 103 drone
585 1 1792 1031 193 102 drone
586 1 1802 1028 190 102 drone
587 1 1806 1021 187 101 drone
588 1 1816 1012 185 101 drone
589 1 1824 1024 182 100 drone
590 1 1827 1019 180 100 drone
591 1 1832 1019 180 100 drone
592 1 1835 1019 180 100 drone
593 1 1837 1018 180 100 drone
594 1 1840 1017 180 100 drone
595 1 1842 1016 180 100 drone
596 1 1845 1014 180 100 drone
597 1 1847 1013 180 100 drone
598 1 1850 1012 180 100 drone
599 1 1852 1011 180 100 drone
600 1 1855 1010 180 101 drone
601 1 1853 1010 181 100 drone
602 1 1852 1010 183 100 drone
603 1 1859 1008 185 100 drone
604 1 1861 1008 187 100 drone
605 1 1860 1012 189 100 drone
606 1 1854 1010 191 100 drone
607 1 1862 1011 193 100 drone
608 1 1856 1011 195 100 drone
609 1 1853 1011 197 100 drone
610 1 1845 1013 199 100 drone
611 1 1839 1012 197 100 drone
612 1 1839 1013 195 100 drone
613 1 1840 1021 193 101 drone
614 1 1842 1022 191 101 drone
615 1 1839 1024 189 102 drone
616 1 1841 1020 187 102 drone
617 1 1842 1027 185 102 drone
618 1 1839 1018 183 103 drone
619 1 1839 1019 181 103 drone
620 1 1839 1020 180 104 drone
621 1 1835 1017 180 103 drone
622 1 1832 1014 180 103 drone
623 1 1828 1011 181 102 drone
624 1 1825 1008 181 102 drone
625 1 1822 1006 182 102 drone
626 1 1818 1003 182 101 drone
627 1 1815 1000 182 101 drone
628 1 1811 997 183 100 drone
629 1 1808 994 183 100 drone
630 1 1805 992 184 100 drone
631 1 1793 994 184 99 drone
632 1 1797 980 184 98 drone
633 1 1793 983 184 97 drone
634 1 1786 990 184 96 drone
635 1 1764 1000 185 96 drone
636 1 1744 1002 185 95 drone
637 1 1734 1004 185 94 drone
638 1 1713 1015 185 93 drone
639 1 1702 1018 185 92 drone
640 1 1691 1021 186 92 drone
641 1 1695 1027 185 92 drone
642 1 1692 1031 185 93 drone
643 1 1687 1035 185 94 drone
644 1 1695 1027 185 95 drone
645 1 1700 1008 185 96 drone
646 1 1704 970 184 97 drone
647 1 1707 958 184 98 drone
648 1 1710 949 184 99 drone
649 1 1712 940 184 100 drone
650 1 1715 931 184 101 drone
651 1 1719 931 184 101 drone
652 1 1734 917 184 101 drone
653 1 1729 916 184 101 drone
654 1 1736 916 184 101 drone
655 1 1735 916 185 101 drone
656 1 1741 928 185 101 drone
657 1 1746 931 185 101 drone
658 1 1751 931 185 101 drone
659 1 1755 931 185 101 drone
660 1 1760 932 186 102 drone
661 1 1757 937 185 101 drone
662 1 1754 943 184 101 drone
663 1 1751 949 183 101 drone
664 1 1748 955 182 100 drone
665 1 1746 961 182 100 drone
666 1 1743 967 181 100 drone
667 1 1740 973 180 99 drone
668 1 1737 979 179 99 drone
669 1 1734 985 178 99 drone
670 1 1732 991 178 99 drone
671 1 1731 996 178 99 drone
672 1 1731 1001 178 99 drone
673 1 1730 1019 179 99 drone
674 1 1730 1011 179 99 drone
675 1 1727 1033 180 99 drone
676 1 1727 1032 180 99 drone
677 1 1727 1035 180 99 drone
678 1 1725 1038 181 99 drone
679 1 1726 1041 181 99 drone
680 1 1728 1043 182 100 drone
681 1 1732 1046 180 100 drone
682 1 1737 1050 178 100 drone
683 1 1766 1053 176 100 drone
684 1 1772 1055 175 100 drone
685 1 1781 1058 173 101 drone
686 1 1780 1061 171 101 drone
687 1 1781 1065 170 101 drone
688 1 1786 1070 168 101 drone
689 1 1783 1072 166 101 drone
690 1 1777 1079 165 102 drone
691 1 1774 1081 165 102 drone
692 1 1771 1083 165 102 drone
693 1 1768 1085 165 102 drone
694 1 1766 1087 165 102 drone
695 1 1763 1089 165 102 drone
696 1 1760 1091 165 102 drone
697 1 1758 1093 165 102 drone
698 1 1755 1095 165 102 drone
699 1 1752 1097 165 102 drone
700 1 1750 1099 166 102 drone
701 1 1748 1101 165 101 drone
702 1 1747 1104 165 101 drone
703 1 1745 1106 165 101 drone
704 1 1744 1109 164 101 drone
705 1 1756 1110 164 101 drone
706 1 1741 1114 164 101 drone
707 1 1739 1116 163 101 drone
708 1 1738 1119 163 101 drone
709 1 1736 1121 163 101 drone
710 1 1735 1124 163 101 drone
711 1 1729 1126 163 101 drone
712 1 1723 1129 164 101 drone
713 1 1717 1132 165 101 drone
714 1 1711 1134 166 101 drone
715 1 1705 1137 167 101 drone
716 1 1699 1140 168 101 drone
717 1 1693 1142 169 101 drone
718 1 1687 1145 170 101 drone
719 1 1681 1148 171 101 drone
720 1 1676 1151 172 102 drone
721 1 1656 1145 180 107 drone
722 1 1636 1151 189 112 drone
723 1 1621 1148 198 117 drone
724 1 1605 1152 207 122 drone
725 1 1578 1143 216 127 drone
726 1 1563 1148 225 132 drone
727 1 1542 1139 234 137 drone
728 1 1516 1128 243 142 drone
729 1 1499 1108 252 147 drone
730 1 1484 1098 261 152 drone
731 1 1486 1078 273 159 drone
732 1 1489 1063 285 166 drone
733 1 1492 1047 298 173 drone
734 1 1496 1032 310 180 drone
735 1 1499 1016 323 188 drone
736 1 1502 1001 335 195 drone
737 1 1506 985 347 202 drone
738 1 1510 950 360 209 drone
739 1 1511 936 372 216 drone
740 1 1516 939 385 224 drone
741 1 1536 950 406 237 drone
742 1 1514 919 427 251 drone
743 1 1533 971 448 265 drone
744 1 1556 1038 469 279 drone
745 1 1591 1142 490 293 drone
746 1 1614 1211 511 307 drone
747 1 1637 1280 532 321 drone
748 1 1651 1321 553 335 drone
749 1 1664 1355 574 349 drone
750 1 1680 1394 596 363 drone
751 1 1714 1395 634 381 drone
752 1 1732 1415 672 399 drone
753 1 1766 1326 710 417 drone
754 1 1788 1199 748 435 drone
755 1 1841 1145 787 453 drone
756 1 1901 1070 825 471 drone
757 1 1930 1027 863 489 drone
758 1 1962 980 901 507 drone
759 1 1975 948 939 525 drone
760 1 1982 888 978 544 drone
761 1 1924 877 1013 560 drone
762 1 1899 838 1049 577 drone
763 1 1874 819 1085 593 drone
764 1 1856 875 1121 610 drone
765 1 1751 876 1157 627 drone
766 1 1618 846 1192 643 drone
767 1 1466 906 1228 660 drone
768 1 1254 907 1264 676 drone
769 1 1114 916 1300 693 drone
770 1 1022 917 1336 710 drone
771 1 1007 912 1322 702 drone
772 1 997 924 1308 695 drone
773 1 983 946 1295 688 drone
774 1 945 927 1281 681 drone
775 1 951 895 1268 674 drone
776 1 937 890 1254 667 drone
777 1 923 886 1240 660 drone
778 1 909 881 1227 653 drone
779 1 895 877 1213 646 drone
780 1 881 873 1200 639 drone
781 1 910 849 1204 637 drone
782 1 940 751 1208 635 drone
783 1 986 687 1212 633 drone
784 1 996 668 1216 631 drone
785 1 1050 652 1221 629 drone
786 1 1072 609 1225 627 drone
787 1 1098 641 1229 625 drone
788 1 1124 618 1233 623 drone
789 1 1186 625 1237 621 drone
790 1 1184 634 1242 620 drone
791 1 1174 671 1248 623 drone
792 1 1169 705 1254 627 drone
793 1 1164 739 1260 631 drone
794 1 1159 773 1266 635 drone
795 1 1162 910 1273 639 drone
796 1 1216 970 1279 642 drone
797 1 1148 981 1285 646 drone
798 1 1143 967 1291 650 drone
799 1 1134 985 1297 654 drone
800 1 1129 976 1304 658 drone
801 1 1166 958 1293 662 drone
802 1 1203 940 1283 667 drone
803 1 1240 923 1272 671 drone
804 1 1277 905 1262 676 drone
805 1 1314 888 1251 681 drone
806 1 1351 870 1241 685 drone
807 1 1388 852 1230 690 drone
808 1 1425 835 1220 694 drone
809 1 1462 817 1209 699 drone
810 1 1500 800 1199 704 drone
811 1 1532 795 1198 705 drone
812 1 1564 790 1198 707 drone
813 1 1596 773 1198 708 drone
814 1 1628 748 1198 710 drone
815 1 1652 735 1198 712 drone
816 1 1704 770 1197 713 drone
817 1 1728 741 1197 715 drone
818 1 1760 748 1197 716 drone
819 1 1792 743 1197 718 drone
820 1 1824 750 1197 720 drone
821 1 1746 765 1204 719 drone
822 1 1776 784 1212 718 drone
823 1 1806 803 1219 717 drone
824 1 1780 810 1227 716 drone
825 1 1675 822 1235 715 drone
826 1 1550 837 1242 714 drone
827 1 1430 860 1250 713 drone
828 1 1234 871 1257 712 drone
829 1 1224 890 1265 711 drone
830 1 1088 902 1273 711 drone
831 1 1103 894 1260 709 drone
832 1 1119 886 1247 708 drone
833 1 1134 878 1234 706 drone
834 1 1150 870 1221 705 drone
835 1 1166 862 1208 703 drone
836 1 1181 854 1195 702 drone
837 1 1197 846 1182 700 drone
838 1 1212 838 1169 699 drone
839 1 1228 830 1156 697 drone
840 1 1244 822 1143 696 drone
841 1 1275 832 1146 695 drone
842 1 1307 843 1149 694 drone
843 1 1339 853 1152 693 drone
844 1 1371 864 1155 692 drone
845 1 1403 874 1158 692 drone
846 1 1435 885 1161 691 drone
847 1 1467 895 1164 690 drone
848 1 1499 906 1167 689 drone
849 1 1531 916 1170 688 drone
850 1 1563 927 1173 688 drone
851 1 1566 938 1182 686 drone
852 1 1644 954 1191 684 drone
853 1 1695 962 1200 682 drone
854 1 1705 974 1210 680 drone
855 1 1697 990 1219 678 drone
856 1 1688 993 1228 676 drone
857 1 1671 997 1238 674 drone
858 1 1698 1025 1247 672 drone
859 1 1641 1025 1256 670 drone
860 1 1634 1045 1266 668 drone
861 1 1615 1050 1268 666 drone
862 1 1664 1072 1271 664 drone
863 1 1714 1086 1274 662 drone
864 1 1708 1100 1277 660 drone
865 1 1722 1114 1280 658 drone
866 1 1771 1128 1283 656 drone
867 1 1753 1142 1286 654 drone
868 1 1755 1152 1289 652 drone
869 1 1714 1174 1292 650 drone
870 1 1739 1180 1295 648 drone
871 1 1660 1194 1287 649 drone
872 1 1582 1201 1280 650 drone
873 1 1444 1216 1273 651 drone
874 1 1319 1222 1266 652 drone
875 1 1150 1229 1259 654 drone
876 1 1055 1244 1252 655 drone
877 1 973 1258 1245 656 drone
878 1 933 1273 1238 657 drone
879 1 910 1280 1231 658 drone
880 1 852 1291 1224 660 drone
881 1 857 1279 1232 659 drone
882 1 850 1322 1241 658 drone
883 1 835 1310 1249 657 drone
884 1 828 1322 1258 656 drone
885 1 830 1314 1266 655 drone
886 1 803 1310 1275 654 drone
887 1 792 1278 1283 653 drone
888 1 777 1219 1292 652 drone
889 1 770 1191 1300 651 drone
890 1 760 1171 1309 651 drone
891 1 778 1146 1309 649 drone
892 1 797 1121 1310 647 drone
893 1 815 1096 1310 645 drone
894 1 834 1071 1311 643 drone
895 1 833 1019 1311 641 drone
896 1 855 990 1312 639 drone
897 1 870 957 1312 637 drone
898 1 900 956 1313 635 drone
899 1 923 939 1313 633 drone
900 1 946 923 1314 632 drone
901 1 958 915 1317 630 drone
902 1 971 908 1320 629 drone
903 1 984 901 1324 628 drone
904 1 996 893 1327 627 drone
905 1 1080 882 1331 626 drone
906 1 1054 883 1334 625 drone
907 1 1125 863 1337 624 drone
908 1 1047 864 1341 623 drone
909 1 1092 845 1344 622 drone
910 1 1073 850 1348 621 drone
911 1 1062 837 1348 623 drone
912 1 1043 824 1349 626 drone
913 1 1103 799 1350 629 drone
914 1 1092 798 1350 631 drone
915 1 1065 777 1351 634 drone
916 1 1042 764 1352 637 drone
917 1 1051 747 1352 639 drone
918 1 1004 742 1353 642 drone
919 1 938 733 1354 645 drone
920 1 924 721 1355 648 drone
921 1 932 726 1353 650 drone
922 1 940 732 1351 653 drone
923 1 921 662 1349 656 drone
924 1 937 688 1347 659 drone
925 1 930 698 1346 662 drone
926 1 931 695 1344 665 drone
927 1 923 724 1342 668 drone
928 1 967 706 1340 671 drone
929 1 987 767 1338 674 drone
930 1 1008 777 1337 677 drone
931 1 1022 774 1336 672 drone
932 1 1037 772 1336 668 drone
933 1 1051 769 1336 664 drone
934 1 1066 767 1336 660 drone
935 1 1080 765 1336 656 drone
936 1 1095 762 1336 652 drone
937 1 1109 760 1336 648 drone
938 1 1124 757 1336 644 drone
939 1 1138 755 1336 640 drone
940 1 1153 753 1336 636 drone
941 1 1164 765 1336 636 drone
942 1 1175 777 1336 636 drone
943 1 1186 789 1336 636 drone
944 1 1197 802 1336 636 drone
945 1 1209 814 1336 636 drone
946 1 1220 826 1336 636 drone
947 1 1231 839 1336 636 drone
948 1 1242 851 1336 636 drone
949 1 1253 863 1336 636 drone
950 1 1265 876 1336 636 drone
951 1 1243 884 1336 636 drone
952 1 1221 893 1336 636 drone
953 1 1200 901 1336 636 drone
954 1 1178 910 1336 636 drone
955 1 1157 919 1336 636 drone
956 1 1135 927 1336 636 drone
957 1 1113 936 1336 636 drone
958 1 1092 944 1336 636 drone
959 1 1070 953 1336 636 drone
960 1 1049 962 1336 636 drone
961 1 1043 953 1336 636 drone
962 1 1038 944 1336 636 drone
963 1 1032 935 1336 636 drone
964 1 1027 927 1336 636 drone
965 1 1022 918 1336 636 drone
966 1 1016 909 1336 636 drone
967 1 1011 901 1336 636 drone
968 1 1005 892 1336 636 drone
969 1 1000 883 1336 636 drone
970 1 995 875 1336 636 drone
971 1 946 854 1336 636 drone
972 1 1016 833 1336 636 drone
973 1 994 820 1336 636 drone
974 1 965 775 1336 636 drone
975 1 929 763 1336 636 drone
976 1 848 742 1336 636 drone
977 1 696 729 1336 636 drone
978 1 604 708 1336 636 drone
979 1 555 687 1336 636 drone
980 1 507 667 1336 636 drone
981 1 512 636 1333 635 drone
982 1 517 606 1331 635 drone
983 1 522 576 1329 635 drone
984 1 527 546 1327 635 drone
985 1 532 516 1325 635 drone
986 1 537 486 1322 635 drone
987 1 542 456 1320 635 drone
988 1 547 426 1318 635 drone
989 1 552 396 1316 635 drone
990 1 558 366 1314 635 drone
991 1 644 330 1296 642 drone
992 1 667 272 1279 650 drone
993 1 706 316 1261 657 drone
994 1 892 348 1244 665 drone
995 1 1172 452 1226 672 drone
996 1 1400 508 1209 680 drone
997 1 1566 603 1191 687 drone
998 1 1716 687 1174 695 drone
999 1 1846 945 1156 702 drone
1000 1 1988 1135 1139 710 drone
1001 1 2024 1258 1147 707 drone
1002 1 1909 1286 1155 704 drone
1003 1 1969 1235 1163 701 drone
1004 1 1898 1203 1171 698 drone
1005 1 1836 1149 1179 695 drone
1006 1 1678 968 1187 692 drone
1007 1 1588 786 1195 689 drone
1008 1 1505 660 1203 686 drone
1009 1 1446 597 1211 683 drone
1010 1 1388 535 1219 680 drone
1011 1 1352 529 1216 680 drone
1012 1 1399 524 1214 680 drone
1013 1 1284 411 1211 680 drone
1014 1 1303 438 1209 680 drone
1015 1 1255 425 1207 680 drone
1016 1 1188 443 1204 680 drone
1017 1 1136 497 1202 680 drone
1018 1 1100 491 1199 680 drone
1019 1 1064 486 1197 680 drone
1020 1 1028 481 1195 680 drone
1021 1 1038 511 1198 680 drone
1022 1 1049 541 1201 680 drone
1023 1 1059 572 1204 680 drone
1024 1 1070 602 1207 680 drone
1025 1 1143 728 1211 681 drone
1026 1 1134 738 1214 681 drone
1027 1 1160 756 1217 681 drone
1028 1 1124 787 1220 681 drone
1029 1 1165 782 1223 681 drone
1030 1 1133 785 1227 682 drone
1031 1 1228 801 1196 662 drone
1032 1 1165 793 1165 642 drone
1033 1 1205 805 1134 622 drone
1034 1 1198 801 1104 603 drone
1035 1 1214 806 1073 583 drone
1036 1 1230 810 1042 563 drone
1037 1 1247 814 1012 544 drone
1038 1 1263 818 981 524 drone
1039 1 1279 822 950 504 drone
1040 1 1296 827 920 485 drone
1041 1 1310 832 886 467 drone
1042 1 1325 837 852 450 drone
1043 1 1340 842 818 433 drone
1044 1 1379 847 784 416 drone
1045 1 1378 861 751 399 drone
1046 1 1384 858 717 382 drone
1047 1 1446 871 683 365 drone
1048 1 1414 868 649 348 drone
1049 1 1436 873 615 331 drone
1050 1 1444 879 582 314 drone
1051 1 1454 886 557 301 drone
1052 1 1464 893 533 288 drone
1053 1 1475 900 508 275 drone
1054 1 1485 907 484 262 drone
1055 1 1496 914 460 250 drone
1056 1 1506 921 435 237 drone
1057 1 1516 928 411 224 drone
1058 1 1527 935 386 211 drone
1059 1 1537 942 362 198 drone
1060 1 1548 950 338 186 drone
1061 1 1562 953 325 179 drone
1062 1 1577 957 312 172 drone
1063 1 1591 961 299 165 drone
1064 1 1606 964 287 159 drone
1065 1 1639 969 274 152 drone
1066 1 1656 973 261 145 drone
1067 1 1674 975 249 139 drone
1068 1 1675 979 236 132 drone
1069 1 1679 983 223 125 drone
1070 1 1694 987 211 119 drone
1071 1 1696 988 207 116 drone
1072 1 1698 990 204 114 drone
1073 1 1700 992 200 111 drone
1074 1 1702 993 197 109 drone
1075 1 1704 995 194 107 drone
1076 1 1706 997 190 104 drone
1077 1 1708 998 187 102 drone
1078 1 1710 1000 183 99 drone
1079 1 1723 1003 180 97 drone
1080 1 1715 1004 177 95 drone
1081 1 1713 1004 175 95 drone
1082 1 1712 1005 174 95 drone
1083 1 1711 1006 172 95 drone
1084 1 1710 1007 171 96 drone
1085 1 1709 1008 169 96 drone
1086 1 1707 1009 168 96 drone
1087 1 1706 1010 166 97 drone
1088 1 1705 1011 165 97 drone
1089 1 1704 1012 163 97 drone
1090 1 1703 1013 162 98 drone
1091 1 1701 1008 163 97 drone
1092 1 1699 1004 164 97 drone
1093 1 1683 1008 165 97 drone
1094 1 1687 1004 166 97 drone
1095 1 1684 1005 167 97 drone
1096 1 1680 997 168 97 drone
1097 1 1690 982 169 97 drone
1098 1 1688 977 170 97 drone
1099 1 1686 973 171 97 drone
1100 1 1685 969 172 97 drone
1101 1 1690 969 169 96 drone
1102 1 1696 969 167 95 drone
1103 1 1702 969 165 94 drone
1104 1 1707 969 162 93 drone
1105 1 1713 969 160 93 drone
1106 1 1719 969 158 92 drone
1107 1 1724 969 155 91 drone
1108 1 1730 969 153 90 drone
1109 1 1736 969 151 89 drone
1110 1 1742 969 149 89 drone
1111 1 1744 968 149 89 drone
1112 1 1746 968 149 89 drone
1113 1 1748 968 149 89 drone
1114 1 1750 967 149 89 drone
1115 1 1752 967 150 89 drone
1116 1 1754 967 150 89 drone
1117 1 1756 966 150 89 drone
1118 1 1758 966 150 89 drone
1119 1 1760 966 150 89 drone
1120 1 1762 966 151 89 drone
1121 1 1767 969 146 86 drone
1122 1 1772 972 142 84 drone
1123 1 1777 975 138 82 drone
1124 1 1783 978 134 79 drone
1125 1 1788 982 130 77 drone
1126 1 1793 985 126 75 drone
1127 1 1799 988 122 72 drone
1128 1 1804 991 118 70 drone
1129 1 1809 994 114 68 drone
1130 1 1815 998 110 66 drone
1131 1 1815 1000 110 65 drone
1132 1 1815 1003 110 64 drone
1133 1 1815 1006 110 63 drone
1134 1 1815 1009 110 62 drone
1135 1 1815 1012 110 61 drone
1136 1 1815 1014 110 60 drone
1137 1 1815 1017 110 59 drone
1138 1 1815 1020 110 58 drone
1139 1 1815 1023 110 57 drone
1140 1 1816 1026 110 57 drone
1141 1 1813 1028 109 56 drone
1142 1 1811 1030 109 56 drone
1143 1 1809 1032 109 56 drone
1144 1 1806 1034 108 56 drone
1145 1 1804 1037 108 56 drone
1146 1 1802 1039 108 55 drone
1147 1 1799 1041 107 55 drone
1148 1 1797 1043 107 55 drone
1149 1 1795 1045 107 55 drone
1150 1 1793 1048 107 55 drone
1151 1 1794 1050 105 54 drone
1152 1 1796 1053 103 53 drone
1153 1 1797 1055 101 52 drone
1154 1 1799 1058 99 51 drone
1155 1 1801 1060 97 50 drone
1156 1 1802 1063 95 49 drone
1157 1 1804 1065 93 48 drone
1158 1 1805 1068 91 47 drone
1159 1 1807 1070 89 46 drone
1160 1 1813 1076 87 46 drone
1161 1 1811 1078 86 45 drone
1162 1 1812 1081 86 45 drone
1163 1 1808 1080 85 44 drone
1164 1 1806 1082 85 44 drone
1165 1 1806 1084 85 44 drone
1166 1 1805 1086 84 43 drone
1167 1 1804 1089 84 43 drone
1168 1 1804 1091 83 42 drone
1169 1 1803 1093 83 42 drone
1170 1 1803 1096 83 42 drone
1171 1 1801 1097 83 41 drone
1172 1 1800 1099 83 41 drone
1173 1 1798 1101 83 41 drone
1174 1 1797 1103 83 41 drone
1175 1 1795 1105 84 41 drone
1176 1 1794 1106 84 40 drone
1177 1 1792 1108 84 40 drone
1178 1 1791 1110 84 40 drone
1179 1 1795 1110 84 40 drone
1180 1 1791 1110 85 40 drone
1181 1 1786 1113 84 40 drone
1182 1 1785 1113 84 40 drone
1183 1 1784 1113 83 40 drone
1184 1 1783 1113 83 40 drone
1185 1 1782 1113 82 40 drone
1186 1 1780 1113 82 40 drone
1187 1 1779 1113 81 40 drone
1188 1 1778 1113 81 40 drone
1189 1 1777 1113 80 40 drone
1190 1 1776 1113 80 41 drone
1191 1 1781 1109 80 41 drone
1192 1 1786 1107 80 41 drone
1193 1 1785 1108 80 41 drone
1194 1 1785 1106 80 41 drone
1195 1 1787 1106 80 42 drone
1196 1 1788 1105 80 42 drone
1197 1 1786 1104 80 42 drone
1198 1 1786 1104 80 42 drone
1199 1 1789 1102 80 42 drone
1200 1 1780 1101 81 43 drone
1201 1 1774 1102 80 43 drone
1202 1 1759 1101 80 43 drone
1203 1 1748 1100 80 43 drone
1204 1 1748 1098 79 43 drone
1205 1 1749 1093 79 43 drone
1206 1 1750 1094 79 43 drone
1207 1 1754 1093 78 43 drone
1208 1 1756 1088 78 43 drone
1209 1 1761 1083 78 43 drone
1210 1 1759 1081 78 43 drone
1211 1 1757 1078 78 43 drone
1212 1 1756 1075 79 43 drone
1213 1 1756 1069 80 43 drone
1214 1 1754 1063 81 43 drone
1215 1 1756 1062 82 43 drone
1216 1 1750 1058 83 43 drone
1217 1 1747 1056 84 43 drone
1218 1 1748 1054 85 43 drone
1219 1 1748 1054 86 43 drone
1220 1 1747 1053 87 44 drone
1221 1 1749 1052 86 43 drone
1222 1 1751 1051 85 43 drone
1223 1 1753 1051 84 43 drone
1224 1 1755 1050 83 43 drone
1225 1 1757 1050 82 43 drone
1226 1 1759 1049 81 43 drone
1227 1 1761 1048 80 43 drone
1228 1 1763 1048 79 43 drone
1229 1 1765 1047 78 43 drone
1230 1 1768 1047 78 43 drone
1231 1 1769 1047 78 42 drone
1232 1 1770 1048 78 42 drone
1233 1 1772 1049 78 42 drone
1234 1 1773 1049 78 42 drone
1235 1 1775 1050 78 42 drone
1236 1 1776 1051 78 41 drone
1237 1 1777 1051 78 41 drone
1238 1 1779 1052 78 41 drone
1239 1 1780 1053 78 41 drone
1240 1 1782 1054 78 41 drone
1241 1 1783 1053 77 41 drone
1242 1 1784 1052 77 41 drone
1243 1 1786 1051 76 41 drone
1244 1 1787 1050 76 41 drone
1245 1 1789 1049 76 41 drone
1246 1 1790 1048 75 41 drone
1247 1 1791 1047 75 41 drone
1248 1 1793 1046 74 41 drone
1249 1 1794 1045 74 41 drone
1250 1 1796 1045 74 42 drone
1251 1 1796 1039 74 42 drone
1252 1 1796 1034 74 42 drone
1253 1 1796 1029 74 42 drone
1254 1 1796 1024 74 42 drone
1255 1 1797 1019 74 43 drone
1256 1 1797 1014 74 43 drone
1257 1 1797 1009 74 43 drone
1258 1 1797 1004 74 43 drone
1259 1 1797 999 74 43 drone
1260 1 1798 994 74 44 drone
1261 1 1797 988 73 43 drone
1262 1 1797 982 73 43 drone
1263 1 1797 976 73 43 drone
1264 1 1797 970 72 43 drone
1265 1 1797 964 72 43 drone
1266 1 1796 958 72 42 drone
1267 1 1796 952 71 42 drone
1268 1 1796 946 71 42 drone
1269 1 1796 940 71 42 drone
1270 1 1796 935 71 42 drone
1271 1 1796 931 71 42 drone
1272 1 1797 927 71 42 drone
1273 1 1797 923 71 43 drone
1274 1 1798 919 71 43 drone
1275 1 1798 915 71 44 drone
1276 1 1799 911 71 44 drone
1277 1 1799 907 71 44 drone
1278 1 1800 903 71 45 drone
1279 1 1800 899 71 45 drone
1280 1 1801 895 72 46 drone
1281 1 1801 891 72 45 drone
1282 1 1802 888 72 45 drone
1283 1 1803 885 73 45 drone
1284 1 1803 882 73 45 drone
1285 1 1804 879 74 45 drone
1286 1 1805 876 74 45 drone
1287 1 1805 873 74 45 drone
1288 1 1806 870 75 45 drone
1289 1 1807 867 75 45 drone
1290 1 1808 864 76 45 drone
1291 1 1809 861 75 45 drone
1292 1 1810 858 75 45 drone
1293 1 1811 856 75 45 drone
1294 1 1812 853 75 45 drone
1295 1 1814 851 75 45 drone
1296 1 1815 848 74 45 drone
1297 1 1816 845 74 45 drone
1298 1 1817 843 74 45 drone
1299 1 1818 840 74 45 drone
1300 1 1820 838 74 46 drone
1301 1 1820 833 74 46 drone
1302 1 1820 829 74 46 drone
1303 1 1820 825 74 46 drone
1304 1 1820 828 75 46 drone
1305 1 1822 825 75 47 drone
1306 1 1821 819 75 47 drone
1307 1 1821 812 76 47 drone
1308 1 1821 807 76 47 drone
1309 1 1821 801 76 47 drone
1310 1 1822 797 77 48 drone
1311 1 1819 786 79 49 drone
1312 1 1817 776 81 51 drone
1313 1 1814 765 83 52 drone
1314 1 1812 755 86 54 drone
1315 1 1809 745 88 55 drone
1316 1 1807 734 90 57 drone
1317 1 1804 724 93 58 drone
1318 1 1802 713 95 60 drone
1319 1 1799 703 97 61 drone
1320 1 1797 693 100 63 drone
1321 1 1796 687 100 63 drone
1322 1 1796 682 100 63 drone
1323 1 1796 670 101 64 drone
1324 1 1793 664 101 64 drone
1325 1 1793 662 102 65 drone
1326 1 1793 658 102 65 drone
1327 1 1793 653 102 65 drone
1328 1 1793 649 103 66 drone
1329 1 1792 644 103 66 drone
1330 1 1792 639 104 67 drone
1331 1 1790 632 104 67 drone
1332 1 1791 635 104 68 drone
1333 1 1791 639 105 68 drone
1334 1 1791 642 105 69 drone
1335 1 1792 635 106 70 drone
1336 1 1789 629 106 70 drone
1337 1 1787 617 106 71 drone
1338 1 1785 605 107 71 drone
1339 1 1782 594 107 72 drone
1340 1 1779 578 108 73 drone
1341 1 1777 561 107 73 drone
1342 1 1770 542 107 74 drone
1343 1 1770 532 106 74 drone
1344 1 1768 520 106 75 drone
1345 1 1765 513 106 75 drone
1346 1 1764 506 105 76 drone
1347 1 1762 501 105 76 drone
1348 1 1763 493 104 77 drone
1349 1 1761 499 104 77 drone
1350 1 1760 488 104 78 drone
1351 1 1760 485 105 77 drone
1352 1 1761 483 107 77 drone
1353 1 1765 480 109 77 drone
1354 1 1762 480 110 77 drone
1355 1 1759 493 112 77 drone
1356 1 1759 518 114 76 drone
1357 1 1753 542 115 76 drone
1358 1 1752 558 117 76 drone
1359 1 1750 562 119 76 drone
1360 1 1750 571 121 76 drone
1361 1 1745 564 122 76 drone
1362 1 1741 564 124 76 drone
1363 1 1736 564 126 77 drone
1364 1 1732 564 128 77 drone
1365 1 1727 564 130 78 drone
1366 1 1723 563 132 78 drone
1367 1 1718 563 134 78 drone
1368 1 1714 563 136 79 drone
1369 1 1709 563 138 79 drone
1370 1 1705 563 140 80 drone
1371 1 1695 563 144 83 drone
1372 1 1685 564 149 86 drone
1373 1 1675 574 154 89 drone
1374 1 1669 575 159 92 drone
1375 1 1654 570 164 95 drone
1376 1 1645 567 168 98 drone
1377 1 1635 568 173 101 drone
1378 1 1626 560 178 104 drone
1379 1 1615 570 183 107 drone
1380 1 1608 567 188 111 drone
1381 1 1596 576 197 116 drone
1382 1 1586 582 207 121 drone
1383 1 1570 596 217 126 drone
1384 1 1551 619 227 131 drone
1385 1 1533 660 237 136 drone
1386 1 1518 678 246 141 drone
1387 1 1503 696 256 146 drone
1388 1 1489 723 266 151 drone
1389 1 1474 737 276 156 drone
1390 1 1460 754 286 162 drone
1391 1 1450 730 306 175 drone
1392 1 1440 711 326 189 drone
1393 1 1431 691 347 203 drone
1394 1 1394 659 367 217 drone
1395 1 1356 620 388 231 drone
1396 1 1338 595 408 244 drone
1397 1 1342 555 428 258 drone
1398 1 1346 548 449 272 drone
1399 1 1329 530 469 286 drone
1400 1 1359 547 490 300 drone
1401 1 1408 620 521 314 drone
1402 1 1445 690 552 329 drone
1403 1 1430 752 584 343 drone
1404 1 1421 781 615 358 drone
1405 1 1422 838 647 372 drone
1406 1 1412 903 678 387 drone
1407 1 1427 925 709 401 drone
1408 1 1391 939 741 416 drone
1409 1 1396 908 772 430 drone
1410 1 1393 882 804 445 drone
1411 1 1395 829 831 465 drone
1412 1 1407 797 859 486 drone
1413 1 1388 713 886 507 drone
1414 1 1403 569 914 528 drone
1415 1 1415 407 941 549 drone
1416 1 1375 209 969 570 drone
1417 1 1387 68 996 591 drone
1418 1 1373 1 1024 612 drone
1419 1 1366 -7 1051 633 drone
1420 1 1341 -5 1079 654 drone
1421 1 1225 36 1133 667 drone
1422 1 1141 179 1079 754 drone
1423 1 1037 549 1113 830 drone
1424 1 889 1004 1169 762 drone
1425 1 768 1376 1135 676 drone
