0 1 624 892 30 20 drone
1 1 624 892 30 19 drone
2 1 624 892 30 19 drone
3 1 624 892 30 19 drone
4 1 624 892 30 19 drone
5 1 624 892 31 19 drone
6 1 624 892 31 19 drone
7 1 624 892 31 19 drone
8 1 624 892 31 19 drone
9 1 624 892 31 19 drone
10 1 624 893 32 19 drone
11 1 623 893 32 19 drone
12 1 623 893 32 19 drone
13 1 623 893 32 19 drone
14 1 623 893 32 19 drone
15 1 623 893 32 19 drone
16 1 623 893 32 19 drone
17 1 623 893 32 19 drone
18 1 623 893 32 19 drone
19 1 623 893 32 19 drone
20 1 623 893 33 19 drone
21 1 623 893 32 19 drone
22 1 623 893 32 19 drone
23 1 624 893 32 19 drone
24 1 624 893 32 19 drone
25 1 625 893 32 19 drone
26 1 625 893 31 19 drone
27 1 625 893 31 19 drone
28 1 626 893 31 19 drone
29 1 626 893 31 19 drone
30 1 627 894 31 19 drone
31 1 627 894 31 19 drone
32 1 628 894 31 19 drone
33 1 628 894 31 19 drone
34 1 629 894 32 19 drone
35 1 630 894 32 20 drone
36 1 630 894 32 20 drone
37 1 631 894 33 20 drone
38 1 631 894 33 20 drone
39 1 632 894 33 20 drone
40 1 633 894 34 21 drone
41 1 633 894 34 20 drone
42 1 634 894 34 20 drone
43 1 635 894 34 20 drone
44 1 636 894 34 19 drone
45 1 637 894 35 19 drone
46 1 637 894 35 19 drone
47 1 638 894 35 18 drone
48 1 639 894 35 18 drone
49 1 640 894 35 18 drone
50 1 641 894 36 18 drone
51 1 641 894 35 17 drone
52 1 642 894 35 17 drone
53 1 643 895 34 16 drone
54 1 644 895 34 16 drone
55 1 645 896 33 16 drone
56 1 646 896 33 15 drone
57 1 647 896 32 15 drone
58 1 648 897 32 14 drone
59 1 649 897 31 14 drone
60 1 650 898 31 14 drone
61 1 650 897 31 14 drone
62 1 650 897 31 15 drone
63 1 650 897 32 15 drone
64 1 650 896 32 16 drone
65 1 651 896 33 16 drone
66 1 651 896 33 17 drone
67 1 651 895 33 17 drone
68 1 651 895 34 18 drone
69 1 651 895 34 18 drone
70 1 652 895 35 19 drone
71 1 652 895 35 19 drone
72 1 653 895 35 19 drone
73 1 653 895 35 19 drone
74 1 654 895 35 19 drone
75 1 655 896 35 19 drone
76 1 655 896 35 19 drone
77 1 656 896 35 19 drone
78 1 656 896 35 19 drone
79 1 657 896 35 19 drone
80 1 658 897 36 20 drone
81 1 658 897 36 20 drone
82 1 659 897 36 20 drone
83 1 659 897 36 20 drone
84 1 660 897 36 20 drone
85 1 661 897 36 20 drone
86 1 661 897 36 20 drone
87 1 662 897 36 20 drone
88 1 662 897 36 20 drone
89 1 663 897 36 20 drone
90 1 664 897 37 21 drone
91 1 664 896 37 21 drone
92 1 665 896 37 22 drone
93 1 666 896 38 22 drone
94 1 667 896 38 23 drone
95 1 668 896 39 23 drone
96 1 669 895 39 24 drone
97 1 670 895 39 24 drone
98 1 671 895 40 25 drone
99 1 672 895 40 25 drone
100 1 673 895 41 26 drone
101 1 674 895 41 25 drone
102 1 676 895 42 25 drone
103 1 677 895 43 25 drone
104 1 679 895 43 25 drone
105 1 680 895 44 25 drone
106 1 682 895 45 24 drone
107 1 683 895 45 24 drone
108 1 685 895 46 24 drone
109 1 686 895 47 24 drone
110 1 688 895 48 24 drone
111 1 690 895 47 23 drone
112 1 693 895 46 23 drone
113 1 696 895 46 23 drone
114 1 699 896 45 23 drone
115 1 702 896 45 23 drone
116 1 704 896 44 23 drone
117 1 707 897 43 23 drone
118 1 710 897 43 23 drone
119 1 713 897 42 23 drone
120 1 716 898 42 23 drone
121 1 717 897 42 23 drone
122 1 719 897 43 23 drone
123 1 721 897 44 23 drone
124 1 722 896 44 23 drone
125 1 724 896 45 24 drone
126 1 726 896 46 24 drone
127 1 727 895 46 24 drone
128 1 729 895 47 24 drone
129 1 731 895 48 24 drone
130 1 733 895 49 25 drone
131 1 734 895 49 25 drone
132 1 736 895 49 26 drone
133 1 737 895 50 26 drone
134 1 739 895 50 27 drone
135 1 741 895 51 27 drone
136 1 742 895 51 28 drone
137 1 744 895 51 28 drone
138 1 745 895 52 29 drone
139 1 747 895 52 29 drone
140 1 749 895 53 30 drone
141 1 750 895 53 29 drone
142 1 752 895 53 29 drone
143 1 754 895 53 29 drone
144 1 756 895 54 28 drone
145 1 758 895 54 28 drone
146 1 759 895 54 28 drone
147 1 761 895 55 27 drone
148 1 763 895 55 27 drone
149 1 765 895 55 27 drone
150 1 767 895 56 27 drone
151 1 768 894 55 27 drone
152 1 769 894 55 27 drone
153 1 771 894 54 27 drone
154 1 772 893 54 27 drone
155 1 774 893 54 27 drone
156 1 775 893 53 27 drone
157 1 776 892 53 27 drone
158 1 778 892 52 27 drone
159 1 779 892 52 27 drone
160 1 781 892 52 28 drone
161 1 781 891 52 28 drone
162 1 782 890 52 29 drone
163 1 783 889 52 29 drone
164 1 784 889 52 30 drone
165 1 785 888 53 30 drone
166 1 785 887 53 31 drone
167 1 786 887 53 31 drone
168 1 787 886 53 32 drone
169 1 788 885 53 32 drone
170 1 789 885 54 33 drone
171 1 789 885 54 33 drone
172 1 790 885 54 33 drone
173 1 791 885 54 33 drone
174 1 791 885 54 33 drone
175 1 792 885 55 33 drone
176 1 793 885 55 33 drone
177 1 793 885 55 33 drone
178 1 794 885 55 33 drone
179 1 795 885 55 33 drone
180 1 796 885 56 33 drone
181 1 796 884 56 32 drone
182 1 797 884 56 32 drone
183 1 798 884 56 32 drone
184 1 799 884 56 32 drone
185 1 800 884 57 32 drone
186 1 800 883 57 32 drone
187 1 801 883 57 32 drone
188 1 802 883 57 32 drone
189 1 803 883 57 32 drone
190 1 804 883 58 32 drone
191 1 805 882 57 32 drone
192 1 806 882 57 32 drone
193 1 807 882 57 32 drone
194 1 808 882 57 32 drone
195 1 809 882 57 32 drone
196 1 810 881 57 32 drone
197 1 811 881 57 32 drone
198 1 812 881 57 32 drone
199 1 813 881 57 32 drone
200 1 814 881 57 33 drone
201 1 814 880 57 33 drone
202 1 815 880 57 33 drone
203 1 816 880 57 33 drone
204 1 816 880 57 33 drone
205 1 817 880 57 33 drone
206 1 818 879 57 33 drone
207 1 818 879 57 33 drone
208 1 819 879 57 33 drone
209 1 820 879 57 33 drone
210 1 821 879 58 34 drone
211 1 822 878 58 34 drone
212 1 824 878 58 34 drone
213 1 825 877 58 34 drone
214 1 827 877 59 35 drone
215 1 828 876 59 35 drone
216 1 830 876 59 35 drone
217 1 831 875 60 36 drone
218 1 833 875 60 36 drone
219 1 834 874 60 36 drone
220 1 836 874 61 37 drone
221 1 837 873 61 37 drone
222 1 839 873 62 37 drone
223 1 841 873 62 37 drone
224 1 843 872 63 37 drone
225 1 845 872 64 37 drone
226 1 847 872 64 37 drone
227 1 849 871 65 37 drone
228 1 851 871 65 37 drone
229 1 853 871 66 37 drone
230 1 855 871 67 38 drone
231 1 857 870 67 37 drone
232 1 860 870 68 37 drone
233 1 863 870 69 37 drone
234 1 866 870 70 37 drone
235 1 869 870 71 37 drone
236 1 872 869 72 36 drone
237 1 875 869 73 36 drone
238 1 878 869 74 36 drone
239 1 881 869 75 36 drone
240 1 884 869 76 36 drone
241 1 889 868 76 36 drone
242 1 894 868 77 36 drone
243 1 900 867 78 36 drone
244 1 905 867 78 36 drone
245 1 911 866 79 37 drone
246 1 916 866 80 37 drone
247 1 921 865 80 37 drone
248 1 927 865 81 37 drone
249 1 932 864 82 37 drone
250 1 938 864 83 38 drone
251 1 944 862 84 39 drone
252 1 950 860 85 40 drone
253 1 956 859 86 41 drone
254 1 963 857 88 42 drone
255 1 969 856 89 44 drone
256 1 975 854 90 45 drone
257 1 982 852 92 46 drone
258 1 988 851 93 47 drone
259 1 994 849 94 48 drone
260 1 1001 848 96 50 drone
261 1 1008 846 96 50 drone
262 1 1016 844 96 51 drone
263 1 1023 842 97 52 drone
264 1 1031 840 97 52 drone
265 1 1038 838 98 53 drone
266 1 1046 836 98 54 drone
267 1 1053 834 98 54 drone
268 1 1061 832 99 55 drone
269 1 1068 830 99 56 drone
270 1 1076 829 100 57 drone
271 1 1081 828 101 56 drone
272 1 1087 828 102 56 drone
273 1 1092 828 103 56 drone
274 1 1098 827 104 56 drone
275 1 1104 827 105 56 drone
276 1 1109 827 106 55 drone
277 1 1115 826 107 55 drone
278 1 1120 826 108 55 drone
279 1 1126 826 109 55 drone
280 1 1132 826 110 55 drone
281 1 1135 825 109 55 drone
282 1 1139 825 108 55 drone
283 1 1143 825 107 55 drone
284 1 1147 825 107 55 drone
285 1 1151 825 106 55 drone
286 1 1154 824 105 55 drone
287 1 1158 824 105 55 drone
288 1 1162 824 104 55 drone
289 1 1166 824 103 55 drone
290 1 1170 824 103 55 drone
291 1 1174 822 103 55 drone
292 1 1178 820 104 55 drone
293 1 1182 818 105 55 drone
294 1 1186 816 105 55 drone
295 1 1190 814 106 56 drone
296 1 1194 812 107 56 drone
297 1 1198 810 107 56 drone
298 1 1202 808 108 56 drone
299 1 1206 806 109 56 drone
300 1 1210 805 110 57 drone
301 1 1212 803 110 57 drone
302 1 1214 802 110 57 drone
303 1 1217 801 111 57 drone
304 1 1219 800 111 57 drone
305 1 1222 799 112 57 drone
306 1 1224 797 112 57 drone
307 1 1226 796 112 57 drone
308 1 1229 795 113 57 drone
309 1 1231 794 113 57 drone
310 1 1234 793 114 57 drone
311 1 1235 792 113 57 drone
312 1 1236 791 113 57 drone
313 1 1237 790 113 57 drone
314 1 1238 789 113 57 drone
315 1 1239 788 113 57 drone
316 1 1240 787 112 57 drone
317 1 1241 786 112 57 drone
318 1 1242 785 112 57 drone
319 1 1243 784 112 57 drone
320 1 1244 783 112 57 drone
321 1 1244 782 111 57 drone
322 1 1244 781 111 57 drone
323 1 1244 781 111 57 drone
324 1 1245 780 111 57 drone
325 1 1245 780 111 57 drone
326 1 1245 779 110 57 drone
327 1 1246 778 110 57 drone
328 1 1246 778 110 57 drone
329 1 1246 777 110 57 drone
330 1 1247 777 110 57 drone
331 1 1246 776 110 56 drone
332 1 1246 775 110 56 drone
333 1 1246 774 110 56 drone
334 1 1245 773 110 56 drone
335 1 1245 773 110 56 drone
336 1 1245 772 110 55 drone
337 1 1244 771 110 55 drone
338 1 1244 770 110 55 drone
339 1 1244 769 110 55 drone
340 1 1244 769 110 55 drone
341 1 1244 768 110 55 drone
342 1 1244 767 110 55 drone
343 1 1244 766 110 55 drone
344 1 1244 765 110 55 drone
345 1 1244 764 110 56 drone
346 1 1244 763 110 56 drone
347 1 1244 762 110 56 drone
348 1 1244 761 110 56 drone
349 1 1244 760 110 56 drone
350 1 1245 759 110 57 drone
351 1 1244 758 110 57 drone
352 1 1244 757 110 57 drone
353 1 1244 757 110 57 drone
354 1 1243 756 110 57 drone
355 1 1243 756 110 57 drone
356 1 1243 755 110 57 drone
357 1 1242 754 110 57 drone
358 1 1242 754 110 57 drone
359 1 1242 753 110 57 drone
360 1 1242 753 110 57 drone
361 1 1242 752 110 57 drone
362 1 1242 752 110 57 drone
363 1 1242 752 110 57 drone
364 1 1243 751 110 57 drone
365 1 1243 751 110 57 drone
366 1 1243 751 110 57 drone
367 1 1244 750 110 57 drone
368 1 1244 750 110 57 drone
369 1 1244 750 110 57 drone
370 1 1245 750 110 57 drone
371 1 1245 750 109 56 drone
372 1 1245 750 109 56 drone
373 1 1245 750 109 55 drone
374 1 1245 750 108 55 drone
375 1 1245 750 108 55 drone
376 1 1245 750 108 54 drone
377 1 1245 750 107 54 drone
378 1 1245 750 107 53 drone
379 1 1245 750 107 53 drone
380 1 1246 750 107 53 drone
381 1 1247 749 105 53 drone
382 1 1248 749 104 53 drone
383 1 1249 748 102 53 drone
384 1 1250 748 101 53 drone
385 1 1251 748 100 54 drone
386 1 1252 747 98 54 drone
387 1 1253 747 97 54 drone
388 1 1254 746 95 54 drone
389 1 1255 746 94 54 drone
390 1 1256 746 93 55 drone
391 1 1255 745 93 55 drone
392 1 1255 745 93 55 drone
393 1 1255 744 93 55 drone
394 1 1255 744 93 56 drone
395 1 1255 744 94 56 drone
396 1 1254 743 94 56 drone
397 1 1254 743 94 57 drone
398 1 1254 742 94 57 drone
399 1 1254 742 94 57 drone
400 1 1254 742 95 58 drone
401 1 1254 741 95 58 drone
402 1 1254 741 95 58 drone
403 1 1254 740 95 58 drone
404 1 1254 740 95 58 drone
405 1 1255 740 95 59 drone
406 1 1255 739 95 59 drone
407 1 1255 739 95 59 drone
408 1 1255 738 95 59 drone
409 1 1255 738 95 59 drone
410 1 1256 738 95 60 drone
411 1 1255 737 94 60 drone
412 1 1255 736 93 60 drone
413 1 1255 736 92 60 drone
414 1 1255 735 92 60 drone
415 1 1255 735 91 61 drone
416 1 1254 734 90 61 drone
417 1 1254 733 90 61 drone
418 1 1254 733 89 61 drone
419 1 1254 732 88 61 drone
420 1 1254 732 88 62 drone
421 1 1252 732 89 61 drone
422 1 1250 732 91 61 drone
423 1 1248 732 92 60 drone
424 1 1247 732 94 60 drone
425 1 1245 732 96 60 drone
426 1 1243 732 97 59 drone
427 1 1242 732 99 59 drone
428 1 1240 732 100 58 drone
429 1 1238 732 102 58 drone
430 1 1237 732 104 58 drone
431 1 1237 732 104 58 drone
432 1 1237 732 104 58 drone
433 1 1237 732 104 58 drone
434 1 1237 732 104 58 drone
435 1 1238 732 104 58 drone
436 1 1238 732 104 58 drone
437 1 1238 732 104 58 drone
438 1 1238 732 104 58 drone
439 1 1238 732 104 58 drone
440 1 1239 732 104 58 drone
441 1 1238 731 104 58 drone
442 1 1238 731 104 58 drone
443 1 1238 731 104 58 drone
444 1 1238 730 104 58 drone
445 1 1238 730 104 58 drone
446 1 1237 730 104 58 drone
447 1 1237 729 104 58 drone
448 1 1237 729 104 58 drone
449 1 1237 729 104 58 drone
450 1 1237 729 104 58 drone
451 1 1237 729 104 58 drone
452 1 1237 729 104 58 drone
453 1 1237 729 104 58 drone
454 1 1237 729 104 58 drone
455 1 1238 729 104 58 drone
456 1 1238 729 104 58 drone
457 1 1238 729 104 58 drone
458 1 1238 729 104 58 drone
459 1 1238 729 104 58 drone
460 1 1239 729 104 58 drone
461 1 1239 728 104 58 drone
462 1 1239 728 104 58 drone
463 1 1239 728 104 58 drone
464 1 1239 728 104 58 drone
465 1 1239 728 104 59 drone
466 1 1239 727 104 59 drone
467 1 1239 727 104 59 drone
468 1 1239 727 104 59 drone
469 1 1239 727 104 59 drone
470 1 1239 727 104 60 drone
471 1 1238 726 104 60 drone
472 1 1238 726 104 60 drone
473 1 1237 726 104 60 drone
474 1 1237 726 104 61 drone
475 1 1236 726 104 61 drone
476 1 1236 725 104 61 drone
477 1 1235 725 104 62 drone
478 1 1235 725 104 62 drone
479 1 1234 725 104 62 drone
480 1 1234 725 104 63 drone
481 1 1234 725 103 63 drone
482 1 1235 725 103 63 drone
483 1 1235 725 102 63 drone
484 1 1236 725 102 63 drone
485 1 1236 725 102 63 drone
486 1 1237 725 101 63 drone
487 1 1237 725 101 63 drone
488 1 1238 725 100 63 drone
489 1 1238 725 100 63 drone
490 1 1239 725 100 63 drone
491 1 1237 725 99 62 drone
492 1 1236 725 99 62 drone
493 1 1235 725 99 62 drone
494 1 1234 725 99 62 drone
495 1 1233 726 99 62 drone
496 1 1231 726 99 62 drone
497 1 1230 726 99 62 drone
498 1 1229 726 99 62 drone
499 1 1228 726 99 62 drone
500 1 1227 727 99 62 drone
501 1 1227 726 98 62 drone
502 1 1228 726 98 62 drone
503 1 1228 726 97 62 drone
504 1 1229 726 97 62 drone
505 1 1230 726 97 63 drone
506 1 1230 726 96 63 drone
507 1 1231 726 96 63 drone
508 1 1231 726 95 63 drone
509 1 1232 726 95 63 drone
510 1 1233 726 95 64 drone
511 1 1233 725 95 64 drone
512 1 1233 725 96 64 drone
513 1 1233 725 96 64 drone
514 1 1233 724 97 64 drone
515 1 1233 724 97 64 drone
516 1 1233 724 98 64 drone
517 1 1233 723 98 64 drone
518 1 1233 723 99 64 drone
519 1 1233 723 99 64 drone
520 1 1233 723 100 65 drone
521 1 1233 722 100 65 drone
522 1 1233 722 100 65 drone
523 1 1234 721 100 65 drone
524 1 1234 721 100 65 drone
525 1 1235 720 100 66 drone
526 1 1235 720 100 66 drone
527 1 1235 719 100 66 drone
528 1 1236 719 100 66 drone
529 1 1236 718 100 66 drone
530 1 1237 718 100 67 drone
531 1 1237 717 99 67 drone
532 1 1238 716 99 68 drone
533 1 1238 716 98 68 drone
534 1 1239 715 98 69 drone
535 1 1240 715 97 69 drone
536 1 1240 714 97 70 drone
537 1 1241 713 96 70 drone
538 1 1241 713 96 71 drone
539 1 1242 712 95 71 drone
540 1 1243 712 95 72 drone
541 1 1243 712 96 71 drone
542 1 1243 712 97 71 drone
543 1 1243 712 98 71 drone
544 1 1243 712 99 70 drone
545 1 1243 712 100 70 drone
546 1 1243 712 101 70 drone
547 1 1243 712 102 69 drone
548 1 1243 712 103 69 drone
549 1 1243 712 104 69 drone
550 1 1244 712 106 69 drone
551 1 1243 712 106 68 drone
552 1 1242 712 106 68 drone
553 1 1241 712 106 67 drone
554 1 1241 712 107 67 drone
555 1 1240 712 107 67 drone
556 1 1239 712 107 66 drone
557 1 1239 712 108 66 drone
558 1 1238 712 108 65 drone
559 1 1237 712 108 65 drone
560 1 1237 713 109 65 drone
561 1 1238 712 108 65 drone
562 1 1239 711 107 66 drone
563 1 1240 711 106 67 drone
564 1 1241 710 106 67 drone
565 1 1242 710 105 68 drone
566 1 1243 709 104 69 drone
567 1 1244 708 104 69 drone
568 1 1245 708 103 70 drone
569 1 1246 707 102 71 drone
570 1 1248 707 102 72 drone
571 1 1247 706 102 72 drone
572 1 1247 706 103 72 drone
573 1 1247 706 104 72 drone
574 1 1247 705 105 72 drone
575 1 1247 705 106 72 drone
576 1 1247 705 106 72 drone
577 1 1247 704 107 72 drone
578 1 1247 704 108 72 drone
579 1 1247 704 109 72 drone
580 1 1247 704 110 73 drone
581 1 1246 704 110 72 drone
582 1 1246 704 110 72 drone
583 1 1245 704 110 72 drone
584 1 1245 705 110 72 drone
585 1 1245 705 110 72 drone
586 1 1244 705 110 72 drone
587 1 1244 706 110 72 drone
588 1 1243 706 110 72 drone
589 1 1243 706 110 72 drone
590 1 1243 707 110 72 drone
591 1 1242 707 110 72 drone
592 1 1242 707 110 72 drone
593 1 1241 707 111 72 drone
594 1 1241 707 111 72 drone
595 1 1241 707 112 73 drone
596 1 1240 707 112 73 drone
597 1 1240 707 112 73 drone
598 1 1239 707 113 73 drone
599 1 1239 707 113 73 drone
600 1 1239 707 114 74 drone
601 1 1239 707 114 73 drone
602 1 1239 707 114 73 drone
603 1 1239 707 114 73 drone
604 1 1239 707 114 73 drone
605 1 1239 707 114 73 drone
606 1 1239 707 114 72 drone
607 1 1239 707 114 72 drone
608 1 1239 707 114 72 drone
609 1 1239 707 114 72 drone
610 1 1239 707 114 72 drone
611 1 1237 706 115 72 drone
612 1 1235 706 117 72 drone
613 1 1233 706 119 72 drone
614 1 1231 706 121 72 drone
615 1 1230 706 123 72 drone
616 1 1228 706 124 72 drone
617 1 1226 706 126 72 drone
618 1 1224 706 128 72 drone
619 1 1222 706 130 72 drone
620 1 1221 706 132 72 drone
621 1 1221 705 129 72 drone
622 1 1222 704 126 72 drone
623 1 1222 704 123 72 drone
624 1 1223 703 121 72 drone
625 1 1224 703 118 73 drone
626 1 1224 702 115 73 drone
627 1 1225 701 113 73 drone
628 1 1225 701 110 73 drone
629 1 1226 700 107 73 drone
630 1 1227 700 105 74 drone
631 1 1226 700 105 74 drone
632 1 1226 700 105 74 drone
633 1 1226 700 105 74 drone
634 1 1226 700 105 74 drone
635 1 1226 700 106 74 drone
636 1 1225 700 106 74 drone
637 1 1225 700 106 74 drone
638 1 1225 700 106 74 drone
639 1 1225 700 106 74 drone
640 1 1225 700 107 74 drone
641 1 1225 700 106 73 drone
642 1 1225 700 105 73 drone
643 1 1225 700 104 73 drone
644 1 1225 700 104 72 drone
645 1 1225 701 103 72 drone
646 1 1225 701 102 72 drone
647 1 1225 701 102 71 drone
648 1 1225 701 101 71 drone
649 1 1225 701 100 71 drone
650 1 1226 702 100 71 drone
651 1 1225 702 99 70 drone
652 1 1225 702 99 70 drone
653 1 1225 702 99 70 drone
654 1 1225 702 99 69 drone
655 1 1225 703 99 69 drone
656 1 1225 703 98 69 drone
657 1 1225 703 98 68 drone
658 1 1225 703 98 68 drone
659 1 1225 703 98 68 drone
660 1 1225 704 98 68 drone
661 1 1225 703 98 68 drone
662 1 1225 703 98 68 drone
663 1 1225 702 98 68 drone
664 1 1225 702 98 69 drone
665 1 1225 701 98 69 drone
666 1 1225 701 98 69 drone
667 1 1225 700 98 70 drone
668 1 1225 700 98 70 drone
669 1 1225 699 98 70 drone
670 1 1225 699 98 71 drone
671 1 1223 699 99 70 drone
672 1 1221 700 101 70 drone
673 1 1219 700 103 69 drone
674 1 1218 701 105 69 drone
675 1 1216 702 107 69 drone
676 1 1214 702 108 68 drone
677 1 1213 703 110 68 drone
678 1 1211 703 112 67 drone
679 1 1209 704 114 67 drone
680 1 1208 705 116 67 drone
681 1 1206 705 116 67 drone
682 1 1204 705 117 67 drone
683 1 1202 705 117 67 drone
684 1 1201 705 118 67 drone
685 1 1199 705 119 68 drone
686 1 1197 705 119 68 drone
687 1 1196 705 120 68 drone
688 1 1194 705 120 68 drone
689 1 1192 705 121 68 drone
690 1 1191 705 122 69 drone
691 1 1190 705 122 69 drone
692 1 1190 705 122 69 drone
693 1 1189 705 122 69 drone
694 1 1189 705 122 69 drone
695 1 1189 705 122 69 drone
696 1 1188 705 122 69 drone
697 1 1188 705 122 69 drone
698 1 1187 705 122 69 drone
699 1 1187 705 122 69 drone
700 1 1187 705 122 70 drone
701 1 1185 705 122 69 drone
702 1 1183 705 123 69 drone
703 1 1181 705 124 68 drone
704 1 1180 705 124 68 drone
705 1 1178 705 125 68 drone
706 1 1176 705 126 67 drone
707 1 1175 705 126 67 drone
708 1 1173 705 127 66 drone
709 1 1171 705 128 66 drone
710 1 1170 706 129 66 drone
711 1 1169 706 128 65 drone
712 1 1169 706 127 65 drone
713 1 1169 706 126 65 drone
714 1 1169 706 126 65 drone
715 1 1169 707 125 65 drone
716 1 1168 707 124 65 drone
717 1 1168 707 124 65 drone
718 1 1168 707 123 65 drone
719 1 1168 707 122 65 drone
720 1 1168 708 122 65 drone
721 1 1168 708 120 65 drone
722 1 1169 708 119 65 drone
723 1 1170 708 117 65 drone
724 1 1171 708 116 65 drone
725 1 1172 708 114 65 drone
726 1 1172 708 113 65 drone
727 1 1173 708 111 65 drone
728 1 1174 708 110 65 drone
729 1 1175 708 108 65 drone
730 1 1176 708 107 66 drone
731 1 1174 707 108 66 drone
732 1 1173 707 109 66 drone
733 1 1172 707 110 66 drone
734 1 1171 707 111 66 drone
735 1 1170 707 112 66 drone
736 1 1168 706 113 66 drone
737 1 1167 706 114 66 drone
738 1 1166 706 115 66 drone
739 1 1165 706 116 66 drone
740 1 1164 706 117 67 drone
741 1 1164 706 117 67 drone
742 1 1164 706 117 67 drone
743 1 1164 706 117 67 drone
744 1 1164 706 117 67 drone
745 1 1164 706 117 68 drone
746 1 1164 706 117 68 drone
747 1 1164 706 117 68 drone
748 1 1164 706 117 68 drone
749 1 1164 706 117 68 drone
750 1 1164 706 117 69 drone
751 1 1165 706 116 68 drone
752 1 1166 707 116 68 drone
753 1 1167 707 115 67 drone
754 1 1168 708 115 67 drone
755 1 1169 709 115 66 drone
756 1 1170 709 114 66 drone
757 1 1171 710 114 65 drone
758 1 1172 710 113 65 drone
759 1 1173 711 113 64 drone
760 1 1175 712 113 64 drone
761 1 1175 711 112 64 drone
762 1 1176 711 111 64 drone
763 1 1176 711 111 64 drone
764 1 1177 711 110 64 drone
765 1 1178 711 110 64 drone
766 1 1178 711 109 64 drone
767 1 1179 711 108 64 drone
768 1 1179 711 108 64 drone
769 1 1180 711 107 64 drone
770 1 1181 711 107 65 drone
771 1 1181 710 107 65 drone
772 1 1181 710 108 65 drone
773 1 1181 709 109 65 drone
774 1 1181 709 109 65 drone
775 1 1181 709 110 65 drone
776 1 1181 708 111 65 drone
777 1 1181 708 111 65 drone
778 1 1181 707 112 65 drone
779 1 1181 707 113 65 drone
780 1 1181 707 114 66 drone
781 1 1181 707 113 65 drone
782 1 1181 707 113 65 drone
783 1 1182 707 112 64 drone
784 1 1182 708 112 64 drone
785 1 1183 708 112 63 drone
786 1 1183 708 111 63 drone
787 1 1183 709 111 62 drone
788 1 1184 709 110 62 drone
789 1 1184 709 110 61 drone
790 1 1185 710 110 61 drone
791 1 1185 709 110 61 drone
792 1 1185 709 110 61 drone
793 1 1185 709 110 61 drone
794 1 1186 709 110 61 drone
795 1 1186 709 110 61 drone
796 1 1186 708 110 61 drone
797 1 1187 708 110 61 drone
798 1 1187 708 110 61 drone
799 1 1187 708 110 61 drone
800 1 1188 708 110 62 drone
801 1 1188 707 109 62 drone
802 1 1188 707 108 62 drone
803 1 1189 707 108 62 drone
804 1 1189 707 107 63 drone
805 1 1190 707 107 63 drone
806 1 1190 706 106 63 drone
807 1 1190 706 105 64 drone
808 1 1191 706 105 64 drone
809 1 1191 706 104 64 drone
810 1 1192 706 104 65 drone
811 1 1192 707 104 64 drone
812 1 1192 708 105 63 drone
813 1 1192 709 105 63 drone
814 1 1192 711 106 62 drone
815 1 1193 712 106 62 drone
816 1 1193 713 107 61 drone
817 1 1193 715 107 60 drone
818 1 1193 716 108 60 drone
819 1 1193 717 108 59 drone
820 1 1194 719 109 59 drone
821 1 1195 719 109 59 drone
822 1 1197 720 109 59 drone
823 1 1198 720 109 59 drone
824 1 1200 721 110 59 drone
825 1 1201 721 110 60 drone
826 1 1203 722 110 60 drone
827 1 1204 722 111 60 drone
828 1 1206 723 111 60 drone
829 1 1207 723 111 60 drone
830 1 1209 724 112 61 drone
831 1 1213 724 112 60 drone
832 1 1217 724 112 60 drone
833 1 1221 724 112 60 drone
834 1 1225 725 112 59 drone
835 1 1230 725 113 59 drone
836 1 1234 725 113 59 drone
837 1 1238 726 113 58 drone
838 1 1242 726 113 58 drone
839 1 1246 726 113 58 drone
840 1 1251 727 114 58 drone
841 1 1256 725 113 59 drone
842 1 1261 723 112 60 drone
843 1 1266 721 111 62 drone
844 1 1271 719 110 63 drone
845 1 1276 717 109 65 drone
846 1 1281 715 108 66 drone
847 1 1286 713 107 67 drone
848 1 1291 711 106 69 drone
849 1 1296 709 105 70 drone
850 1 1302 707 104 72 drone
851 1 1307 706 104 72 drone
852 1 1313 705 104 72 drone
853 1 1319 704 104 72 drone
854 1 1325 703 104 72 drone
855 1 1331 702 104 72 drone
856 1 1336 701 104 72 drone
857 1 1342 700 104 72 drone
858 1 1348 699 104 72 drone
859 1 1354 698 104 72 drone
860 1 1360 697 104 72 drone
861 1 1366 694 104 72 drone
862 1 1373 692 104 72 drone
863 1 1380 689 104 72 drone
864 1 1386 687 104 72 drone
865 1 1393 685 104 72 drone
866 1 1400 682 104 72 drone
867 1 1406 680 104 72 drone
868 1 1413 677 104 72 drone
869 1 1420 675 104 72 drone
870 1 1427 673 104 72 drone
871 1 1433 672 106 72 drone
872 1 1434 666 104 79 drone
873 1 1447 667 98 75 drone
874 1 1443 667 107 77 drone
875 1 1456 669 94 74 drone
