0 1 1922 59 41 39 drone
1 1 1922 59 41 39 drone
2 1 1922 60 41 39 drone
3 1 1922 61 41 39 drone
4 1 1922 62 41 39 drone
5 1 1922 63 41 39 drone
6 1 1923 59 41 39 drone
7 1 1922 60 41 39 drone
8 1 1922 58 41 39 drone
9 1 1921 58 41 39 drone
10 1 1923 67 41 39 drone
11 1 1926 73 41 38 drone
12 1 1929 79 41 38 drone
13 1 1932 86 41 37 drone
14 1 1935 92 41 37 drone
15 1 1939 99 41 36 drone
16 1 1942 105 41 36 drone
17 1 1945 111 41 35 drone
18 1 1945 119 41 35 drone
19 1 1951 124 41 34 drone
20 1 1955 131 41 34 drone
21 1 1960 137 40 33 drone
22 1 1963 144 40 33 drone
23 1 1965 150 40 32 drone
24 1 1975 155 40 32 drone
25 1 1981 161 38 31 drone
26 1 1986 167 39 31 drone
27 1 1991 173 39 30 drone
28 1 1994 180 39 30 drone
29 1 2000 185 39 29 drone
30 1 2005 191 39 29 drone
31 1 2013 195 39 29 drone
32 1 2016 199 39 29 drone
33 1 2021 204 39 29 drone
34 1 2026 209 39 29 drone
35 1 2033 213 39 29 drone
36 1 2042 219 39 29 drone
37 1 2045 222 39 29 drone
38 1 2055 227 39 29 drone
39 1 2061 231 39 29 drone
40 1 2067 236 39 29 drone
41 1 2075 240 39 28 drone
42 1 2082 243 39 28 drone
43 1 2091 247 39 27 drone
44 1 2097 250 39 27 drone
45 1 2106 254 39 27 drone
46 1 2112 258 39 26 drone
47 1 2121 261 39 26 drone
48 1 2127 264 39 25 drone
49 1 2136 268 39 25 drone
50 1 2142 271 39 25 drone
51 1 2151 273 39 25 drone
52 1 2160 275 39 25 drone
53 1 2169 277 39 25 drone
54 1 2178 279 39 25 drone
55 1 2187 282 39 26 drone
56 1 2196 283 39 26 drone
57 1 2205 285 39 26 drone
58 1 2214 289 39 26 drone
59 1 2223 289 39 26 drone
60 1 2233 291 39 27 drone
61 1 2242 292 38 26 drone
62 1 2252 293 38 26 drone
63 1 2262 294 38 26 drone
64 1 2272 296 38 25 drone
65 1 2281 298 38 25 drone
66 1 2292 298 38 25 drone
67 1 2302 300 38 24 drone
68 1 2312 301 38 24 drone
69 1 2322 302 38 24 drone
70 1 2332 304 38 24 drone
71 1 2343 304 38 23 drone
72 1 2354 304 38 23 drone
73 1 2365 304 38 23 drone
74 1 2376 305 38 23 drone
75 1 2387 305 38 23 drone
76 1 2395 306 38 23 drone
77 1 2409 306 38 23 drone
78 1 2420 306 38 23 drone
79 1 2431 306 38 23 drone
80 1 2442 307 38 23 drone
81 1 2453 306 38 22 drone
82 1 2464 306 38 22 drone
83 1 2476 305 39 22 drone
84 1 2487 305 39 22 drone
85 1 2499 304 40 22 drone
86 1 2510 304 40 22 drone
87 1 2521 304 40 22 drone
88 1 2533 303 41 22 drone
89 1 2544 302 41 22 drone
90 1 2556 302 42 22 drone
91 1 2567 301 42 22 drone
92 1 2579 300 42 22 drone
93 1 2591 299 42 22 drone
94 1 2603 298 42 22 drone
95 1 2615 297 42 22 drone
96 1 2626 296 42 22 drone
97 1 2638 295 42 22 drone
98 1 2650 294 42 22 drone
99 1 2662 293 42 22 drone
100 1 2674 293 42 22 drone
101 1 2685 292 42 22 drone
102 1 2696 291 42 22 drone
103 1 2707 290 42 22 drone
104 1 2719 289 42 22 drone
105 1 2730 288 42 22 drone
106 1 2741 287 42 22 drone
107 1 2753 286 42 22 drone
108 1 2764 285 42 22 drone
109 1 2775 284 42 22 drone
110 1 2787 283 42 22 drone
111 1 2798 283 42 22 drone
112 1 2810 284 42 22 drone
113 1 2821 285 42 22 drone
114 1 2833 286 42 22 drone
115 1 2845 287 42 22 drone
116 1 2856 288 42 22 drone
117 1 2868 289 42 22 drone
118 1 2879 290 42 22 drone
119 1 2891 291 42 22 drone
120 1 2903 292 42 22 drone
121 1 2914 292 42 22 drone
122 1 2926 292 42 22 drone
123 1 2939 296 42 22 drone
124 1 2950 295 42 23 drone
125 1 2961 296 42 23 drone
126 1 2974 297 42 23 drone
127 1 2985 295 42 24 drone
128 1 2997 295 42 24 drone
129 1 3009 294 42 24 drone
130 1 3020 293 42 25 drone
131 1 3030 291 42 25 drone
132 1 3041 290 42 25 drone
133 1 3052 289 42 25 drone
134 1 3063 287 42 25 drone
135 1 3074 286 42 25 drone
136 1 3085 284 42 25 drone
137 1 3095 282 42 25 drone
138 1 3107 282 42 25 drone
139 1 3118 281 42 25 drone
140 1 3129 280 42 25 drone
141 1 3140 279 42 25 drone
142 1 3152 279 42 25 drone
143 1 3164 278 43 25 drone
144 1 3175 278 43 25 drone
145 1 3187 278 44 26 drone
146 1 3199 277 44 26 drone
147 1 3210 277 44 26 drone
148 1 3222 276 45 26 drone
149 1 3234 278 45 26 drone
150 1 3246 276 46 27 drone
151 1 3256 273 46 27 drone
152 1 3267 274 46 27 drone
153 1 3278 271 46 27 drone
154 1 3290 270 46 27 drone
155 1 3299 267 46 28 drone
156 1 3311 263 46 28 drone
157 1 3321 259 46 28 drone
158 1 3333 256 46 28 drone
159 1 3344 252 46 28 drone
160 1 3354 247 46 29 drone
161 1 3364 239 46 29 drone
162 1 3375 231 47 30 drone
163 1 3386 228 47 30 drone
164 1 3397 218 48 31 drone
165 1 3406 213 49 31 drone
166 1 3417 204 49 32 drone
167 1 3429 194 50 32 drone
168 1 3438 184 50 33 drone
169 1 3449 176 51 33 drone
170 1 3460 169 52 34 drone
171 1 3470 160 51 34 drone
172 1 3481 152 50 35 drone
173 1 3491 144 50 36 drone
174 1 3502 136 49 37 drone
175 1 3513 128 49 38 drone
176 1 3523 120 48 38 drone
177 1 3534 112 47 39 drone
178 1 3544 104 47 40 drone
179 1 3555 96 46 41 drone
180 1 3566 88 46 42 drone
181 1 3574 81 46 42 drone
182 1 3582 75 46 42 drone
183 1 3590 68 46 42 drone
184 1 3599 62 46 43 drone
185 1 3607 55 46 43 drone
186 1 3615 49 46 43 drone
187 1 3624 42 46 44 drone
188 1 3632 36 46 44 drone
189 1 3640 29 46 44 drone
190 1 3649 23 46 45 drone
191 1 3654 18 47 45 drone
192 1 3659 14 48 45 drone
193 1 3664 10 49 45 drone
194 1 3669 6 50 45 drone
195 1 3674 2 52 46 drone
196 1 3679 -1 53 46 drone
197 1 3684 -5 54 42 drone
198 1 3689 -9 55 44 drone
199 1 3694 -13 56 44 drone
200 1 3700 -18 58 47 drone
201 1 3703 -16 53 41 drone
202 1 3707 -15 49 37 drone
203 1 3711 -13 45 32 drone
204 1 3715 -12 41 29 drone
205 0
206 0
207 0
208 0
209 0
210 0
211 0
212 0
213 0
214 0
215 0
216 0
217 0
218 0
219 0
220 0
221 1 3706 -6 33 20 drone
222 1 3699 -6 36 22 drone
223 1 3692 -6 40 24 drone
224 1 3685 -5 43 26 drone
225 1 3678 -5 47 28 drone
226 1 3671 -5 50 29 drone
227 1 3664 -4 53 30 drone
228 1 3657 -4 57 34 drone
229 1 3650 -4 60 36 drone
230 1 3643 -4 64 39 drone
231 1 3633 0 64 39 drone
232 1 3623 3 64 39 drone
233 1 3615 2 64 40 drone
234 1 3607 6 64 40 drone
235 1 3595 12 64 41 drone
236 1 3584 16 64 41 drone
237 1 3574 18 64 41 drone
238 1 3563 26 64 42 drone
239 1 3555 29 64 42 drone
240 1 3543 34 65 43 drone
241 1 3529 38 64 44 drone
242 1 3516 43 64 45 drone
243 1 3503 47 64 46 drone
244 1 3490 52 64 47 drone
245 1 3477 57 64 48 drone
246 1 3464 61 64 49 drone
247 1 3451 66 64 50 drone
248 1 3438 70 64 51 drone
249 1 3425 75 64 52 drone
250 1 3412 80 64 54 drone
251 1 3396 87 64 54 drone
252 1 3381 94 64 54 drone
253 1 3366 103 64 50 drone
254 1 3351 108 64 51 drone
255 1 3336 115 64 50 drone
256 1 3320 124 64 50 drone
257 1 3305 131 64 50 drone
258 1 3291 138 64 50 drone
259 1 3276 141 64 54 drone
260 1 3260 151 64 54 drone
261 1 3245 161 63 50 drone
262 1 3229 169 62 50 drone
263 1 3212 178 61 48 drone
264 1 3198 186 60 47 drone
265 1 3183 195 60 46 drone
266 1 3166 203 59 48 drone
267 1 3152 211 58 47 drone
268 1 3136 219 57 46 drone
269 1 3121 228 56 45 drone
270 1 3106 237 56 45 drone
271 1 3091 245 56 45 drone
272 1 3076 254 56 45 drone
273 1 3061 263 56 45 drone
274 1 3044 270 56 46 drone
275 1 3031 277 56 46 drone
276 1 3016 288 56 46 drone
277 1 3001 296 56 47 drone
278 1 2985 305 56 47 drone
279 1 2971 314 56 47 drone
280 1 2960 326 56 48 drone
281 1 2946 338 55 47 drone
282 1 2932 349 55 47 drone
283 1 2916 360 55 47 drone
284 1 2904 373 55 46 drone
285 1 2892 382 55 46 drone
286 1 2878 395 54 46 drone
287 1 2865 405 54 45 drone
288 1 2850 414 54 45 drone
289 1 2840 425 54 45 drone
290 1 2824 435 54 45 drone
291 1 2813 442 54 44 drone
292 1 2800 450 54 44 drone
293 1 2787 458 54 43 drone
294 1 2774 466 54 43 drone
295 1 2763 476 54 42 drone
296 1 2749 484 54 42 drone
297 1 2736 490 54 41 drone
298 1 2722 500 54 41 drone
299 1 2710 506 54 40 drone
300 1 2698 515 55 40 drone
301 1 2685 521 55 39 drone
302 1 2673 528 55 39 drone
303 1 2660 534 55 39 drone
304 1 2648 541 55 38 drone
305 1 2636 548 55 38 drone
306 1 2623 554 55 38 drone
307 1 2611 561 55 37 drone
308 1 2598 567 55 37 drone
309 1 2586 574 55 37 drone
310 1 2574 581 55 37 drone
311 1 2562 587 54 36 drone
312 1 2551 593 54 36 drone
313 1 2540 599 53 35 drone
314 1 2528 606 53 35 drone
315 1 2517 612 53 35 drone
316 1 2506 618 52 34 drone
317 1 2492 625 52 34 drone
318 1 2481 631 51 33 drone
319 1 2472 637 51 33 drone
320 1 2457 642 51 33 drone
321 1 2447 647 50 32 drone
322 1 2438 652 49 32 drone
323 1 2427 659 48 31 drone
324 1 2418 662 47 31 drone
325 1 2409 668 47 31 drone
326 1 2398 674 46 30 drone
327 1 2391 677 45 30 drone
328 1 2380 681 44 29 drone
329 1 2372 685 43 29 drone
330 1 2364 691 43 29 drone
331 1 2359 693 42 28 drone
332 1 2353 696 42 28 drone
333 1 2344 702 42 28 drone
334 1 2341 701 41 28 drone
335 1 2325 709 41 28 drone
336 1 2321 712 41 28 drone
337 1 2316 716 40 28 drone
338 1 2314 715 40 28 drone
339 1 2308 719 40 28 drone
340 1 2303 721 40 28 drone
341 1 2298 723 40 27 drone
342 1 2296 724 40 27 drone
343 1 2291 726 40 26 drone
344 1 2288 729 40 26 drone
345 1 2285 731 40 25 drone
346 1 2282 730 40 25 drone
347 1 2280 733 40 24 drone
348 1 2278 733 40 24 drone
349 1 2277 733 40 23 drone
350 1 2275 735 40 23 drone
351 1 2274 734 40 23 drone
352 1 2273 734 40 23 drone
353 1 2272 733 40 23 drone
354 1 2271 733 40 23 drone
355 1 2271 732 40 23 drone
356 1 2270 732 40 23 drone
357 1 2269 731 40 23 drone
358 1 2268 731 40 23 drone
359 1 2267 730 40 23 drone
360 1 2267 730 40 23 drone
361 1 2266 730 40 23 drone
362 1 2265 731 40 23 drone
363 1 2264 732 40 23 drone
364 1 2264 733 40 23 drone
365 1 2263 731 40 24 drone
366 1 2262 732 40 24 drone
367 1 2263 732 40 24 drone
368 1 2261 736 40 24 drone
369 1 2260 738 40 24 drone
370 1 2260 739 40 25 drone
371 1 2259 743 40 25 drone
372 1 2259 748 40 25 drone
373 1 2259 753 40 25 drone
374 1 2258 758 40 25 drone
375 1 2259 761 40 25 drone
376 1 2259 765 40 25 drone
377 1 2258 772 40 25 drone
378 1 2258 777 40 25 drone
379 1 2257 783 40 25 drone
380 1 2257 788 40 26 drone
381 1 2256 794 40 26 drone
382 1 2255 800 40 26 drone
383 1 2254 806 41 26 drone
384 1 2253 812 41 26 drone
385 1 2253 818 42 26 drone
386 1 2252 824 42 26 drone
387 1 2251 830 42 26 drone
388 1 2250 836 43 26 drone
389 1 2249 842 43 26 drone
390 1 2249 848 44 26 drone
391 1 2246 854 44 26 drone
392 1 2244 860 44 26 drone
393 1 2242 867 44 26 drone
394 1 2240 872 44 26 drone
395 1 2238 879 44 26 drone
396 1 2235 885 44 26 drone
397 1 2233 891 44 26 drone
398 1 2231 897 44 26 drone
399 1 2229 903 44 26 drone
400 1 2227 910 44 27 drone
401 1 2223 915 44 27 drone
402 1 2220 921 44 27 drone
403 1 2216 929 44 27 drone
404 1 2213 935 44 27 drone
405 1 2209 939 44 28 drone
406 1 2206 944 44 28 drone
407 1 2203 954 44 28 drone
408 1 2199 957 44 28 drone
409 1 2194 964 44 28 drone
410 1 2192 968 44 29 drone
411 1 2186 973 44 28 drone
412 1 2180 978 44 28 drone
413 1 2174 983 44 27 drone
414 1 2169 990 44 27 drone
415 1 2163 993 44 27 drone
416 1 2157 999 44 26 drone
417 1 2151 1003 44 26 drone
418 1 2145 1008 44 25 drone
419 1 2139 1015 44 25 drone
420 1 2134 1018 44 25 drone
421 1 2127 1021 44 24 drone
422 1 2121 1028 44 24 drone
423 1 2114 1031 44 24 drone
424 1 2108 1033 44 24 drone
425 1 2102 1041 44 24 drone
426 1 2096 1042 44 23 drone
427 1 2089 1045 44 23 drone
428 1 2083 1049 44 23 drone
429 1 2075 1054 44 23 drone
430 1 2071 1057 44 23 drone
431 1 2062 1060 44 22 drone
432 1 2057 1063 45 22 drone
433 1 2050 1066 45 22 drone
434 1 2043 1069 46 22 drone
435 1 2036 1072 46 22 drone
436 1 2029 1075 47 22 drone
437 1 2022 1078 47 22 drone
438 1 2015 1081 48 22 drone
439 1 2008 1084 48 22 drone
440 1 2001 1087 49 22 drone
441 1 1995 1088 49 22 drone
442 1 1989 1090 49 22 drone
443 1 1983 1091 49 22 drone
444 1 1977 1096 49 22 drone
445 1 1972 1098 49 22 drone
446 1 1965 1099 49 22 drone
447 1 1961 1101 49 22 drone
448 1 1955 1099 49 22 drone
449 1 1949 1101 49 22 drone
450 1 1944 1102 50 22 drone
451 1 1938 1100 49 22 drone
452 1 1933 1098 49 23 drone
453 1 1928 1096 49 24 drone
454 1 1922 1097 49 24 drone
455 1 1916 1095 49 25 drone
456 1 1912 1091 49 26 drone
457 1 1906 1091 49 26 drone
458 1 1901 1087 49 27 drone
459 1 1896 1085 49 28 drone
460 1 1891 1084 49 29 drone
461 1 1885 1081 49 29 drone
462 1 1880 1079 49 30 drone
463 1 1875 1077 49 31 drone
464 1 1870 1074 49 31 drone
465 1 1865 1072 49 32 drone
466 1 1859 1070 49 33 drone
467 1 1852 1067 49 33 drone
468 1 1849 1065 49 34 drone
469 1 1844 1063 49 35 drone
470 1 1839 1061 49 36 drone
471 1 1834 1062 49 36 drone
472 1 1829 1064 49 36 drone
473 1 1824 1066 49 36 drone
474 1 1818 1063 49 36 drone
475 1 1813 1064 49 36 drone
476 1 1807 1067 49 36 drone
477 1 1803 1067 49 36 drone
478 1 1798 1074 49 36 drone
479 1 1793 1076 49 36 drone
480 1 1790 1079 49 36 drone
481 1 1784 1085 49 36 drone
482 1 1779 1090 50 36 drone
483 1 1772 1094 50 36 drone
484 1 1768 1101 51 36 drone
485 1 1764 1105 51 37 drone
486 1 1758 1110 52 37 drone
487 1 1752 1115 52 37 drone
488 1 1747 1123 53 37 drone
489 1 1742 1128 53 37 drone
490 1 1737 1134 54 38 drone
491 1 1733 1140 53 37 drone
492 1 1727 1151 53 34 drone
493 1 1724 1157 53 33 drone
494 1 1721 1164 53 32 drone
495 1 1717 1172 53 31 drone
496 1 1711 1176 53 32 drone
497 1 1709 1183 53 30 drone
498 1 1703 1190 53 30 drone
499 1 1699 1197 53 30 drone
500 1 1699 1196 53 31 drone
501 1 1690 1210 51 28 drone
