0 0
1 0
2 0
3 0
4 0
5 0
6 0
7 0
8 0
9 0
10 0
11 0
12 0
13 0
14 0
15 0
16 0
17 0
18 0
19 0
20 0
21 0
22 0
23 0
24 0
25 0
26 0
27 0
28 0
29 0
30 0
31 0
32 0
33 0
34 0
35 0
36 0
37 0
38 0
39 0
40 0
41 0
42 0
43 0
44 0
45 0
46 0
47 0
48 0
49 0
50 0
51 0
52 0
53 0
54 0
55 0
56 0
57 0
58 0
59 0
60 0
61 0
62 0
63 0
64 0
65 0
66 0
67 0
68 0
69 0
70 0
71 0
72 0
73 0
74 0
75 0
76 0
77 0
78 0
79 0
80 0
81 0
82 1 2478 -4 38 32 drone
83 1 2477 8 42 33 drone
84 1 2478 21 40 34 drone
85 1 2476 37 36 36 drone
86 1 2477 51 32 34 drone
87 1 2477 66 32 31 drone
88 1 2476 80 30 36 drone
89 1 2469 95 38 31 drone
90 1 2467 109 40 33 drone
91 1 2466 123 40 33 drone
92 1 2466 138 40 33 drone
93 1 2466 153 40 33 drone
94 1 2466 167 40 33 drone
95 1 2466 182 40 33 drone
96 1 2465 197 40 33 drone
97 1 2465 211 40 33 drone
98 1 2465 226 40 33 drone
99 1 2465 241 40 33 drone
100 1 2465 256 40 33 drone
101 1 2464 269 39 32 drone
102 1 2464 282 39 31 drone
103 1 2464 296 39 30 drone
104 1 2464 309 39 30 drone
105 1 2463 328 39 29 drone
106 1 2463 341 38 28 drone
107 1 2464 355 38 28 drone
108 1 2463 363 38 27 drone
109 1 2462 380 38 26 drone
110 1 2463 389 38 26 drone
111 1 2465 397 38 25 drone
112 1 2467 410 38 25 drone
113 1 2468 418 38 25 drone
114 1 2470 425 38 25 drone
115 1 2469 431 38 25 drone
116 1 2475 438 38 24 drone
117 1 2477 448 38 24 drone
118 1 2479 450 38 24 drone
119 1 2482 457 38 24 drone
120 1 2487 463 38 24 drone
121 1 2491 467 37 23 drone
122 1 2494 472 37 23 drone
123 1 2498 477 37 22 drone
124 1 2504 480 37 22 drone
125 1 2507 486 37 21 drone
126 1 2510 492 36 21 drone
127 1 2518 494 36 20 drone
128 1 2522 499 36 20 drone
129 1 2529 502 36 19 drone
130 1 2533 504 36 19 drone
131 1 2542 507 35 18 drone
132 1 2547 512 35 17 drone
133 1 2552 514 35 16 drone
134 1 2559 517 34 15 drone
135 1 2570 518 34 15 drone
136 1 2575 523 34 14 drone
137 1 2582 525 33 13 drone
138 1 2589 529 33 12 drone
139 1 2596 531 33 11 drone
140 1 2604 533 33 11 drone
141 1 2612 535 33 11 drone
142 1 2620 536 33 11 drone
143 1 2627 538 33 11 drone
144 1 2636 539 33 11 drone
145 1 2645 540 33 12 drone
146 1 2653 541 33 12 drone
147 1 2661 543 33 12 drone
148 1 2669 545 33 12 drone
149 1 2678 544 33 12 drone
150 1 2686 545 33 13 drone
151 1 2695 545 33 13 drone
152 1 2704 545 33 13 drone
153 1 2713 545 33 13 drone
154 1 2723 545 33 13 drone
155 1 2732 545 33 14 drone
156 1 2741 545 33 14 drone
157 1 2751 545 33 14 drone
158 1 2761 545 33 14 drone
159 1 2771 544 33 14 drone
160 1 2780 545 33 15 drone
161 1 2792 545 33 15 drone
162 1 2800 544 33 15 drone
163 1 2813 542 33 15 drone
164 1 2818 542 33 15 drone
165 1 2832 541 33 15 drone
166 1 2838 540 33 15 drone
167 1 2848 539 33 15 drone
168 1 2858 538 33 15 drone
169 1 2868 537 33 15 drone
170 1 2878 537 33 15 drone
171 1 2886 535 33 15 drone
172 1 2895 533 33 15 drone
173 1 2904 531 33 15 drone
174 1 2913 529 33 15 drone
175 1 2922 528 33 15 drone
176 1 2931 526 33 15 drone
177 1 2940 524 33 15 drone
178 1 2949 522 33 15 drone
179 1 2958 520 33 15 drone
180 1 2967 519 33 15 drone
181 1 2974 515 33 15 drone
182 1 2981 512 33 15 drone
183 1 2989 509 33 16 drone
184 1 2996 505 33 16 drone
185 1 3004 502 33 17 drone
186 1 3011 499 33 17 drone
187 1 3018 495 33 17 drone
188 1 3026 492 33 18 drone
189 1 3033 489 33 18 drone
190 1 3041 486 33 19 drone
191 1 3046 481 32 19 drone
192 1 3051 477 32 19 drone
193 1 3056 472 32 20 drone
194 1 3061 468 32 20 drone
195 1 3066 464 32 21 drone
196 1 3071 459 32 21 drone
197 1 3076 457 32 21 drone
198 1 3081 452 32 22 drone
199 1 3085 447 32 22 drone
200 1 3092 442 32 23 drone
201 1 3093 437 32 23 drone
202 1 3095 432 32 23 drone
203 1 3096 427 32 23 drone
204 1 3100 424 32 23 drone
205 1 3102 419 32 23 drone
206 1 3103 414 32 23 drone
207 1 3105 409 32 23 drone
208 1 3106 404 32 23 drone
209 1 3106 399 32 23 drone
210 1 3108 395 32 23 drone
211 1 3106 389 32 23 drone
212 1 3104 384 32 23 drone
213 1 3102 378 32 23 drone
214 1 3102 372 32 23 drone
215 1 3101 368 32 23 drone
216 1 3096 362 32 23 drone
217 1 3097 357 32 23 drone
218 1 3093 351 32 23 drone
219 1 3090 346 32 23 drone
220 1 3088 341 32 23 drone
221 1 3082 335 32 23 drone
222 1 3076 329 32 23 drone
223 1 3070 323 32 23 drone
224 1 3068 317 32 23 drone
225 1 3062 313 32 23 drone
226 1 3056 306 32 23 drone
227 1 3050 300 32 23 drone
228 1 3042 294 32 23 drone
229 1 3035 288 32 23 drone
230 1 3030 283 32 23 drone
231 1 3020 276 32 23 drone
232 1 3011 269 33 23 drone
233 1 3001 263 33 24 drone
234 1 2992 256 34 24 drone
235 1 2985 250 35 25 drone
236 1 2975 244 35 25 drone
237 1 2964 236 36 25 drone
238 1 2954 230 36 26 drone
239 1 2945 223 37 26 drone
240 1 2936 217 38 27 drone
241 1 2922 209 38 27 drone
242 1 2909 202 38 27 drone
243 1 2896 195 38 28 drone
244 1 2883 188 38 28 drone
245 1 2870 181 39 29 drone
246 1 2857 174 39 29 drone
247 1 2844 167 39 29 drone
248 1 2831 160 39 30 drone
249 1 2818 153 39 30 drone
250 1 2805 146 40 31 drone
251 1 2788 139 40 31 drone
252 1 2772 133 40 31 drone
253 1 2756 127 40 31 drone
254 1 2739 121 40 31 drone
255 1 2723 115 41 31 drone
256 1 2707 109 41 31 drone
257 1 2690 103 41 31 drone
258 1 2674 97 41 31 drone
259 1 2658 91 41 31 drone
260 1 2642 85 42 31 drone
261 1 2625 80 42 31 drone
262 1 2609 75 42 31 drone
263 1 2593 70 42 31 drone
264 1 2575 63 42 31 drone
265 1 2558 57 42 31 drone
266 1 2541 53 42 31 drone
267 1 2526 49 42 31 drone
268 1 2510 44 42 31 drone
269 1 2493 40 42 31 drone
270 1 2476 36 42 31 drone
271 1 2462 33 42 31 drone
272 1 2447 31 42 31 drone
273 1 2430 28 42 31 drone
274 1 2413 26 42 31 drone
275 1 2398 25 42 31 drone
276 1 2381 22 42 31 drone
277 1 2366 22 42 31 drone
278 1 2353 20 42 31 drone
279 1 2337 18 42 31 drone
280 1 2322 16 42 31 drone
281 1 2309 17 42 31 drone
282 1 2297 18 42 31 drone
283 1 2284 19 42 31 drone
284 1 2269 18 42 31 drone
285 1 2260 21 42 31 drone
286 1 2243 21 42 31 drone
287 1 2231 23 42 31 drone
288 1 2219 24 42 31 drone
289 1 2209 25 42 31 drone
290 1 2198 27 42 31 drone
291 1 2187 30 42 31 drone
292 1 2178 34 42 31 drone
293 1 2169 37 42 31 drone
294 1 2160 41 42 31 drone
295 1 2155 44 36 29 drone
296 1 2148 48 35 28 drone
297 1 2138 51 39 29 drone
298 1 2131 55 37 28 drone
299 1 2125 58 37 29 drone
300 1 2118 62 39 29 drone
301 1 2113 66 39 29 drone
302 1 2110 71 37 28 drone
303 1 2107 75 35 28 drone
304 1 2104 80 36 28 drone
305 1 2101 84 34 28 drone
306 1 2097 89 36 27 drone
307 1 2095 93 34 28 drone
308 1 2092 98 35 29 drone
309 1 2089 102 37 29 drone
310 1 2086 107 42 31 drone
311 1 2088 112 37 30 drone
312 1 2090 118 34 30 drone
313 1 2090 123 35 30 drone
314 1 2092 129 34 30 drone
315 1 2094 135 33 30 drone
316 1 2093 140 36 29 drone
317 1 2096 147 35 29 drone
318 1 2098 152 38 29 drone
319 1 2101 158 37 29 drone
320 1 2106 163 37 29 drone
321 1 2110 171 37 28 drone
322 1 2115 177 37 28 drone
323 1 2120 182 37 28 drone
324 1 2127 189 33 28 drone
325 1 2135 195 33 28 drone
326 1 2139 202 37 27 drone
327 1 2147 208 34 27 drone
328 1 2156 214 34 27 drone
329 1 2163 221 37 27 drone
330 1 2170 228 37 27 drone
331 1 2180 234 36 26 drone
332 1 2190 241 36 26 drone
333 1 2198 247 36 26 drone
334 1 2208 253 35 26 drone
335 1 2220 260 35 26 drone
336 1 2230 267 35 26 drone
337 1 2239 273 34 26 drone
338 1 2252 280 34 26 drone
339 1 2262 286 34 26 drone
340 1 2273 293 34 26 drone
341 1 2286 298 34 26 drone
342 1 2300 304 34 26 drone
343 1 2310 310 34 26 drone
344 1 2325 316 34 26 drone
345 1 2338 322 34 26 drone
346 1 2352 328 34 26 drone
347 1 2363 335 34 26 drone
348 1 2381 340 34 26 drone
349 1 2394 346 34 26 drone
350 1 2408 352 34 26 drone
351 1 2424 357 34 26 drone
352 1 2440 363 35 26 drone
353 1 2456 370 35 26 drone
354 1 2472 375 36 26 drone
355 1 2487 381 37 26 drone
356 1 2503 389 37 26 drone
357 1 2515 393 38 26 drone
358 1 2537 399 38 26 drone
359 1 2553 405 39 26 drone
360 1 2570 411 40 27 drone
361 1 2587 416 39 26 drone
362 1 2605 422 39 26 drone
363 1 2622 427 38 26 drone
364 1 2640 433 38 25 drone
365 1 2657 439 38 25 drone
366 1 2675 444 37 25 drone
367 1 2692 450 37 24 drone
368 1 2710 455 36 24 drone
369 1 2727 461 36 24 drone
370 1 2745 467 36 24 drone
371 1 2760 473 36 24 drone
372 1 2776 479 36 24 drone
373 1 2791 485 36 24 drone
374 1 2807 491 36 24 drone
375 1 2822 497 36 24 drone
376 1 2839 503 36 24 drone
377 1 2853 509 36 24 drone
378 1 2869 515 36 24 drone
379 1 2884 521 36 24 drone
380 1 2900 527 36 24 drone
381 1 2912 533 36 24 drone
382 1 2924 539 36 24 drone
383 1 2936 546 36 24 drone
384 1 2949 552 36 24 drone
385 1 2961 559 36 24 drone
386 1 2973 565 36 24 drone
387 1 2986 571 36 24 drone
388 1 2998 578 36 24 drone
389 1 3010 584 36 24 drone
390 1 3023 591 36 24 drone
391 1 3029 597 36 24 drone
392 1 3036 604 36 24 drone
393 1 3043 611 36 24 drone
394 1 3049 617 36 24 drone
395 1 3059 624 36 24 drone
396 1 3063 631 36 24 drone
397 1 3073 637 36 24 drone
398 1 3078 644 36 24 drone
399 1 3087 651 32 24 drone
400 1 3090 658 33 24 drone
401 1 3097 664 30 23 drone
402 1 3098 670 31 22 drone
403 1 3104 677 29 22 drone
404 1 3108 684 27 21 drone
405 1 3110 691 26 21 drone
406 1 3113 696 26 20 drone
407 1 3113 704 28 19 drone
408 1 3117 708 27 19 drone
409 1 3117 715 26 18 drone
410 1 3118 719 25 18 drone
411 1 3118 724 25 18 drone
412 1 3117 730 25 18 drone
413 1 3117 736 25 18 drone
414 1 3116 741 25 18 drone
415 1 3114 745 25 18 drone
416 1 3113 751 25 18 drone
417 1 3110 755 25 18 drone
418 1 3109 760 25 18 drone
419 1 3105 765 25 18 drone
420 1 3104 769 25 18 drone
421 1 3100 772 25 17 drone
422 1 3096 776 25 17 drone
423 1 3092 780 25 16 drone
424 1 3088 786 25 16 drone
425 1 3084 788 25 15 drone
426 1 3081 793 25 15 drone
427 1 3077 796 25 14 drone
428 1 3072 799 25 14 drone
429 1 3067 803 25 13 drone
430 1 3064 806 25 13 drone
431 1 3059 808 25 12 drone
432 1 3054 810 25 12 drone
433 1 3048 813 25 12 drone
434 1 3045 814 25 12 drone
435 1 3040 818 25 12 drone
436 1 3035 819 25 12 drone
437 1 3031 821 25 12 drone
438 1 3026 823 25 12 drone
439 1 3021 825 25 12 drone
440 1 3017 828 25 12 drone
441 1 3012 828 25 12 drone
442 1 3007 829 26 12 drone
443 1 3002 830 26 12 drone
444 1 2998 832 27 12 drone
445 1 2993 834 27 12 drone
446 1 2988 834 28 12 drone
447 1 2984 836 28 12 drone
448 1 2978 835 29 12 drone
449 1 2974 837 29 12 drone
450 1 2970 837 30 12 drone
451 1 2965 837 30 11 drone
452 1 2961 837 30 11 drone
453 1 2955 839 30 11 drone
454 1 2953 838 30 11 drone
455 1 2948 838 30 11 drone
456 1 2944 837 30 11 drone
457 1 2940 838 30 11 drone
458 1 2935 839 30 11 drone
459 1 2932 838 30 11 drone
460 1 2928 838 30 11 drone
461 1 2925 837 30 11 drone
462 1 2923 836 30 11 drone
463 1 2920 836 30 11 drone
464 1 2918 834 30 11 drone
465 1 2914 834 30 12 drone
466 1 2912 833 30 12 drone
467 1 2908 833 30 12 drone
468 1 2908 833 30 12 drone
469 1 2902 831 30 12 drone
470 1 2903 830 30 13 drone
471 1 2902 828 30 13 drone
472 1 2901 827 30 13 drone
473 1 2900 826 30 13 drone
474 1 2899 825 30 13 drone
475 1 2899 824 30 13 drone
476 1 2898 823 30 13 drone
477 1 2897 822 30 13 drone
478 1 2896 821 30 13 drone
479 1 2895 820 30 13 drone
480 1 2895 819 30 13 drone
481 1 2896 817 30 13 drone
482 1 2898 815 30 13 drone
483 1 2899 813 30 13 drone
484 1 2901 811 30 13 drone
485 1 2902 810 30 13 drone
486 1 2904 808 30 13 drone
487 1 2905 806 30 13 drone
488 1 2907 805 30 13 drone
489 1 2908 805 30 13 drone
490 1 2910 801 30 13 drone
491 1 2913 798 30 13 drone
492 1 2916 795 30 13 drone
493 1 2920 792 30 13 drone
494 1 2921 791 30 13 drone
495 1 2927 787 30 13 drone
496 1 2927 785 30 13 drone
497 1 2932 783 30 13 drone
498 1 2935 779 30 13 drone
499 1 2939 776 30 13 drone
500 1 2944 773 30 14 drone
501 1 2949 769 30 14 drone
502 1 2954 765 30 14 drone
503 1 2957 761 30 14 drone
504 1 2962 757 30 14 drone
505 1 2968 754 30 14 drone
506 1 2974 750 30 14 drone
507 1 2979 745 30 14 drone
508 1 2985 741 30 14 drone
509 1 2990 737 30 14 drone
510 1 2996 733 30 15 drone
511 1 3002 727 30 15 drone
512 1 3009 722 30 15 drone
513 1 3016 719 30 15 drone
514 1 3023 714 30 15 drone
515 1 3030 709 30 16 drone
516 1 3037 704 30 16 drone
517 1 3044 701 30 16 drone
518 1 3051 695 30 13 drone
519 1 3058 691 30 13 drone
520 1 3065 682 30 17 drone
521 1 3072 676 30 17 drone
522 1 3080 671 30 17 drone
523 1 3087 666 30 17 drone
524 1 3096 662 30 15 drone
525 1 3102 656 30 17 drone
526 1 3111 649 30 17 drone
527 1 3118 644 30 17 drone
528 1 3125 638 30 17 drone
529 1 3133 631 30 17 drone
530 1 3141 624 30 17 drone
531 1 3146 616 30 17 drone
532 1 3155 612 30 18 drone
533 1 3160 603 31 19 drone
534 1 3168 597 29 20 drone
535 1 3172 589 32 21 drone
536 1 3175 581 32 21 drone
537 1 3181 574 32 22 drone
538 1 3187 568 33 23 drone
539 1 3193 560 33 24 drone
540 1 3199 553 34 25 drone
541 1 3201 546 34 25 drone
542 1 3204 539 34 25 drone
543 1 3207 532 34 25 drone
544 1 3210 525 34 25 drone
545 1 3216 518 34 25 drone
546 1 3219 511 34 25 drone
547 1 3220 505 34 25 drone
548 1 3222 497 34 25 drone
549 1 3225 490 34 25 drone
550 1 3228 484 34 25 drone
551 1 3225 475 34 25 drone
552 1 3225 470 34 25 drone
553 1 3223 463 34 25 drone
554 1 3226 455 34 25 drone
555 1 3223 449 34 25 drone
556 1 3222 442 34 25 drone
557 1 3219 435 34 25 drone
558 1 3219 428 34 25 drone
559 1 3215 421 34 25 drone
560 1 3214 415 34 25 drone
561 1 3209 410 34 25 drone
562 1 3205 405 34 25 drone
563 1 3201 398 34 25 drone
564 1 3197 391 34 25 drone
565 1 3193 385 34 25 drone
566 1 3189 381 34 25 drone
567 1 3184 377 34 25 drone
568 1 3179 372 34 25 drone
569 1 3175 370 34 25 drone
570 1 3171 367 34 25 drone
571 1 3162 366 34 25 drone
572 1 3156 366 34 25 drone
573 1 3149 363 34 25 drone
574 1 3142 359 35 26 drone
575 1 3135 361 35 26 drone
576 1 3129 360 35 26 drone
577 1 3121 359 36 27 drone
578 1 3114 360 36 27 drone
579 1 3106 361 36 27 drone
580 1 3099 361 37 28 drone
581 1 3089 363 36 27 drone
582 1 3079 365 36 26 drone
583 1 3069 366 36 26 drone
584 1 3059 368 36 25 drone
585 1 3049 369 36 25 drone
586 1 3039 371 36 24 drone
587 1 3031 372 36 23 drone
588 1 3019 374 36 23 drone
589 1 3009 375 36 22 drone
590 1 3000 377 36 22 drone
591 1 2989 378 36 22 drone
592 1 2980 378 36 22 drone
593 1 2971 379 37 22 drone
594 1 2960 380 37 22 drone
595 1 2950 381 38 22 drone
596 1 2940 382 38 22 drone
597 1 2931 384 38 22 drone
598 1 2921 384 39 22 drone
599 1 2911 386 39 22 drone
600 1 2902 387 40 23 drone
601 1 2893 389 40 23 drone
602 1 2884 392 40 23 drone
603 1 2875 395 40 23 drone
604 1 2866 397 40 23 drone
605 1 2857 400 40 23 drone
606 1 2848 403 40 23 drone
607 1 2839 405 40 23 drone
608 1 2830 408 40 23 drone
609 1 2821 411 40 23 drone
610 1 2813 414 40 23 drone
611 1 2805 416 40 23 drone
612 1 2797 418 40 23 drone
613 1 2789 420 40 23 drone
614 1 2781 422 40 23 drone
615 1 2773 426 40 23 drone
616 1 2765 427 40 23 drone
617 1 2757 429 40 23 drone
618 1 2749 431 40 23 drone
619 1 2741 433 40 23 drone
620 1 2734 436 40 23 drone
621 1 2727 436 40 23 drone
622 1 2720 436 40 23 drone
623 1 2713 437 40 23 drone
624 1 2707 437 40 23 drone
625 1 2700 438 40 23 drone
626 1 2693 438 40 23 drone
627 1 2687 438 40 23 drone
628 1 2680 439 40 23 drone
629 1 2673 439 40 23 drone
630 1 2667 440 40 23 drone
631 1 2661 440 40 23 drone
632 1 2655 441 40 23 drone
633 1 2649 442 40 23 drone
634 1 2643 443 40 23 drone
635 1 2638 444 40 23 drone
636 1 2632 444 40 23 drone
637 1 2626 445 40 23 drone
638 1 2620 446 40 23 drone
639 1 2614 447 40 23 drone
640 1 2609 448 40 23 drone
641 1 2605 450 40 23 drone
642 1 2602 453 40 23 drone
643 1 2597 454 40 23 drone
644 1 2594 455 40 23 drone
645 1 2589 458 40 23 drone
646 1 2585 459 40 23 drone
647 1 2581 464 40 23 drone
648 1 2579 467 40 23 drone
649 1 2577 472 40 23 drone
650 1 2575 476 40 23 drone
651 1 2573 481 40 23 drone
652 1 2572 485 40 23 drone
653 1 2570 492 40 23 drone
654 1 2568 493 40 23 drone
655 1 2567 500 40 23 drone
656 1 2566 506 40 23 drone
657 1 2564 513 40 23 drone
658 1 2563 518 40 23 drone
659 1 2561 524 40 23 drone
660 1 2560 529 40 23 drone
661 1 2559 535 40 23 drone
662 1 2559 540 40 23 drone
663 1 2559 545 40 23 drone
664 1 2559 550 40 23 drone
665 1 2559 555 40 23 drone
666 1 2558 563 40 23 drone
667 1 2557 567 40 23 drone
668 1 2558 570 40 23 drone
669 1 2558 576 40 23 drone
670 1 2558 581 40 23 drone
671 1 2556 584 40 23 drone
672 1 2556 588 40 23 drone
673 1 2555 590 40 23 drone
674 1 2555 593 40 23 drone
675 1 2554 595 40 23 drone
676 1 2553 598 40 23 drone
677 1 2552 599 40 23 drone
678 1 2551 602 40 23 drone
679 1 2551 603 40 23 drone
680 1 2551 606 40 23 drone
681 1 2549 606 40 22 drone
682 1 2545 608 41 22 drone
683 1 2545 608 41 21 drone
684 1 2543 612 42 21 drone
685 1 2542 613 42 21 drone
686 1 2538 612 43 20 drone
687 1 2538 612 43 20 drone
688 1 2536 616 44 19 drone
689 1 2534 614 44 19 drone
690 1 2533 615 45 19 drone
691 1 2530 613 44 19 drone
692 1 2528 612 44 19 drone
693 1 2525 611 44 19 drone
694 1 2523 610 44 19 drone
695 1 2523 611 44 19 drone
696 1 2520 610 44 19 drone
697 1 2516 606 44 19 drone
698 1 2514 608 44 19 drone
699 1 2511 604 44 19 drone
700 1 2509 603 44 20 drone
701 1 2505 600 44 19 drone
702 1 2501 597 44 19 drone
703 1 2498 594 44 19 drone
704 1 2494 591 44 19 drone
705 1 2492 590 44 19 drone
706 1 2487 585 44 19 drone
707 1 2483 582 44 19 drone
708 1 2480 579 44 19 drone
709 1 2476 576 44 19 drone
710 1 2473 574 45 19 drone
711 1 2468 569 45 19 drone
712 1 2463 565 45 19 drone
713 1 2458 561 45 19 drone
714 1 2454 556 45 20 drone
715 1 2449 552 46 20 drone
716 1 2444 548 46 20 drone
717 1 2440 543 46 21 drone
718 1 2435 539 46 21 drone
719 1 2430 535 46 21 drone
720 1 2426 531 47 22 drone
721 1 2418 524 47 22 drone
722 1 2411 517 47 22 drone
723 1 2404 511 47 22 drone
724 1 2397 504 47 22 drone
725 1 2390 498 47 22 drone
726 1 2383 491 47 22 drone
727 1 2376 484 47 22 drone
728 1 2369 478 47 22 drone
729 1 2362 471 47 22 drone
730 1 2355 465 47 22 drone
731 1 2348 457 46 23 drone
732 1 2342 449 46 25 drone
733 1 2335 441 46 26 drone
734 1 2329 433 45 28 drone
735 1 2322 425 45 30 drone
736 1 2316 417 45 31 drone
737 1 2309 409 44 33 drone
738 1 2303 401 44 34 drone
739 1 2296 393 44 36 drone
740 1 2290 386 44 38 drone
741 1 2285 381 44 38 drone
742 1 2280 376 44 38 drone
743 1 2272 368 44 38 drone
744 1 2267 363 44 38 drone
745 1 2263 359 44 38 drone
746 1 2259 352 44 38 drone
747 1 2251 347 44 38 drone
748 1 2249 343 44 38 drone
749 1 2245 340 44 38 drone
750 1 2244 335 44 38 drone
751 1 2241 332 44 38 drone
752 1 2236 329 44 38 drone
753 1 2235 324 44 38 drone
754 1 2231 322 44 38 drone
755 1 2233 319 44 38 drone
756 1 2230 316 44 38 drone
757 1 2228 317 44 38 drone
758 1 2228 313 44 38 drone
759 1 2225 308 44 38 drone
760 1 2225 308 44 38 drone
761 1 2224 309 44 37 drone
762 1 2223 310 45 36 drone
763 1 2225 306 46 36 drone
764 1 2224 305 46 35 drone
765 1 2223 304 47 35 drone
766 1 2222 303 48 34 drone
767 1 2221 302 48 33 drone
768 1 2220 301 49 33 drone
769 1 2219 300 50 32 drone
770 1 2219 299 51 32 drone
771 1 2219 298 51 32 drone
772 1 2219 298 51 32 drone
773 1 2219 297 51 32 drone
774 1 2219 297 51 32 drone
775 1 2219 296 51 32 drone
776 1 2219 296 51 32 drone
777 1 2219 295 51 32 drone
778 1 2219 295 51 32 drone
779 1 2219 294 51 32 drone
780 1 2220 294 51 32 drone
781 1 2220 295 51 31 drone
782 1 2220 296 51 31 drone
783 1 2220 297 51 31 drone
784 1 2221 298 51 31 drone
785 1 2221 299 51 31 drone
786 1 2221 300 51 30 drone
787 1 2222 301 51 30 drone
788 1 2222 302 51 30 drone
789 1 2222 303 51 30 drone
790 1 2223 304 51 30 drone
791 1 2223 305 51 29 drone
792 1 2223 306 51 29 drone
793 1 2223 307 51 29 drone
794 1 2223 308 51 29 drone
795 1 2224 310 51 29 drone
796 1 2224 311 51 29 drone
797 1 2224 312 51 29 drone
798 1 2224 313 51 29 drone
799 1 2224 314 51 29 drone
800 1 2225 316 51 29 drone
801 1 2225 316 51 29 drone
802 1 2225 317 51 29 drone
803 1 2225 317 51 29 drone
804 1 2226 318 51 30 drone
805 1 2226 318 51 30 drone
806 1 2226 319 51 30 drone
807 1 2227 319 51 31 drone
808 1 2227 320 51 31 drone
809 1 2227 320 51 31 drone
810 1 2228 321 51 32 drone
811 1 2228 321 51 32 drone
812 1 2228 322 51 32 drone
813 1 2228 322 51 32 drone
814 1 2229 323 51 32 drone
815 1 2229 323 51 32 drone
816 1 2229 324 51 32 drone
817 1 2230 324 51 32 drone
818 1 2230 325 51 32 drone
819 1 2230 325 51 32 drone
820 1 2231 326 51 32 drone
821 1 2231 327 51 32 drone
822 1 2232 329 51 32 drone
823 1 2232 329 51 32 drone
824 1 2232 330 51 32 drone
825 1 2233 332 51 32 drone
826 1 2233 333 51 32 drone
827 1 2233 334 51 32 drone
828 1 2234 335 51 32 drone
829 1 2234 336 51 32 drone
830 1 2235 338 51 32 drone
831 1 2235 341 51 32 drone
832 1 2235 344 51 32 drone
833 1 2235 347 51 32 drone
834 1 2235 350 51 32 drone
835 1 2236 354 51 32 drone
836 1 2236 357 51 32 drone
837 1 2236 360 51 32 drone
838 1 2236 363 51 32 drone
839 1 2236 366 51 32 drone
840 1 2237 370 51 32 drone
841 1 2238 371 51 32 drone
842 1 2237 372 51 32 drone
843 1 2237 374 51 32 drone
844 1 2238 375 51 32 drone
845 1 2238 377 51 32 drone
846 1 2238 378 51 32 drone
847 1 2239 379 51 32 drone
848 1 2239 381 51 32 drone
849 1 2239 381 51 32 drone
850 1 2240 384 51 32 drone
851 1 2240 385 51 32 drone
852 1 2240 390 51 32 drone
853 1 2240 393 51 32 drone
854 1 2241 398 51 32 drone
855 1 2240 404 51 32 drone
856 1 2241 409 51 32 drone
857 1 2242 414 51 32 drone
858 1 2241 421 51 32 drone
859 1 2242 428 51 32 drone
860 1 2241 436 51 32 drone
861 1 2243 444 51 32 drone
862 1 2243 453 51 32 drone
863 1 2242 463 51 32 drone
864 1 2243 471 51 32 drone
865 1 2243 480 51 32 drone
866 1 2244 487 51 32 drone
867 1 2245 494 51 32 drone
868 1 2245 503 51 32 drone
869 1 2245 507 51 32 drone
870 1 2246 513 51 32 drone
871 1 2246 515 51 32 drone
872 1 2246 519 51 32 drone
873 1 2246 524 51 32 drone
874 1 2247 527 51 32 drone
875 1 2246 529 51 32 drone
876 1 2247 531 51 32 drone
877 1 2249 532 51 32 drone
878 1 2248 533 51 32 drone
879 1 2248 533 51 32 drone
880 1 2249 533 51 32 drone
881 1 2248 527 51 32 drone
882 1 2248 527 51 32 drone
883 1 2247 523 51 32 drone
884 1 2247 518 51 32 drone
885 1 2247 512 51 32 drone
886 1 2246 507 51 32 drone
887 1 2247 500 51 32 drone
888 1 2245 492 51 32 drone
889 1 2245 484 51 32 drone
890 1 2245 475 51 32 drone
891 1 2243 462 51 32 drone
892 1 2242 449 51 32 drone
893 1 2241 442 51 32 drone
894 1 2240 428 51 32 drone
895 1 2237 416 51 32 drone
896 1 2236 402 51 32 drone
897 1 2235 388 51 32 drone
898 1 2234 374 51 32 drone
899 1 2231 360 51 32 drone
900 1 2230 346 51 32 drone
901 1 2228 331 51 32 drone
902 1 2228 316 51 32 drone
903 1 2225 301 51 32 drone
904 1 2224 287 51 32 drone
905 1 2223 272 51 32 drone
906 1 2221 257 51 32 drone
907 1 2220 243 51 32 drone
908 1 2218 228 51 32 drone
909 1 2217 213 51 32 drone
910 1 2216 199 51 32 drone
911 1 2217 183 51 32 drone
912 1 2215 168 51 32 drone
913 1 2215 153 51 32 drone
914 1 2215 138 51 32 drone
915 1 2217 123 51 32 drone
916 1 2220 108 51 32 drone
917 1 2223 92 51 32 drone
918 1 2226 77 51 32 drone
919 1 2230 62 51 32 drone
920 1 2234 45 51 32 drone
921 1 2242 31 45 30 drone
922 1 2247 13 46 33 drone
923 1 2255 -1 43 35 drone
924 1 2262 -1 39 19 drone
925 1 2260 -3 40 25 drone
926 1 2261 -1 39 19 drone
927 0
