0 1 380 0 41 45 drone
1 1 384 0 41 45 drone
2 1 390 1 41 45 drone
3 1 395 0 41 45 drone
4 1 400 1 43 47 drone
5 1 405 1 43 47 drone
6 1 408 0 43 47 drone
7 1 416 1 41 45 drone
8 1 420 2 41 45 drone
9 1 425 2 41 45 drone
10 1 430 2 41 45 drone
11 1 434 3 41 45 drone
12 1 435 4 40 44 drone
13 1 434 5 40 44 drone
14 1 433 6 39 43 drone
15 1 433 8 38 42 drone
16 1 433 10 37 41 drone
17 1 425 12 40 40 drone
18 1 420 13 39 39 drone
19 1 416 14 39 39 drone
20 1 412 15 38 38 drone
21 1 408 17 37 37 drone
22 1 403 17 39 39 drone
23 1 398 18 38 38 drone
24 1 393 18 38 38 drone
25 1 387 19 39 39 drone
26 1 382 20 38 38 drone
27 1 377 20 38 38 drone
28 1 373 21 37 37 drone
29 1 361 29 43 30 drone
30 1 356 29 43 30 drone
31 1 350 30 43 30 drone
32 1 345 30 43 30 drone
33 1 340 30 42 30 drone
34 1 334 31 42 30 drone
35 1 328 31 43 30 drone
36 1 323 31 43 30 drone
37 1 319 31 44 31 drone
38 1 316 32 44 31 drone
39 1 313 32 45 31 drone
40 1 311 32 45 31 drone
41 1 310 32 45 32 drone
42 1 311 32 46 32 drone
43 1 314 33 45 32 drone
44 1 319 33 45 31 drone
45 1 322 34 45 31 drone
46 1 325 34 45 31 drone
47 1 328 34 46 32 drone
48 1 331 35 45 32 drone
49 1 335 35 45 32 drone
50 1 337 36 45 32 drone
51 1 340 37 45 32 drone
52 1 342 37 46 32 drone
53 1 345 38 45 32 drone
54 1 348 39 45 32 drone
55 1 350 40 45 32 drone
56 1 353 41 45 32 drone
57 1 355 42 46 32 drone
58 1 357 43 46 32 drone
59 1 359 43 47 33 drone
60 1 362 44 47 33 drone
61 1 364 45 47 33 drone
62 1 367 46 46 32 drone
63 1 369 47 46 32 drone
64 1 371 47 46 32 drone
65 1 374 48 46 32 drone
66 1 376 49 46 32 drone
67 1 378 49 46 32 drone
68 1 380 50 46 32 drone
69 1 382 50 45 32 drone
70 1 384 51 46 32 drone
71 1 386 51 46 32 drone
72 1 388 51 45 32 drone
73 1 390 51 46 32 drone
74 1 393 51 45 32 drone
75 1 395 51 45 31 drone
76 1 397 52 45 31 drone
77 1 399 51 45 31 drone
78 1 402 51 44 31 drone
79 1 404 51 44 31 drone
80 1 406 51 44 31 drone
81 1 409 51 44 31 drone
82 1 411 50 44 31 drone
83 1 414 50 44 30 drone
84 1 416 49 44 30 drone
85 1 418 49 44 31 drone
86 1 420 48 45 31 drone
87 1 427 40 40 36 drone
88 1 429 39 40 36 drone
89 1 432 39 40 36 drone
90 1 435 38 41 37 drone
91 1 439 38 41 36 drone
92 1 442 37 41 37 drone
93 1 444 36 42 37 drone
94 1 448 36 41 37 drone
95 1 450 35 43 38 drone
96 1 455 35 41 37 drone
97 1 458 34 41 37 drone
98 1 462 34 41 37 drone
99 1 465 33 41 37 drone
100 1 470 34 40 36 drone
101 1 474 35 39 35 drone
102 1 479 35 39 35 drone
103 1 483 35 39 35 drone
104 1 488 34 39 35 drone
105 1 493 35 38 34 drone
106 1 497 35 38 34 drone
107 1 499 36 37 34 drone
108 1 499 36 37 34 drone
109 1 499 37 36 33 drone
110 1 499 38 36 33 drone
111 1 499 39 36 33 drone
112 1 499 40 36 33 drone
113 1 499 41 36 33 drone
114 1 499 42 36 33 drone
115 1 501 36 34 53 drone
116 1 501 37 34 53 drone
117 1 501 39 34 53 drone
118 1 501 40 34 53 drone
119 1 501 42 34 53 drone
120 1 502 43 34 53 drone
121 1 502 45 34 53 drone
122 1 502 47 34 52 drone
123 1 502 49 34 52 drone
124 1 503 51 34 52 drone
125 1 503 55 33 52 drone
126 1 503 57 33 52 drone
127 1 502 60 32 51 drone
128 1 497 64 32 50 drone
129 1 493 70 32 49 drone
130 1 489 77 31 49 drone
131 1 484 84 31 49 drone
132 1 480 92 31 48 drone
133 1 475 99 31 48 drone
134 1 470 105 30 47 drone
135 1 464 111 31 48 drone
136 1 459 117 30 47 drone
137 1 447 123 36 49 drone
138 1 441 128 36 49 drone
139 1 435 132 36 49 drone
140 1 429 136 36 50 drone
141 1 423 139 37 50 drone
142 1 417 142 37 50 drone
143 1 410 145 37 50 drone
144 1 404 148 37 51 drone
145 1 397 150 37 51 drone
146 1 391 153 37 51 drone
147 1 385 155 37 51 drone
148 1 378 158 37 51 drone
149 1 372 160 37 51 drone
150 1 365 162 37 50 drone
151 1 358 164 37 50 drone
152 1 354 167 37 50 drone
153 1 350 169 36 49 drone
154 1 346 171 36 49 drone
155 1 344 173 35 48 drone
156 1 341 175 35 47 drone
157 1 340 177 34 47 drone
158 1 339 179 34 46 drone
159 1 334 190 42 30 drone
160 1 333 192 42 30 drone
161 1 331 193 42 30 drone
162 1 330 195 41 29 drone
163 1 329 196 42 30 drone
164 1 328 197 42 30 drone
165 1 326 199 41 30 drone
166 1 325 200 42 30 drone
167 1 323 200 42 30 drone
168 1 322 202 42 30 drone
169 1 320 203 42 30 drone
170 1 319 203 42 30 drone
171 1 317 204 42 30 drone
172 1 316 205 41 30 drone
173 1 314 205 41 29 drone
174 1 312 206 41 29 drone
175 1 311 206 41 29 drone
176 1 310 207 40 29 drone
177 1 308 207 40 28 drone
178 1 306 207 40 28 drone
179 1 301 206 42 24 drone
180 1 299 206 42 24 drone
181 1 296 205 42 24 drone
182 1 294 204 42 24 drone
183 1 292 204 42 24 drone
184 1 290 203 42 24 drone
185 1 288 203 42 24 drone
186 1 286 202 41 24 drone
187 1 283 201 41 24 drone
188 1 280 199 42 24 drone
189 1 276 197 43 25 drone
190 1 277 196 41 23 drone
191 1 274 194 41 23 drone
192 1 272 193 41 23 drone
193 1 269 191 41 23 drone
194 1 267 189 41 23 drone
195 1 264 187 41 23 drone
196 1 262 184 41 24 drone
197 1 260 182 41 23 drone
198 1 259 173 40 37 drone
199 1 257 171 40 37 drone
200 1 254 168 41 38 drone
201 1 252 165 41 38 drone
202 1 251 163 41 38 drone
203 1 249 160 41 38 drone
204 1 247 158 40 37 drone
205 1 246 156 40 37 drone
206 1 244 154 40 37 drone
207 1 241 152 41 38 drone
208 1 240 150 41 38 drone
209 1 238 148 40 37 drone
210 1 236 146 41 38 drone
211 1 235 144 41 38 drone
212 1 233 142 41 38 drone
213 1 231 140 41 38 drone
214 1 229 139 41 38 drone
215 1 228 137 41 38 drone
216 1 226 136 41 38 drone
217 1 224 134 41 38 drone
218 1 223 133 40 37 drone
219 1 221 132 40 37 drone
220 1 219 128 43 46 drone
221 1 218 127 43 46 drone
222 1 219 126 43 46 drone
223 1 223 125 43 46 drone
224 1 226 124 43 46 drone
225 1 228 124 43 46 drone
226 1 231 123 43 46 drone
227 1 233 122 43 46 drone
228 1 235 122 43 46 drone
229 1 237 122 43 46 drone
230 1 239 122 43 46 drone
231 1 242 123 42 45 drone
232 1 242 120 44 47 drone
233 1 246 123 41 44 drone
234 1 247 120 44 47 drone
235 1 251 125 39 42 drone
236 1 253 125 39 42 drone
237 1 255 125 39 41 drone
238 1 257 126 38 41 drone
239 1 259 126 38 40 drone
240 1 260 127 38 40 drone
241 1 262 126 38 41 drone
242 1 264 128 37 40 drone
243 1 265 128 38 40 drone
244 1 266 129 36 39 drone
245 1 267 129 37 40 drone
246 1 269 131 42 34 drone
247 1 270 132 42 34 drone
248 1 271 132 42 34 drone
249 1 272 133 41 33 drone
250 1 273 134 41 33 drone
251 1 274 135 41 33 drone
252 1 274 135 41 33 drone
253 1 275 136 42 34 drone
254 1 277 138 41 33 drone
255 1 277 139 41 33 drone
256 1 277 138 43 35 drone
257 1 278 140 43 35 drone
258 1 279 141 42 34 drone
259 1 280 143 42 34 drone
260 1 276 151 46 25 drone
261 1 277 152 46 25 drone
262 1 277 154 46 25 drone
263 1 278 155 46 25 drone
264 1 279 157 46 25 drone
265 1 280 159 46 25 drone
266 1 280 160 46 25 drone
267 1 282 162 46 25 drone
268 1 282 163 46 25 drone
269 1 283 165 46 25 drone
270 1 285 167 45 25 drone
271 1 286 168 46 25 drone
272 1 287 170 46 25 drone
273 1 288 171 46 25 drone
274 1 290 172 46 25 drone
275 1 291 174 46 25 drone
276 1 292 175 46 25 drone
277 1 294 176 46 25 drone
278 1 296 177 46 25 drone
279 1 297 178 47 25 drone
280 1 299 179 47 25 drone
281 1 302 180 47 25 drone
282 1 303 181 48 26 drone
283 1 306 181 48 26 drone
284 1 309 182 48 26 drone
285 1 311 182 48 26 drone
286 1 314 183 48 26 drone
287 1 317 183 48 26 drone
288 1 320 183 48 26 drone
289 1 323 183 48 26 drone
290 1 327 184 48 26 drone
291 1 331 183 48 26 drone
292 1 335 183 48 26 drone
293 1 339 183 48 26 drone
294 1 343 182 48 26 drone
295 1 347 181 48 26 drone
296 1 351 181 48 26 drone
297 1 356 180 48 26 drone
298 1 360 179 48 26 drone
299 1 365 178 48 26 drone
300 1 369 177 48 26 drone
301 1 374 175 48 26 drone
302 1 378 174 48 26 drone
303 1 383 172 48 26 drone
304 1 388 171 48 26 drone
305 1 392 170 48 26 drone
306 1 397 168 47 26 drone
307 1 401 167 47 26 drone
308 1 405 165 47 26 drone
309 1 408 164 47 26 drone
310 1 411 162 48 26 drone
311 1 415 160 47 26 drone
312 1 418 158 48 26 drone
313 1 421 156 48 26 drone
314 1 424 154 47 26 drone
315 1 427 152 47 26 drone
316 1 429 150 47 26 drone
317 1 427 147 47 26 drone
318 1 424 144 47 26 drone
319 1 421 142 48 26 drone
320 1 419 139 48 26 drone
321 1 416 136 47 26 drone
322 1 410 134 47 26 drone
323 1 407 125 40 35 drone
324 1 401 122 40 35 drone
325 1 395 118 40 35 drone
326 1 389 114 41 35 drone
327 1 382 110 41 36 drone
328 1 377 107 41 36 drone
329 1 371 103 41 36 drone
330 1 364 99 41 36 drone
331 1 359 95 40 35 drone
332 1 353 91 40 35 drone
333 1 348 86 40 35 drone
334 1 343 82 39 34 drone
335 1 338 79 37 33 drone
336 1 333 74 37 33 drone
337 1 331 69 37 32 drone
338 1 328 64 36 31 drone
339 1 326 59 36 32 drone
340 1 325 54 36 31 drone
341 1 324 48 36 31 drone
342 1 323 43 37 32 drone
343 1 323 37 36 32 drone
344 1 323 30 38 33 drone
345 1 323 24 37 32 drone
346 1 328 11 32 40 drone
347 1 329 5 31 39 drone
348 1 330 0 31 39 drone
349 1 332 -5 30 37 drone
350 1 334 -10 28 35 drone
351 0
352 0
353 0
354 0
355 0
356 0
357 0
358 0
359 0
360 0
361 0
362 0
363 0
364 0
365 0
366 1 422 1 19 33 drone
367 1 429 2 19 39 drone
368 1 437 7 19 39 drone
369 1 444 8 20 42 drone
370 1 452 11 20 42 drone
371 1 460 14 20 43 drone
372 1 464 17 20 43 drone
373 1 467 19 20 43 drone
374 1 470 20 20 43 drone
375 1 474 20 21 44 drone
376 1 479 22 20 43 drone
377 1 481 28 20 42 drone
378 1 482 38 20 42 drone
379 1 483 46 20 41 drone
380 1 485 52 20 42 drone
381 1 486 59 20 41 drone
382 1 481 68 37 36 drone
383 1 483 75 37 36 drone
384 1 484 82 38 37 drone
385 1 487 89 38 37 drone
386 1 489 94 38 37 drone
387 1 491 88 38 37 drone
388 1 493 84 38 37 drone
389 1 494 77 41 39 drone
390 1 499 74 37 36 drone
391 1 499 66 41 40 drone
392 1 503 61 40 39 drone
393 1 506 57 40 39 drone
394 1 510 53 40 39 drone
395 1 514 50 39 38 drone
396 1 517 45 41 40 drone
397 1 521 41 41 40 drone
398 1 525 38 41 40 drone
399 1 528 38 40 37 drone
400 1 533 36 40 37 drone
401 1 538 36 38 35 drone
402 1 543 45 39 36 drone
403 1 549 66 40 37 drone
404 1 555 86 39 36 drone
405 1 561 99 39 36 drone
406 1 567 106 38 35 drone
407 1 572 105 37 34 drone
408 1 578 104 36 34 drone
409 1 584 103 36 33 drone
410 1 589 101 36 33 drone
411 1 595 99 36 33 drone
412 1 599 97 36 34 drone
413 1 605 95 37 34 drone
414 1 610 94 37 34 drone
415 1 615 91 38 35 drone
416 1 619 91 38 35 drone
417 1 617 89 38 35 drone
418 1 612 88 39 36 drone
419 1 604 87 39 36 drone
420 1 595 86 39 36 drone
421 1 581 89 42 30 drone
422 1 560 89 43 30 drone
423 1 533 90 43 31 drone
424 1 506 90 44 31 drone
425 1 483 91 44 31 drone
426 1 461 91 46 33 drone
427 1 439 93 47 34 drone
428 1 416 96 47 34 drone
429 1 391 100 48 34 drone
430 1 365 104 47 34 drone
431 1 339 108 47 34 drone
432 1 313 113 46 33 drone
433 1 285 117 45 32 drone
434 1 256 120 45 32 drone
435 1 224 122 46 33 drone
436 1 199 115 40 43 drone
437 1 168 117 40 43 drone
438 1 139 119 40 43 drone
439 1 111 120 40 43 drone
440 1 85 122 40 43 drone
441 1 63 123 40 43 drone
442 1 46 123 42 45 drone
443 1 35 124 42 46 drone
444 1 25 125 42 45 drone
445 1 14 127 41 44 drone
446 1 4 128 40 43 drone
447 1 11 128 39 42 drone
448 1 22 128 38 40 drone
449 1 26 128 37 39 drone
450 1 33 128 36 38 drone
451 1 41 126 35 38 drone
452 1 47 125 35 38 drone
453 1 54 124 34 37 drone
454 1 62 124 33 35 drone
455 1 68 123 32 35 drone
456 1 75 122 32 35 drone
457 1 82 122 31 33 drone
458 1 88 119 32 34 drone
459 1 95 117 32 34 drone
460 1 96 115 42 34 drone
461 1 103 113 41 34 drone
462 1 111 111 42 34 drone
463 1 117 109 42 34 drone
464 1 125 106 43 35 drone
465 1 132 103 44 35 drone
466 1 139 99 45 36 drone
467 1 146 96 46 37 drone
468 1 154 92 46 38 drone
469 1 161 89 47 38 drone
470 1 169 86 48 39 drone
471 1 177 82 48 39 drone
472 1 185 79 49 40 drone
473 1 194 75 50 40 drone
474 1 203 71 50 40 drone
475 1 212 68 50 41 drone
476 1 221 64 50 41 drone
477 1 230 61 50 41 drone
478 1 240 58 50 41 drone
479 1 250 55 50 41 drone
480 1 260 51 51 41 drone
481 1 270 48 50 41 drone
482 1 281 44 51 41 drone
483 1 291 41 51 41 drone
484 1 302 38 51 41 drone
485 1 313 35 51 41 drone
486 1 324 32 50 41 drone
487 1 336 29 50 41 drone
488 1 347 25 50 41 drone
489 1 359 22 50 41 drone
490 1 370 19 50 41 drone
491 1 382 16 50 41 drone
492 1 384 18 59 30 drone
493 1 396 15 59 30 drone
494 1 407 12 59 30 drone
495 1 418 9 60 30 drone
496 1 426 6 60 31 drone
497 1 428 4 56 37 drone
498 1 419 2 56 37 drone
499 1 410 1 56 37 drone
500 1 406 -1 56 37 drone
501 1 406 -3 56 37 drone
502 1 405 -5 56 37 drone
503 1 403 -8 57 37 drone
504 1 401 -10 56 37 drone
505 1 398 -13 57 37 drone
506 1 396 -15 57 38 drone
507 1 394 -16 57 38 drone
508 0
509 0
510 0
511 0
512 0
513 0
514 0
515 0
516 0
517 0
518 0
519 0
520 0
521 0
522 0
523 0
524 0
525 1 393 0 65 24 drone
526 1 407 21 58 27 drone
527 1 418 36 58 27 drone
528 1 428 47 58 27 drone
529 1 438 60 59 27 drone
530 1 452 72 55 32 drone
531 1 462 84 55 32 drone
532 1 472 94 56 32 drone
533 1 482 105 56 32 drone
534 1 493 118 55 32 drone
535 1 504 130 55 32 drone
536 1 513 139 55 32 drone
537 1 523 144 55 32 drone
538 1 533 148 55 32 drone
539 1 543 154 55 32 drone
540 1 553 160 56 32 drone
541 1 564 165 55 32 drone
542 1 574 171 55 32 drone
543 1 584 178 55 32 drone
544 1 594 185 56 32 drone
545 1 604 191 56 33 drone
546 1 614 198 56 32 drone
547 1 624 205 56 33 drone
548 1 634 213 56 32 drone
549 1 645 221 55 32 drone
550 1 655 229 56 33 drone
551 1 664 237 56 33 drone
552 0
553 0
554 0
555 0
556 0
557 0
558 0
559 1 664 286 45 32 drone
560 1 657 294 55 32 drone
561 1 649 303 55 32 drone
562 1 631 314 54 32 drone
563 1 608 327 54 31 drone
564 1 586 340 54 31 drone
565 1 570 354 54 31 drone
566 1 560 368 54 31 drone
567 1 551 381 54 31 drone
568 1 542 395 53 31 drone
569 1 533 409 53 31 drone
570 1 524 425 52 30 drone
571 1 516 440 52 30 drone
572 1 508 457 52 30 drone
573 1 500 473 52 30 drone
574 1 490 490 52 30 drone
575 1 481 507 52 30 drone
576 1 472 523 52 30 drone
577 1 463 539 52 30 drone
578 1 451 556 53 19 drone
579 0
580 0
581 0
582 0
583 0
584 0
585 0
586 0
587 0
588 0
589 0
590 0
591 0
592 0
593 0
594 0
595 0
596 0
597 0
598 0
599 0
600 0
601 0
602 0
603 0
604 0
605 0
606 0
607 0
608 0
609 0
610 0
611 0
612 0
613 0
614 0
615 0
616 0
617 0
618 0
619 0
620 0
621 0
622 0
623 1 396 555 50 23 drone
624 1 401 544 50 29 drone
625 1 404 533 50 29 drone
626 1 406 522 50 29 drone
627 1 408 511 50 29 drone
628 1 410 499 51 30 drone
629 1 413 488 50 29 drone
630 1 416 477 50 29 drone
631 1 420 466 49 28 drone
632 1 426 451 48 28 drone
633 1 425 425 55 39 drone
634 1 430 409 55 39 drone
635 1 435 393 55 39 drone
636 1 445 368 49 47 drone
637 1 450 352 48 46 drone
638 1 455 335 48 46 drone
639 1 460 318 48 46 drone
640 1 465 302 47 45 drone
641 1 469 282 46 44 drone
642 1 474 257 45 43 drone
643 1 479 232 43 41 drone
644 1 483 208 42 40 drone
645 1 487 187 42 40 drone
646 1 491 167 41 40 drone
647 1 495 153 41 40 drone
648 1 499 137 43 46 drone
649 1 503 125 43 46 drone
650 1 506 112 44 47 drone
651 1 510 103 43 46 drone
652 1 514 99 43 46 drone
653 1 518 96 43 46 drone
654 1 521 92 44 47 drone
655 1 524 90 44 47 drone
656 1 528 89 43 47 drone
657 1 535 87 44 47 drone
658 1 541 85 43 46 drone
659 1 548 84 43 46 drone
660 1 554 83 43 46 drone
661 1 561 82 43 46 drone
662 1 567 81 43 46 drone
663 1 574 80 43 46 drone
664 1 580 79 42 45 drone
665 1 587 79 42 45 drone
666 1 593 79 43 46 drone
667 1 600 79 42 45 drone
668 1 607 79 36 51 drone
669 1 614 79 36 51 drone
670 1 620 80 36 51 drone
671 1 626 81 36 51 drone
672 1 631 88 36 51 drone
673 1 636 101 36 51 drone
674 1 641 118 36 51 drone
675 1 645 132 36 51 drone
676 1 648 147 36 51 drone
677 1 648 154 36 51 drone
678 1 647 158 36 50 drone
679 1 645 164 36 50 drone
680 1 644 171 36 50 drone
681 1 641 176 35 50 drone
682 1 633 182 35 49 drone
683 1 620 188 36 50 drone
684 1 608 195 35 49 drone
685 1 598 201 35 49 drone
686 1 589 208 34 49 drone
687 1 580 213 34 49 drone
688 1 571 219 34 48 drone
689 1 561 225 34 48 drone
690 1 550 232 34 48 drone
691 1 539 238 34 48 drone
692 1 524 245 34 48 drone
693 1 507 252 33 47 drone
694 1 489 260 32 46 drone
695 1 473 267 32 46 drone
696 1 457 274 32 45 drone
697 1 444 282 32 45 drone
698 1 432 289 32 45 drone
699 1 419 296 31 44 drone
700 1 405 304 31 44 drone
701 1 390 311 31 44 drone
702 1 375 319 31 44 drone
703 1 360 327 31 44 drone
704 1 345 334 31 44 drone
705 1 330 342 31 44 drone
706 1 316 350 31 44 drone
707 1 309 355 31 43 drone
708 1 308 359 31 44 drone
709 1 307 362 31 43 drone
710 1 304 366 30 42 drone
711 1 302 368 29 42 drone
712 1 306 371 29 41 drone
713 1 312 373 29 41 drone
714 1 317 375 29 41 drone
715 1 322 376 28 40 drone
716 1 327 378 28 40 drone
717 1 333 379 28 39 drone
718 1 338 381 28 39 drone
719 1 344 383 27 38 drone
720 1 349 384 27 38 drone
721 1 354 386 26 37 drone
722 1 360 387 26 37 drone
723 1 365 388 26 36 drone
724 1 370 390 25 36 drone
725 1 375 391 25 36 drone
726 1 380 393 25 36 drone
727 1 386 394 24 34 drone
728 1 391 396 24 34 drone
729 1 395 397 24 34 drone
730 1 400 399 23 33 drone
731 1 404 400 23 33 drone
732 1 406 401 24 34 drone
733 1 409 403 24 34 drone
734 1 410 404 25 35 drone
735 1 411 405 25 35 drone
736 1 412 408 23 32 drone
737 1 408 409 24 33 drone
738 1 403 411 23 32 drone
739 1 397 413 23 33 drone
740 1 394 416 22 31 drone
741 1 389 417 22 32 drone
742 1 385 419 22 32 drone
743 1 380 421 22 31 drone
744 1 376 422 22 31 drone
745 1 372 424 22 31 drone
746 1 368 427 21 30 drone
747 1 363 429 21 29 drone
748 1 359 430 21 30 drone
749 1 354 432 21 30 drone
750 1 349 432 22 30 drone
751 1 345 434 21 30 drone
752 1 340 435 22 31 drone
753 1 336 437 22 31 drone
754 1 327 435 26 35 drone
755 1 322 436 26 35 drone
756 1 318 438 26 35 drone
757 1 313 439 26 36 drone
758 1 308 440 27 36 drone
759 1 303 442 27 36 drone
760 1 298 443 27 36 drone
761 1 293 445 27 36 drone
762 1 288 446 27 37 drone
763 1 282 448 27 37 drone
764 1 277 449 27 36 drone
765 1 272 451 27 37 drone
766 1 266 452 27 36 drone
767 1 261 455 26 36 drone
768 1 255 456 27 36 drone
769 1 249 457 27 37 drone
770 1 243 458 27 37 drone
771 1 238 460 27 37 drone
772 1 232 461 27 37 drone
773 1 226 462 28 37 drone
774 1 220 464 28 37 drone
775 1 213 465 28 37 drone
776 1 206 466 28 38 drone
777 1 200 467 28 38 drone
778 1 193 468 28 38 drone
779 1 186 468 28 38 drone
780 1 179 466 28 38 drone
781 1 173 460 28 38 drone
782 1 165 449 29 39 drone
783 1 158 439 29 39 drone
784 1 151 430 29 39 drone
785 1 143 423 29 39 drone
786 1 137 415 29 39 drone
787 1 133 409 29 39 drone
788 1 130 402 29 39 drone
789 1 127 396 29 40 drone
790 1 122 390 29 40 drone
791 1 119 384 29 40 drone
792 1 118 380 29 40 drone
793 1 118 375 30 40 drone
794 1 117 370 29 40 drone
795 1 116 366 30 40 drone
796 1 115 362 29 40 drone
797 1 114 358 29 40 drone
798 1 113 354 30 40 drone
799 1 113 351 29 40 drone
800 1 112 347 29 40 drone
801 1 111 344 29 39 drone
802 1 110 341 29 39 drone
803 1 109 337 29 39 drone
804 1 108 334 29 39 drone
805 1 108 331 29 38 drone
806 1 107 328 28 38 drone
807 1 106 326 28 38 drone
808 1 105 323 28 37 drone
809 1 104 320 28 37 drone
810 1 103 318 27 37 drone
811 1 102 316 27 36 drone
812 1 101 316 27 36 drone
813 1 100 316 26 35 drone
814 1 99 317 26 35 drone
815 1 99 318 25 34 drone
816 1 98 319 25 33 drone
817 1 97 320 24 32 drone
818 1 96 321 24 32 drone
819 1 89 322 37 29 drone
820 1 88 323 36 28 drone
821 1 88 324 35 28 drone
822 1 87 325 33 26 drone
823 1 86 326 32 25 drone
824 1 86 327 30 24 drone
825 1 84 326 32 25 drone
826 1 84 327 30 24 drone
827 1 83 327 31 24 drone
828 1 81 327 31 24 drone
829 1 80 327 31 24 drone
830 1 79 327 31 24 drone
831 1 77 327 31 24 drone
832 1 76 326 31 24 drone
833 1 74 325 32 25 drone
834 1 73 324 37 30 drone
835 1 72 323 38 30 drone
836 1 71 323 37 30 drone
837 1 71 323 36 29 drone
838 1 70 322 37 30 drone
839 1 70 321 36 29 drone
840 1 70 318 37 30 drone
841 1 71 313 37 30 drone
842 1 73 306 36 29 drone
843 1 74 297 37 30 drone
844 1 76 290 37 30 drone
845 1 78 284 37 30 drone
846 1 80 279 37 30 drone
847 1 82 274 38 31 drone
848 1 84 270 38 31 drone
849 1 86 266 38 31 drone
850 1 88 262 38 31 drone
851 1 90 258 39 31 drone
852 1 94 255 39 31 drone
853 1 101 253 39 31 drone
854 1 107 250 39 31 drone
855 1 113 247 39 31 drone
856 1 118 245 38 31 drone
857 1 124 243 39 31 drone
858 1 130 241 39 31 drone
859 1 135 239 39 31 drone
860 1 141 237 39 31 drone
861 1 146 235 39 32 drone
862 1 151 232 39 32 drone
863 1 157 230 39 32 drone
864 1 162 228 39 32 drone
865 1 167 226 39 31 drone
866 1 173 224 39 31 drone
867 1 178 221 39 31 drone
868 1 183 219 39 31 drone
869 1 188 217 39 31 drone
870 1 193 214 39 31 drone
871 1 198 212 39 31 drone
872 1 203 210 39 31 drone
873 1 208 207 39 32 drone
874 1 213 204 39 32 drone
875 1 218 202 39 32 drone
876 1 223 200 39 31 drone
877 1 228 197 39 32 drone
878 1 233 195 39 31 drone
879 1 238 192 39 31 drone
880 1 243 190 39 31 drone
881 1 248 188 39 31 drone
882 1 253 185 38 31 drone
883 1 259 183 38 31 drone
884 1 264 181 38 31 drone
885 1 270 178 38 30 drone
886 1 275 176 38 30 drone
887 1 281 173 37 30 drone
888 1 286 171 37 30 drone
889 1 292 168 37 30 drone
890 1 298 166 36 29 drone
891 1 304 163 36 29 drone
892 1 310 161 36 29 drone
893 1 316 159 36 29 drone
894 1 323 156 36 29 drone
895 1 329 154 36 29 drone
896 1 335 151 35 29 drone
897 1 342 149 35 29 drone
898 1 349 147 35 28 drone
899 1 355 145 35 37 drone
900 1 362 143 35 37 drone
901 1 369 140 35 37 drone
902 1 373 138 35 37 drone
903 1 375 135 35 37 drone
904 1 378 133 35 37 drone
905 1 381 131 34 36 drone
906 1 384 129 34 36 drone
907 1 387 126 34 36 drone
908 1 389 124 34 36 drone
909 1 392 122 34 36 drone
910 1 396 119 34 36 drone
911 1 399 117 34 36 drone
912 1 402 117 34 36 drone
913 1 405 117 34 36 drone
914 1 408 117 34 36 drone
915 1 411 118 34 36 drone
916 1 414 119 34 36 drone
917 1 414 119 34 36 drone
918 1 414 120 34 36 drone
919 1 413 121 34 36 drone
920 1 413 122 34 36 drone
921 1 412 123 34 36 drone
922 1 410 124 34 36 drone
923 1 409 125 34 36 drone
924 1 408 126 35 37 drone
925 1 406 126 35 37 drone
926 1 405 128 35 37 drone
927 1 403 129 35 37 drone
928 1 401 130 35 37 drone
929 1 400 131 35 37 drone
930 1 398 132 34 35 drone
931 1 395 133 35 36 drone
932 1 394 135 33 35 drone
933 1 392 136 33 35 drone
934 1 389 137 33 35 drone
935 1 387 138 33 35 drone
936 1 385 139 33 35 drone
937 1 383 141 32 34 drone
938 1 380 140 35 37 drone
939 1 378 141 35 37 drone
940 1 375 143 35 37 drone
941 1 373 144 35 37 drone
942 1 370 145 35 37 drone
943 1 367 146 35 37 drone
944 1 364 147 35 37 drone
945 1 361 148 35 37 drone
946 1 358 150 35 37 drone
947 1 355 151 35 37 drone
948 1 352 152 35 37 drone
949 1 349 154 34 36 drone
950 1 346 155 34 36 drone
951 1 343 156 34 36 drone
952 1 340 157 34 36 drone
953 1 336 158 34 36 drone
954 1 333 160 34 36 drone
955 1 330 161 34 36 drone
956 1 326 162 34 36 drone
957 1 323 163 34 36 drone
958 1 319 164 34 36 drone
959 1 316 166 33 35 drone
960 1 313 167 33 35 drone
961 1 309 168 33 35 drone
962 1 305 169 33 35 drone
963 1 302 170 33 35 drone
964 1 298 171 33 35 drone
965 1 294 172 33 35 drone
966 1 290 174 33 35 drone
967 1 287 175 33 35 drone
968 1 283 176 33 35 drone
969 1 279 178 33 34 drone
970 1 275 179 32 34 drone
971 1 266 180 38 34 drone
972 1 263 181 38 34 drone
973 1 259 182 38 34 drone
974 1 256 184 38 34 drone
975 1 254 185 38 34 drone
976 1 253 186 37 33 drone
977 1 255 187 37 33 drone
978 1 257 188 37 33 drone
979 1 258 189 37 33 drone
980 1 260 190 38 34 drone
981 1 263 191 37 33 drone
982 1 269 192 37 33 drone
983 1 276 193 37 33 drone
984 1 283 193 37 33 drone
985 1 290 194 37 33 drone
986 1 297 195 37 33 drone
987 1 305 196 37 33 drone
988 1 312 197 37 33 drone
989 1 319 197 37 33 drone
990 1 326 198 37 33 drone
991 1 333 199 37 33 drone
992 1 340 199 37 33 drone
993 1 346 200 37 33 drone
994 1 353 201 38 34 drone
995 1 360 202 37 34 drone
996 1 366 203 38 34 drone
997 1 373 204 37 33 drone
998 1 378 204 38 34 drone
999 1 383 204 38 34 drone
1000 1 389 205 38 34 drone
1001 1 394 206 38 34 drone
1002 1 399 206 38 34 drone
1003 1 404 207 38 34 drone
1004 1 409 208 38 34 drone
1005 1 414 209 38 34 drone
1006 1 418 209 38 34 drone
1007 1 422 210 38 34 drone
1008 1 427 211 38 34 drone
1009 1 431 211 38 34 drone
1010 1 434 212 38 34 drone
1011 1 438 213 38 34 drone
1012 1 442 214 39 35 drone
1013 1 445 215 38 34 drone
1014 1 449 216 38 34 drone
1015 1 452 217 38 34 drone
1016 1 455 218 38 34 drone
1017 1 452 215 40 38 drone
1018 1 450 216 40 38 drone
1019 1 448 218 40 38 drone
1020 1 447 220 40 38 drone
1021 1 446 221 40 38 drone
1022 1 444 222 40 38 drone
1023 1 443 224 39 37 drone
1024 1 441 225 39 37 drone
1025 1 440 227 39 37 drone
1026 1 438 228 39 37 drone
1027 1 436 230 39 37 drone
1028 1 434 231 39 37 drone
1029 1 433 232 39 37 drone
1030 1 431 233 39 37 drone
1031 1 429 235 39 37 drone
1032 1 427 236 39 37 drone
1033 1 426 237 39 37 drone
1034 1 423 238 39 37 drone
1035 1 421 239 39 37 drone
1036 1 419 241 39 37 drone
1037 1 417 242 39 37 drone
1038 1 415 243 39 37 drone
1039 1 413 243 39 37 drone
1040 1 411 244 39 37 drone
1041 1 410 243 39 37 drone
1042 1 407 241 39 37 drone
1043 1 405 234 38 37 drone
1044 1 403 224 38 36 drone
1045 1 400 216 38 36 drone
1046 1 398 211 39 37 drone
1047 1 396 207 38 36 drone
1048 1 393 203 39 37 drone
1049 1 392 199 38 36 drone
1050 1 389 196 38 36 drone
1051 1 387 194 38 36 drone
1052 1 384 191 39 37 drone
1053 1 382 189 38 36 drone
1054 1 380 186 39 37 drone
1055 1 378 184 38 36 drone
1056 1 376 183 38 36 drone
1057 1 373 180 39 37 drone
1058 1 371 178 38 36 drone
1059 1 369 176 38 36 drone
1060 1 367 173 38 36 drone
1061 1 365 172 38 36 drone
1062 1 363 169 38 37 drone
1063 1 361 167 38 36 drone
1064 1 359 165 38 36 drone
1065 1 357 163 37 36 drone
1066 1 354 161 38 36 drone
1067 1 352 159 38 36 drone
1068 1 350 157 38 36 drone
1069 1 348 155 38 36 drone
1070 1 346 153 37 36 drone
1071 1 343 150 38 36 drone
1072 1 341 148 38 36 drone
1073 1 339 146 37 35 drone
1074 1 336 143 38 36 drone
1075 1 334 141 38 36 drone
1076 1 332 139 38 36 drone
1077 1 330 137 39 37 drone
1078 1 327 134 38 36 drone
1079 1 326 132 38 36 drone
1080 1 323 130 38 36 drone
1081 1 321 127 38 36 drone
1082 1 319 125 39 37 drone
1083 1 317 123 38 36 drone
1084 1 315 120 39 37 drone
1085 1 312 118 39 37 drone
1086 1 310 116 39 37 drone
1087 1 308 114 39 37 drone
1088 1 306 111 39 37 drone
1089 1 304 108 39 37 drone
1090 1 301 106 39 37 drone
1091 1 300 103 40 38 drone
1092 1 298 101 39 37 drone
1093 1 295 99 39 37 drone
1094 1 293 96 40 38 drone
1095 1 291 93 40 38 drone
1096 1 289 91 40 38 drone
1097 1 290 88 39 37 drone
1098 1 292 85 40 38 drone
1099 1 295 82 40 38 drone
1100 1 297 79 40 38 drone
1101 1 299 77 40 38 drone
1102 1 300 74 40 38 drone
1103 1 303 72 40 38 drone
1104 1 304 68 40 38 drone
1105 1 306 66 40 38 drone
1106 1 309 63 40 38 drone
1107 1 311 60 40 38 drone
1108 1 313 57 40 38 drone
1109 1 316 54 40 38 drone
1110 1 319 51 39 37 drone
1111 1 321 48 40 38 drone
1112 1 324 45 39 37 drone
1113 1 327 42 39 37 drone
1114 1 329 38 39 37 drone
1115 1 332 35 39 37 drone
1116 1 336 32 39 37 drone
1117 1 339 29 38 37 drone
1118 1 342 26 38 36 drone
1119 1 346 23 38 36 drone
1120 1 350 20 38 36 drone
1121 1 354 16 38 36 drone
1122 1 357 13 38 36 drone
1123 1 362 10 38 36 drone
1124 1 366 6 38 36 drone
1125 1 371 3 39 37 drone
1126 1 376 0 38 36 drone
1127 1 381 -4 39 37 drone
1128 1 386 -7 38 36 drone
1129 1 392 -10 38 36 drone
1130 1 397 -13 38 36 drone
1131 1 403 -17 38 36 drone
1132 1 409 -20 38 36 drone
1133 0
1134 0
1135 0
1136 0
1137 0
1138 0
1139 0
1140 0
1141 0
1142 0
1143 0
1144 0
1145 0
1146 0
1147 0
1148 0
1149 0
1150 0
1151 0
1152 0
1153 0
1154 0
1155 0
1156 0
1157 0
1158 0
1159 0
1160 0
1161 0
1162 0
1163 0
1164 0
1165 0
1166 0
1167 0
1168 0
1169 0
1170 0
1171 0
1172 0
1173 0
1174 0
1175 0
1176 0
1177 0
1178 0
1179 0
1180 0
1181 1 600 1 41 26 drone
1182 1 598 3 41 26 drone
1183 1 597 6 41 26 drone
1184 1 595 1 42 37 drone
1185 1 593 8 42 37 drone
1186 1 591 15 42 37 drone
1187 1 587 16 42 40 drone
1188 1 582 19 42 40 drone
1189 1 577 22 42 40 drone
1190 1 572 24 42 40 drone
1191 1 567 26 42 40 drone
1192 1 561 28 43 41 drone
1193 1 556 29 43 41 drone
1194 1 550 30 43 41 drone
1195 1 545 31 43 41 drone
1196 1 539 32 43 41 drone
1197 1 533 34 42 40 drone
1198 1 528 34 43 41 drone
1199 1 522 35 43 41 drone
1200 1 516 36 43 40 drone
1201 1 511 37 42 40 drone
1202 1 505 38 43 41 drone
1203 1 499 39 42 40 drone
1204 1 493 40 43 41 drone
1205 1 487 41 43 41 drone
1206 1 481 42 43 41 drone
1207 1 475 43 43 41 drone
1208 1 470 44 43 41 drone
1209 1 464 45 43 41 drone
1210 1 458 46 43 41 drone
1211 1 452 47 42 40 drone
1212 1 446 48 42 40 drone
1213 1 440 49 42 40 drone
1214 1 434 50 42 40 drone
1215 1 428 51 42 40 drone
1216 1 422 51 42 40 drone
1217 1 417 52 42 40 drone
1218 1 412 53 42 40 drone
1219 1 409 54 42 40 drone
1220 1 406 55 42 40 drone
1221 1 404 56 42 40 drone
1222 1 402 57 42 40 drone
1223 1 400 58 42 40 drone
1224 1 398 59 42 40 drone
1225 1 396 60 42 40 drone
1226 1 393 61 42 40 drone
1227 1 391 62 42 40 drone
1228 1 389 63 42 40 drone
1229 1 387 64 42 40 drone
1230 1 385 65 42 40 drone
1231 1 383 66 42 40 drone
1232 1 380 67 42 40 drone
1233 1 378 68 42 40 drone
1234 1 376 69 42 40 drone
1235 1 374 70 42 40 drone
1236 1 372 71 42 40 drone
1237 1 369 72 42 40 drone
1238 1 367 73 42 40 drone
1239 1 365 74 42 40 drone
1240 1 362 76 42 40 drone
1241 1 360 77 42 40 drone
1242 1 357 78 42 40 drone
1243 1 355 79 42 40 drone
1244 1 352 80 42 40 drone
1245 1 349 81 42 40 drone
1246 1 347 82 42 40 drone
1247 1 344 84 42 40 drone
1248 1 342 85 42 40 drone
1249 1 339 86 42 40 drone
1250 1 337 87 42 40 drone
1251 1 334 88 42 40 drone
1252 1 331 90 42 40 drone
1253 1 329 91 42 40 drone
1254 1 326 92 42 40 drone
1255 1 324 94 42 40 drone
1256 1 321 95 42 40 drone
1257 1 318 96 42 40 drone
1258 1 316 98 42 40 drone
1259 1 313 99 42 40 drone
1260 1 310 101 42 40 drone
1261 1 308 102 42 40 drone
1262 1 305 104 42 40 drone
1263 1 302 105 41 39 drone
1264 1 299 107 42 40 drone
1265 1 297 108 42 40 drone
1266 1 294 110 41 39 drone
1267 1 292 111 41 39 drone
1268 1 289 113 41 39 drone
1269 1 286 114 41 39 drone
1270 1 284 116 41 39 drone
1271 1 281 117 41 39 drone
1272 1 278 119 41 39 drone
1273 1 276 120 40 39 drone
1274 1 273 122 41 39 drone
1275 1 271 124 41 39 drone
1276 1 268 125 41 39 drone
1277 1 265 126 41 39 drone
1278 1 263 128 40 39 drone
1279 1 261 130 41 39 drone
1280 1 258 131 40 38 drone
1281 1 256 133 40 38 drone
1282 1 253 134 41 39 drone
1283 1 251 136 41 39 drone
1284 1 248 138 41 39 drone
1285 1 247 140 39 38 drone
1286 1 244 141 41 39 drone
1287 1 242 143 41 39 drone
1288 1 240 145 41 39 drone
1289 1 238 147 40 38 drone
1290 1 235 148 41 39 drone
1291 1 233 150 41 39 drone
1292 1 231 152 41 39 drone
1293 1 229 154 41 39 drone
1294 1 228 156 41 39 drone
1295 1 226 158 41 39 drone
1296 1 224 160 40 38 drone
1297 1 222 161 40 38 drone
1298 1 221 164 40 38 drone
1299 1 219 166 39 38 drone
1300 1 218 168 39 37 drone
1301 1 216 169 39 37 drone
1302 1 214 171 39 37 drone
1303 1 213 173 39 38 drone
1304 1 211 175 39 37 drone
1305 1 210 177 39 37 drone
1306 1 209 178 39 37 drone
1307 1 211 180 39 37 drone
1308 1 215 181 40 38 drone
1309 1 220 183 39 38 drone
1310 1 224 184 40 38 drone
1311 1 228 186 40 38 drone
1312 1 232 187 40 38 drone
1313 1 237 189 40 38 drone
1314 1 241 190 40 38 drone
1315 1 246 192 40 38 drone
1316 1 251 193 40 38 drone
1317 1 255 194 40 38 drone
1318 1 261 195 40 39 drone
1319 1 266 196 40 38 drone
1320 1 271 197 40 38 drone
1321 1 277 198 41 39 drone
1322 1 283 200 41 39 drone
1323 1 289 201 41 39 drone
1324 1 294 202 41 39 drone
1325 1 300 203 41 39 drone
1326 1 306 205 41 39 drone
1327 1 311 206 41 39 drone
1328 1 317 207 41 39 drone
1329 1 322 208 41 39 drone
1330 1 327 209 42 40 drone
1331 1 332 210 42 40 drone
1332 1 337 211 42 40 drone
1333 1 343 212 41 39 drone
1334 1 347 213 42 40 drone
1335 1 352 214 42 40 drone
1336 1 356 215 42 40 drone
1337 1 360 216 41 39 drone
1338 1 365 217 41 39 drone
1339 1 369 218 42 40 drone
1340 1 372 218 42 40 drone
1341 1 376 219 42 40 drone
1342 1 380 220 42 40 drone
1343 1 383 220 42 40 drone
1344 1 386 221 42 40 drone
1345 1 389 222 42 40 drone
1346 1 392 222 42 40 drone
1347 1 395 222 42 40 drone
1348 1 398 223 43 41 drone
1349 1 401 224 42 40 drone
1350 1 404 224 42 40 drone
1351 1 406 225 41 40 drone
1352 1 406 225 42 40 drone
1353 1 403 226 41 40 drone
1354 1 401 227 41 39 drone
1355 1 399 228 41 39 drone
1356 1 398 228 41 39 drone
1357 1 396 229 41 39 drone
1358 1 394 229 41 39 drone
1359 1 392 229 41 39 drone
1360 1 390 230 41 39 drone
1361 1 388 230 40 38 drone
1362 1 386 231 40 38 drone
1363 1 384 231 40 38 drone
1364 1 382 231 40 38 drone
1365 1 380 232 40 38 drone
1366 1 378 232 40 38 drone
1367 1 376 232 40 38 drone
1368 1 374 232 40 38 drone
1369 1 372 232 40 38 drone
1370 1 369 232 40 38 drone
1371 1 367 232 39 37 drone
1372 1 365 231 39 37 drone
1373 1 363 231 39 37 drone
1374 1 361 231 39 37 drone
1375 1 359 230 39 37 drone
1376 1 357 229 39 37 drone
1377 1 355 228 39 37 drone
1378 1 353 227 38 37 drone
1379 1 351 221 38 36 drone
1380 1 349 211 38 36 drone
1381 1 348 199 38 37 drone
1382 1 349 190 38 37 drone
1383 1 352 182 38 36 drone
1384 1 356 174 38 36 drone
1385 1 358 166 38 37 drone
1386 1 360 160 38 36 drone
1387 1 362 154 38 36 drone
1388 1 365 148 38 36 drone
1389 1 365 142 34 33 drone
1390 1 367 136 34 33 drone
1391 1 370 130 34 33 drone
1392 1 372 125 34 33 drone
1393 1 375 120 33 32 drone
1394 1 377 114 34 33 drone
1395 1 380 108 34 33 drone
1396 1 382 102 33 32 drone
1397 1 385 96 33 32 drone
1398 1 388 90 34 33 drone
1399 1 390 85 33 32 drone
1400 1 393 78 33 33 drone
1401 1 396 72 33 32 drone
1402 1 399 66 34 33 drone
1403 1 401 59 33 32 drone
1404 1 404 52 34 33 drone
1405 1 407 45 33 32 drone
1406 1 410 38 34 33 drone
1407 1 412 31 33 32 drone
1408 1 415 23 34 33 drone
1409 1 418 15 34 33 drone
1410 1 421 8 33 32 drone
1411 1 423 0 33 32 drone
1412 1 423 -5 33 32 drone
1413 1 422 -9 33 32 drone
1414 1 421 -13 33 32 drone
1415 1 419 -17 34 33 drone
1416 0
1417 0
1418 0
1419 0
1420 0
1421 0
1422 0
1423 0
1424 0
1425 0
1426 0
1427 0
1428 0
1429 0
1430 0
1431 0
1432 0
1433 0
1434 0
1435 0
1436 0
1437 0
1438 0
1439 0
1440 0
1441 0
1442 0
1443 0
1444 0
1445 1 472 0 38 27 drone
1446 1 473 9 38 27 drone
1447 1 475 14 35 28 drone
1448 1 473 23 35 28 drone
1449 1 471 30 36 29 drone
1450 1 469 38 36 29 drone
1451 1 467 46 36 29 drone
1452 1 465 52 36 29 drone
1453 1 463 58 37 29 drone
1454 1 461 65 36 29 drone
1455 1 458 71 36 29 drone
1456 1 456 77 36 29 drone
1457 1 454 82 36 29 drone
1458 1 452 87 36 29 drone
1459 1 450 91 36 29 drone
1460 1 448 96 36 29 drone
1461 1 446 101 36 29 drone
1462 1 444 105 36 29 drone
1463 1 442 110 36 29 drone
1464 1 439 114 36 29 drone
1465 1 437 118 37 29 drone
1466 1 435 121 37 29 drone
1467 1 433 119 37 29 drone
1468 1 431 117 37 29 drone
1469 1 429 115 37 29 drone
1470 1 427 112 37 30 drone
1471 1 425 109 37 30 drone
1472 1 423 106 37 30 drone
1473 1 421 104 37 29 drone
1474 1 419 101 37 29 drone
1475 1 418 97 37 30 drone
1476 1 416 94 37 30 drone
1477 1 414 91 38 30 drone
1478 1 412 88 37 30 drone
1479 1 410 85 38 30 drone
1480 1 409 81 38 31 drone
1481 1 407 80 39 31 drone
1482 1 405 80 39 31 drone
1483 1 404 88 39 31 drone
1484 1 403 103 39 31 drone
1485 1 402 117 38 31 drone
1486 1 401 127 38 31 drone
1487 1 400 138 38 30 drone
1488 1 400 149 38 30 drone
1489 1 399 159 38 30 drone
1490 1 398 169 38 30 drone
1491 1 397 175 37 30 drone
1492 1 396 174 37 30 drone
1493 1 395 174 37 30 drone
1494 1 394 174 38 30 drone
1495 1 393 174 38 30 drone
1496 1 393 175 38 30 drone
1497 1 392 185 38 31 drone
1498 1 391 196 38 31 drone
1499 1 391 205 39 31 drone
1500 1 389 213 39 31 drone
1501 1 389 222 40 32 drone
1502 1 388 232 40 32 drone
1503 1 388 240 40 32 drone
1504 1 387 249 41 33 drone
1505 1 387 258 41 33 drone
1506 1 387 264 41 32 drone
1507 1 387 262 41 33 drone
1508 1 386 261 41 33 drone
1509 1 386 261 41 33 drone
1510 1 386 260 41 33 drone
1511 1 386 257 41 33 drone
1512 1 385 254 41 33 drone
1513 1 385 251 41 33 drone
1514 1 385 248 41 33 drone
1515 1 385 245 41 33 drone
1516 1 385 242 41 33 drone
1517 1 385 238 41 33 drone
1518 1 386 234 41 33 drone
1519 1 386 231 41 33 drone
1520 1 386 227 41 33 drone
1521 1 386 224 41 33 drone
1522 1 387 220 41 33 drone
1523 1 388 217 41 33 drone
1524 1 388 213 41 33 drone
1525 1 389 209 41 33 drone
1526 1 390 206 41 33 drone
1527 1 391 202 42 33 drone
1528 1 391 199 41 33 drone
1529 1 393 196 41 33 drone
1530 1 393 192 42 33 drone
1531 1 394 189 42 33 drone
1532 1 397 187 40 32 drone
1533 1 398 184 40 32 drone
1534 1 400 181 40 32 drone
1535 1 401 178 39 32 drone
1536 1 403 175 39 31 drone
1537 1 405 172 38 31 drone
1538 1 406 169 38 31 drone
1539 1 408 166 38 30 drone
1540 1 410 163 38 30 drone
1541 1 412 160 37 30 drone
1542 1 415 157 37 29 drone
1543 1 417 155 36 28 drone
1544 1 419 152 35 28 drone
1545 1 422 149 35 28 drone
1546 1 425 148 34 27 drone
1547 1 428 149 33 26 drone
1548 1 431 156 32 26 drone
1549 1 435 174 31 25 drone
1550 1 438 192 31 25 drone
1551 1 442 202 30 24 drone
1552 1 445 204 30 24 drone
1553 1 454 199 21 28 drone
1554 1 458 200 21 28 drone
1555 1 463 201 21 28 drone
1556 1 467 200 21 28 drone
1557 1 471 201 21 27 drone
1558 1 475 200 21 28 drone
1559 1 478 200 21 28 drone
1560 1 481 200 21 28 drone
1561 1 483 200 21 29 drone
1562 1 485 200 21 28 drone
1563 1 487 200 21 28 drone
1564 1 489 200 21 28 drone
1565 1 491 201 21 28 drone
1566 1 493 202 21 27 drone
1567 1 494 202 20 27 drone
1568 1 495 203 20 27 drone
1569 1 495 203 20 27 drone
1570 1 495 204 20 26 drone
1571 1 495 205 20 26 drone
1572 1 494 205 20 26 drone
1573 1 493 210 15 20 drone
1574 1 491 211 14 19 drone
1575 1 489 212 14 19 drone
1576 1 486 213 14 19 drone
1577 1 484 214 14 18 drone
1578 1 481 215 13 18 drone
1579 1 478 216 13 17 drone
1580 1 476 218 13 17 drone
1581 1 466 216 19 24 drone
1582 1 463 217 19 24 drone
1583 1 459 218 19 24 drone
1584 1 457 219 19 24 drone
1585 1 453 220 19 23 drone
1586 1 450 222 18 23 drone
1587 1 447 223 18 23 drone
1588 1 444 225 17 22 drone
1589 1 441 227 17 21 drone
1590 1 437 228 17 21 drone
1591 1 433 230 17 21 drone
1592 1 429 231 17 21 drone
1593 1 425 232 17 22 drone
1594 1 421 234 17 22 drone
1595 1 417 236 17 22 drone
1596 1 413 237 18 22 drone
1597 1 409 239 18 23 drone
1598 1 404 241 18 23 drone
1599 1 400 242 18 22 drone
1600 1 388 239 34 27 drone
1601 1 384 241 34 27 drone
1602 1 379 243 34 27 drone
1603 1 375 245 34 27 drone
1604 1 371 247 34 27 drone
1605 1 366 250 33 26 drone
1606 1 362 250 35 28 drone
1607 1 357 253 35 27 drone
1608 1 353 255 34 27 drone
1609 1 348 257 35 28 drone
1610 1 343 259 36 28 drone
1611 1 338 262 35 28 drone
1612 1 333 264 36 28 drone
1613 1 329 267 34 27 drone
1614 1 324 270 34 27 drone
1615 1 319 273 33 26 drone
1616 1 315 275 32 26 drone
1617 1 313 276 32 25 drone
1618 1 311 276 32 25 drone
1619 1 309 275 31 25 drone
1620 1 307 275 31 25 drone
1621 1 305 273 31 25 drone
1622 1 303 272 31 25 drone
1623 1 300 270 31 25 drone
1624 1 298 269 31 25 drone
1625 1 296 268 31 25 drone
1626 1 294 266 32 25 drone
1627 1 292 264 32 25 drone
1628 1 290 263 32 25 drone
1629 1 289 261 32 25 drone
1630 1 287 260 31 25 drone
1631 1 285 259 31 25 drone
1632 1 283 257 31 25 drone
1633 1 281 256 32 25 drone
1634 1 280 254 31 25 drone
1635 1 278 253 32 25 drone
1636 1 276 251 32 25 drone
1637 1 275 250 32 25 drone
1638 1 273 248 32 25 drone
1639 1 272 247 32 25 drone
1640 1 271 246 32 26 drone
1641 1 269 245 32 25 drone
1642 1 268 244 32 26 drone
1643 1 268 242 32 26 drone
1644 1 268 241 32 26 drone
1645 1 269 241 32 26 drone
1646 1 269 240 32 26 drone
1647 1 270 239 32 26 drone
1648 1 271 238 32 26 drone
1649 1 273 238 32 25 drone
1650 1 274 237 32 26 drone
1651 1 275 237 32 26 drone
1652 1 277 236 32 26 drone
1653 1 278 236 32 26 drone
1654 1 279 236 32 26 drone
1655 1 280 236 32 26 drone
1656 1 282 236 33 26 drone
1657 1 283 236 33 26 drone
1658 1 284 236 32 26 drone
1659 1 281 239 32 26 drone
1660 1 282 239 36 25 drone
1661 1 283 239 36 25 drone
1662 1 285 240 36 25 drone
1663 1 286 240 36 25 drone
1664 1 287 241 36 25 drone
1665 1 289 241 36 25 drone
1666 1 290 242 36 25 drone
1667 1 291 243 37 25 drone
1668 1 293 244 37 26 drone
1669 1 294 245 36 25 drone
1670 1 296 246 37 26 drone
1671 1 297 247 36 25 drone
1672 1 299 249 36 25 drone
1673 1 300 250 38 26 drone
1674 1 303 252 36 31 drone
1675 1 305 254 36 31 drone
1676 1 306 255 36 31 drone
1677 1 308 257 37 31 drone
1678 1 310 259 37 32 drone
1679 1 311 261 37 32 drone
1680 1 313 263 37 32 drone
1681 1 315 266 37 32 drone
1682 1 316 268 37 32 drone
1683 1 318 270 37 32 drone
1684 1 321 274 36 31 drone
1685 1 323 276 36 31 drone
1686 1 325 279 36 31 drone
1687 1 327 282 36 31 drone
1688 1 329 285 36 31 drone
1689 1 331 289 36 31 drone
1690 1 333 292 36 31 drone
1691 1 334 296 36 31 drone
1692 1 333 299 35 30 drone
1693 1 330 303 36 31 drone
1694 1 331 308 35 30 drone
1695 1 328 311 35 31 drone
1696 1 325 315 36 31 drone
1697 1 323 320 36 31 drone
1698 1 321 324 36 31 drone
1699 1 319 328 36 31 drone
1700 1 317 333 36 31 drone
1701 1 315 338 35 30 drone
1702 1 313 343 36 31 drone
1703 1 308 348 38 34 drone
1704 1 306 353 38 34 drone
1705 1 304 359 38 34 drone
1706 1 302 364 38 34 drone
1707 1 300 370 38 34 drone
1708 1 298 376 38 34 drone
1709 1 297 382 38 34 drone
1710 1 295 388 37 33 drone
1711 1 293 394 37 33 drone
1712 1 291 400 37 33 drone
1713 1 289 407 37 33 drone
1714 1 288 413 37 33 drone
1715 1 286 420 37 33 drone
1716 1 285 427 37 33 drone
1717 1 283 434 37 33 drone
1718 1 281 441 37 33 drone
1719 1 280 448 37 33 drone
1720 1 279 455 37 33 drone
1721 1 278 463 36 32 drone
1722 1 276 470 36 32 drone
1723 1 275 478 36 32 drone
1724 1 272 484 38 34 drone
1725 1 271 492 37 33 drone
1726 1 273 499 35 31 drone
1727 1 271 497 37 33 drone
1728 1 272 492 35 31 drone
1729 1 271 484 35 31 drone
1730 1 270 481 34 31 drone
1731 1 270 480 34 30 drone
1732 1 269 479 34 30 drone
1733 1 269 478 34 30 drone
1734 1 269 478 33 30 drone
1735 1 270 479 33 30 drone
1736 1 270 479 33 30 drone
1737 1 271 481 32 29 drone
1738 1 273 483 32 29 drone
1739 1 274 485 33 29 drone
1740 1 276 488 31 28 drone
1741 1 277 487 32 28 drone
1742 1 279 482 31 28 drone
1743 1 281 477 31 28 drone
1744 1 283 475 31 28 drone
1745 1 286 472 31 28 drone
1746 1 289 460 30 27 drone
1747 1 292 437 30 27 drone
1748 1 295 415 30 27 drone
1749 1 299 402 29 26 drone
1750 1 303 390 29 26 drone
1751 1 307 373 28 25 drone
1752 1 311 353 26 24 drone
1753 1 316 334 26 24 drone
1754 1 321 319 26 24 drone
1755 1 326 302 27 25 drone
1756 1 331 282 26 24 drone
1757 1 336 262 28 26 drone
1758 1 341 244 29 26 drone
1759 1 347 226 29 27 drone
1760 1 352 204 30 28 drone
1761 1 359 183 31 28 drone
1762 1 366 161 30 28 drone
1763 1 373 140 30 28 drone
1764 1 380 116 30 28 drone
1765 1 387 89 31 28 drone
1766 1 394 60 31 29 drone
1767 1 399 29 31 29 drone
1768 1 411 -1 25 23 drone
1769 0
1770 0
1771 0
1772 0
1773 0
1774 0
1775 0
1776 0
1777 0
1778 0
1779 0
1780 0
1781 0
1782 0
1783 0
1784 0
1785 0
1786 0
1787 0
1788 0
1789 0
1790 0
1791 0
1792 0
1793 0
1794 0
1795 0
1796 0
1797 0
1798 0
1799 0
1800 0
