0 1 467 185 48 23 drone
1 1 469 183 49 23 drone
2 1 471 181 50 24 drone
3 1 473 179 50 24 drone
4 1 475 177 51 25 drone
5 1 477 175 52 25 drone
6 1 480 173 53 26 drone
7 1 482 171 54 26 drone
8 1 485 169 55 27 drone
9 1 487 167 56 27 drone
10 1 490 164 57 28 drone
11 1 493 162 58 28 drone
12 1 496 159 60 29 drone
13 1 499 157 61 29 drone
14 1 502 154 62 30 drone
15 1 505 151 63 30 drone
16 1 507 150 64 31 drone
17 1 507 150 64 31 drone
18 1 506 150 64 31 drone
19 1 507 150 64 31 drone
20 1 506 150 64 31 drone
21 1 507 151 64 31 drone
22 1 507 151 64 31 drone
23 1 506 151 64 31 drone
24 1 507 151 64 31 drone
25 1 507 152 64 31 drone
26 1 507 152 64 31 drone
27 1 507 153 64 31 drone
28 1 507 154 64 31 drone
29 1 507 156 64 31 drone
30 1 507 161 64 31 drone
31 1 506 170 65 31 drone
32 1 507 180 64 31 drone
33 1 508 188 64 31 drone
34 1 508 191 64 31 drone
35 1 508 193 64 31 drone
36 1 508 195 64 31 drone
37 1 508 197 64 31 drone
38 1 508 197 64 31 drone
39 1 508 198 64 31 drone
40 1 508 198 64 31 drone
41 1 508 199 64 31 drone
42 1 508 199 64 31 drone
43 1 507 199 64 31 drone
44 1 508 199 64 31 drone
45 1 507 199 65 31 drone
46 1 508 199 64 30 drone
47 1 507 199 64 31 drone
48 1 508 199 64 31 drone
49 1 507 199 64 31 drone
50 1 507 199 64 31 drone
51 1 507 199 64 31 drone
52 1 508 199 64 31 drone
53 1 508 199 64 31 drone
54 1 507 199 65 31 drone
55 1 507 199 64 31 drone
56 1 508 199 64 31 drone
57 1 507 199 64 31 drone
58 1 508 199 64 31 drone
59 1 507 199 64 31 drone
60 1 508 199 64 31 drone
61 1 507 199 64 31 drone
62 1 507 200 64 31 drone
63 1 507 199 64 31 drone
64 1 507 200 64 31 drone
65 1 508 200 64 31 drone
66 1 507 199 65 31 drone
67 1 507 200 64 31 drone
68 1 507 200 64 31 drone
69 1 507 200 64 31 drone
70 1 508 200 64 31 drone
71 1 508 200 64 31 drone
72 1 507 200 65 31 drone
73 1 508 200 64 31 drone
74 1 507 200 64 31 drone
75 1 508 200 64 31 drone
76 1 507 200 64 31 drone
77 1 508 200 64 31 drone
78 1 508 200 64 31 drone
79 1 507 200 64 31 drone
80 1 508 200 64 31 drone
81 1 507 200 64 31 drone
82 1 507 200 64 31 drone
83 1 508 200 64 31 drone
84 1 507 200 64 31 drone
85 1 507 200 64 31 drone
86 1 507 200 64 31 drone
87 1 507 200 64 31 drone
88 1 507 200 64 31 drone
89 1 507 200 64 31 drone
90 1 508 200 63 26 drone
91 1 508 200 63 26 drone
92 1 508 200 63 26 drone
93 1 508 200 63 26 drone
94 1 508 200 63 26 drone
95 1 508 200 63 26 drone
96 1 508 200 63 26 drone
97 1 508 200 63 26 drone
98 1 508 200 63 26 drone
99 1 508 200 63 26 drone
100 1 508 200 63 26 drone
101 1 508 200 63 26 drone
102 1 508 200 63 26 drone
103 1 508 200 63 26 drone
104 1 508 200 63 26 drone
105 1 508 200 63 26 drone
106 1 508 200 63 26 drone
107 1 508 200 63 26 drone
108 1 508 200 63 26 drone
109 1 508 200 63 26 drone
110 1 508 200 63 26 drone
111 1 508 200 63 26 drone
112 1 508 200 63 26 drone
113 1 508 200 63 26 drone
114 1 508 200 63 26 drone
115 1 508 200 62 26 drone
116 1 508 200 63 26 drone
117 1 508 200 63 26 drone
118 1 508 200 63 26 drone
119 1 508 200 63 26 drone
120 1 508 200 63 26 drone
121 1 508 200 63 26 drone
122 1 508 200 63 26 drone
123 1 508 200 63 26 drone
124 1 508 200 63 26 drone
125 1 508 200 63 26 drone
126 1 508 200 63 26 drone
127 1 508 200 63 26 drone
128 1 507 200 63 26 drone
129 1 508 200 63 26 drone
130 1 507 200 63 26 drone
131 1 508 200 63 26 drone
132 1 507 200 63 26 drone
133 1 508 200 63 26 drone
134 1 507 200 63 26 drone
135 1 508 200 63 26 drone
136 1 507 200 63 26 drone
137 1 508 200 63 26 drone
138 1 507 200 63 26 drone
139 1 508 200 63 26 drone
140 1 507 200 63 26 drone
141 1 508 200 63 26 drone
142 1 507 200 63 26 drone
143 1 507 200 63 26 drone
144 1 507 200 63 26 drone
145 1 507 200 63 26 drone
146 1 507 200 63 26 drone
147 1 507 200 63 26 drone
148 1 507 200 63 26 drone
149 1 507 200 62 26 drone
150 1 507 200 63 26 drone
151 1 507 200 62 26 drone
152 1 506 200 63 26 drone
153 1 506 200 63 26 drone
154 1 506 200 63 26 drone
155 1 506 200 63 26 drone
156 1 506 200 63 26 drone
157 1 506 200 63 26 drone
158 1 505 200 63 26 drone
159 1 505 200 63 26 drone
160 1 505 200 63 26 drone
161 1 505 200 63 26 drone
162 1 504 200 63 26 drone
163 1 504 200 62 26 drone
164 1 504 200 63 26 drone
165 1 504 200 63 26 drone
166 1 503 200 63 26 drone
167 1 503 200 63 26 drone
168 1 503 200 63 26 drone
169 1 502 200 63 26 drone
170 1 502 200 63 26 drone
171 1 502 200 62 26 drone
172 1 501 200 63 26 drone
173 1 501 201 63 26 drone
174 1 500 200 63 26 drone
175 1 500 201 63 26 drone
176 1 500 200 63 26 drone
177 1 499 201 63 26 drone
178 1 499 200 63 26 drone
179 1 498 201 63 26 drone
180 1 498 200 63 26 drone
181 1 497 201 62 26 drone
182 1 497 201 63 26 drone
183 1 496 201 63 26 drone
184 1 496 201 63 26 drone
185 1 495 201 63 26 drone
186 1 494 201 63 26 drone
187 1 493 201 63 26 drone
188 1 493 201 63 26 drone
189 1 492 201 63 26 drone
190 1 492 201 63 26 drone
191 1 491 201 63 26 drone
192 1 490 201 63 26 drone
193 1 489 201 63 26 drone
194 1 489 201 63 26 drone
195 1 488 201 63 26 drone
196 1 487 201 63 26 drone
197 1 486 201 63 26 drone
198 1 486 201 63 26 drone
199 1 485 201 63 26 drone
200 1 484 201 63 26 drone
201 1 483 201 63 26 drone
202 1 482 201 63 26 drone
203 1 481 201 63 26 drone
204 1 480 201 63 26 drone
205 1 479 201 63 26 drone
206 1 478 201 63 26 drone
207 1 477 201 63 26 drone
208 1 476 201 63 26 drone
209 1 475 202 62 26 drone
210 1 474 202 63 26 drone
211 1 473 202 63 26 drone
212 1 472 202 63 26 drone
213 1 470 202 63 26 drone
214 1 469 202 63 26 drone
215 1 468 202 63 26 drone
216 1 466 202 63 26 drone
217 1 465 202 63 26 drone
218 1 464 202 63 26 drone
219 1 462 202 62 26 drone
220 1 461 202 63 26 drone
221 1 460 202 63 26 drone
222 1 458 202 63 26 drone
223 1 457 202 63 26 drone
224 1 455 202 63 26 drone
225 1 454 202 62 26 drone
226 1 452 202 63 26 drone
227 1 450 202 63 26 drone
228 1 448 202 63 26 drone
229 1 447 203 63 26 drone
230 1 445 203 63 26 drone
231 1 443 203 63 26 drone
232 1 442 203 63 26 drone
233 1 440 203 63 26 drone
234 1 438 203 62 26 drone
235 1 436 203 63 26 drone
236 1 434 203 63 26 drone
237 1 432 203 63 26 drone
238 1 431 203 63 26 drone
239 1 428 203 63 26 drone
240 1 427 203 63 26 drone
241 1 424 204 63 26 drone
242 1 423 204 62 26 drone
243 1 420 204 63 26 drone
244 1 418 204 63 26 drone
245 1 416 204 63 26 drone
246 1 413 204 63 26 drone
247 1 412 204 63 26 drone
248 1 410 204 62 26 drone
249 1 408 204 63 26 drone
250 1 406 205 62 26 drone
251 1 404 205 62 26 drone
252 1 402 205 62 26 drone
253 1 400 205 62 26 drone
254 1 402 205 63 26 drone
255 1 410 204 63 26 drone
256 1 429 204 62 26 drone
257 1 455 204 62 26 drone
258 1 476 203 63 26 drone
259 1 492 202 63 26 drone
260 1 506 202 62 25 drone
261 1 518 202 61 25 drone
262 1 532 202 61 25 drone
263 1 545 202 61 25 drone
264 1 558 202 62 25 drone
265 1 572 202 61 25 drone
266 1 584 201 62 26 drone
267 1 598 200 62 26 drone
268 1 610 200 63 26 drone
269 1 625 201 61 25 drone
270 1 638 201 60 25 drone
271 1 652 200 59 24 drone
272 1 666 200 59 24 drone
273 0
274 0
275 0
276 0
277 0
278 0
279 0
280 0
281 0
282 0
283 0
284 0
285 1 683 202 27 20 drone
286 1 680 202 27 20 drone
287 1 672 202 37 20 drone
288 1 668 201 40 22 drone
289 1 664 202 38 20 drone
290 1 661 202 50 23 drone
291 1 657 202 50 23 drone
292 1 653 203 50 23 drone
293 1 649 203 59 22 drone
294 1 645 203 59 22 drone
295 1 641 203 59 22 drone
296 1 637 203 60 22 drone
297 1 632 203 60 22 drone
298 1 628 203 61 23 drone
299 1 623 203 62 23 drone
300 1 619 203 61 23 drone
301 1 615 203 60 22 drone
302 1 611 203 61 23 drone
303 1 606 204 60 22 drone
304 1 601 204 61 23 drone
305 1 596 204 61 23 drone
306 1 593 204 59 22 drone
307 1 588 204 60 22 drone
308 1 584 205 57 21 drone
309 1 580 205 59 22 drone
310 1 576 205 58 22 drone
311 1 573 204 60 22 drone
312 1 571 204 62 23 drone
313 1 571 204 63 23 drone
314 1 573 205 59 22 drone
315 1 571 205 62 23 drone
316 1 572 205 60 22 drone
317 1 572 205 59 22 drone
318 1 573 205 60 22 drone
319 1 572 205 60 22 drone
320 1 572 206 59 22 drone
321 1 572 205 59 22 drone
322 1 570 205 64 24 drone
323 1 570 205 64 24 drone
324 1 570 205 64 24 drone
325 1 570 205 63 24 drone
326 1 570 205 63 24 drone
327 1 571 205 63 23 drone
328 1 571 205 63 23 drone
329 1 570 205 63 23 drone
330 1 570 205 62 23 drone
331 1 570 205 62 23 drone
332 1 570 205 62 23 drone
333 1 571 205 62 23 drone
334 1 572 204 56 21 drone
335 1 572 204 56 21 drone
336 1 572 204 56 21 drone
337 1 572 204 56 21 drone
338 1 571 204 57 21 drone
339 1 571 204 56 21 drone
340 1 571 204 58 22 drone
341 1 571 203 58 21 drone
342 1 571 203 58 22 drone
343 1 571 203 58 22 drone
344 1 571 203 58 22 drone
345 1 571 203 58 22 drone
346 1 571 203 58 22 drone
347 1 571 203 58 22 drone
348 1 571 202 58 22 drone
349 1 572 203 58 21 drone
350 1 573 203 57 21 drone
351 1 572 203 57 21 drone
352 1 573 203 57 21 drone
353 1 572 202 57 21 drone
354 1 572 202 57 21 drone
355 1 572 202 56 21 drone
356 1 572 202 56 21 drone
357 1 572 202 55 21 drone
358 1 571 202 55 21 drone
359 1 570 202 56 21 drone
360 1 570 202 55 21 drone
361 1 569 201 56 21 drone
362 1 568 201 56 21 drone
363 1 567 201 56 21 drone
364 1 566 201 55 21 drone
365 1 564 200 56 21 drone
366 1 563 200 55 21 drone
367 1 562 200 55 21 drone
368 1 561 199 55 21 drone
369 1 559 199 55 21 drone
370 1 558 199 55 21 drone
371 1 557 198 55 20 drone
372 1 555 198 55 21 drone
373 1 553 198 55 21 drone
374 1 552 197 55 21 drone
375 1 550 197 55 21 drone
376 1 548 196 55 20 drone
377 1 546 196 55 20 drone
378 1 545 195 55 20 drone
379 1 542 195 55 21 drone
380 1 540 194 55 20 drone
381 1 538 194 55 21 drone
382 1 536 193 55 20 drone
383 1 534 193 55 20 drone
384 1 532 193 54 20 drone
385 1 529 193 54 20 drone
386 1 527 193 53 20 drone
387 1 525 193 53 20 drone
388 1 523 193 52 20 drone
389 1 520 195 53 20 drone
390 1 517 199 52 19 drone
391 1 515 210 52 20 drone
392 1 512 223 52 19 drone
393 1 510 233 52 19 drone
394 1 508 240 51 19 drone
395 1 505 246 51 19 drone
396 1 502 252 51 19 drone
397 1 492 254 58 22 drone
398 1 489 258 58 22 drone
399 1 486 262 58 22 drone
400 1 484 267 57 22 drone
401 1 481 271 57 22 drone
402 1 478 274 57 22 drone
403 1 475 278 57 22 drone
404 1 475 281 57 22 drone
405 1 477 284 56 21 drone
406 1 479 288 57 22 drone
407 1 481 291 56 21 drone
408 1 483 295 56 21 drone
409 1 484 299 56 21 drone
410 1 484 303 56 21 drone
411 1 486 306 56 21 drone
412 1 487 310 56 21 drone
413 1 488 314 55 21 drone
414 1 489 318 56 21 drone
415 1 491 322 54 20 drone
416 1 491 326 53 20 drone
417 1 492 329 54 20 drone
418 1 492 333 55 21 drone
419 1 493 336 54 20 drone
420 1 494 339 54 20 drone
421 1 495 343 54 21 drone
422 1 496 347 54 20 drone
423 1 498 350 52 20 drone
424 1 499 352 52 20 drone
425 1 500 353 52 20 drone
426 1 501 353 51 19 drone
427 1 502 353 51 19 drone
428 1 503 352 51 19 drone
429 1 503 351 51 19 drone
430 1 504 350 51 19 drone
431 1 505 349 51 19 drone
432 1 506 347 51 19 drone
433 1 507 346 50 19 drone
434 1 507 344 50 19 drone
435 1 508 342 50 19 drone
436 1 509 340 50 19 drone
437 1 510 338 50 19 drone
438 1 511 336 50 19 drone
439 1 512 334 50 19 drone
440 1 513 332 49 19 drone
441 1 513 330 50 19 drone
442 1 514 327 50 19 drone
443 1 515 325 50 19 drone
444 1 516 322 50 19 drone
445 1 517 319 50 19 drone
446 1 519 316 50 19 drone
447 1 521 304 49 32 drone
448 1 523 301 49 32 drone
449 1 524 297 49 32 drone
450 1 525 293 49 32 drone
451 1 527 289 49 32 drone
452 1 530 284 48 31 drone
453 1 531 280 49 32 drone
454 1 533 271 49 40 drone
455 1 536 266 49 40 drone
456 1 538 261 49 40 drone
457 1 541 255 49 40 drone
458 1 544 249 50 41 drone
459 1 548 244 50 41 drone
460 1 552 238 49 40 drone
461 1 557 232 48 39 drone
462 1 562 224 46 40 drone
463 1 567 218 46 40 drone
464 1 570 210 46 46 drone
465 1 578 203 46 46 drone
466 1 580 195 46 46 drone
467 1 594 185 43 50 drone
468 1 599 176 43 50 drone
469 1 605 171 43 50 drone
470 1 612 164 44 51 drone
471 1 620 156 44 51 drone
472 1 627 149 45 52 drone
473 1 636 142 39 52 drone
474 1 645 135 39 52 drone
475 1 654 127 40 53 drone
476 1 663 121 40 53 drone
477 1 673 116 41 54 drone
478 1 683 117 41 55 drone
479 0
480 0
481 0
482 0
483 0
484 0
485 0
486 0
487 0
488 0
489 0
490 0
491 0
492 0
493 0
494 0
495 0
496 0
497 0
498 0
499 0
500 0
501 0
502 0
503 0
504 0
505 0
506 0
507 0
508 0
509 0
510 0
511 0
512 0
513 0
514 1 692 147 18 56 drone
515 1 659 151 23 56 drone
516 1 624 158 23 56 drone
517 1 591 162 23 56 drone
518 1 564 167 23 56 drone
519 1 539 173 23 56 drone
520 1 516 177 23 56 drone
521 1 491 180 23 57 drone
522 1 468 184 23 56 drone
523 1 446 189 22 53 drone
524 1 422 192 23 56 drone
525 1 400 196 23 55 drone
526 1 378 199 23 56 drone
527 1 355 203 23 55 drone
528 1 332 206 23 55 drone
529 1 309 210 22 55 drone
530 1 285 212 27 55 drone
531 1 262 215 27 55 drone
532 1 238 218 27 55 drone
533 1 216 220 30 50 drone
534 1 219 217 30 50 drone
535 1 228 214 30 50 drone
536 1 230 210 30 50 drone
537 1 232 205 30 49 drone
538 1 238 201 30 49 drone
539 1 241 197 29 49 drone
540 1 245 194 29 49 drone
541 1 250 190 29 49 drone
542 1 250 187 33 49 drone
543 1 254 183 33 49 drone
544 1 259 178 33 49 drone
545 1 263 174 33 49 drone
546 1 268 170 33 49 drone
547 1 273 167 33 49 drone
548 1 277 164 36 49 drone
549 1 282 161 36 49 drone
550 1 287 158 36 49 drone
551 1 292 154 36 49 drone
552 1 297 151 36 49 drone
553 1 302 148 36 49 drone
554 1 308 146 36 49 drone
555 1 313 143 37 50 drone
556 1 318 143 36 49 drone
557 1 320 145 47 47 drone
558 1 326 147 47 47 drone
559 1 332 150 47 47 drone
560 1 338 153 47 47 drone
561 1 344 156 47 47 drone
562 1 350 159 47 47 drone
563 1 357 161 47 47 drone
564 1 363 163 46 46 drone
565 1 370 165 46 46 drone
566 1 376 167 46 46 drone
567 1 383 168 46 46 drone
568 1 390 170 46 46 drone
569 1 398 171 45 40 drone
570 1 405 173 45 40 drone
571 1 412 174 45 40 drone
572 1 420 176 45 40 drone
573 1 427 177 45 40 drone
574 1 435 178 45 40 drone
575 1 442 179 45 40 drone
576 1 450 181 45 40 drone
577 1 458 182 46 41 drone
578 1 466 183 45 40 drone
579 1 474 184 44 39 drone
580 1 482 181 47 42 drone
581 1 489 179 47 42 drone
582 1 497 177 48 43 drone
583 1 505 175 48 43 drone
584 1 513 173 48 43 drone
585 1 521 171 48 43 drone
586 1 529 169 49 43 drone
587 1 536 166 49 43 drone
588 1 544 164 49 43 drone
589 1 549 163 51 41 drone
590 1 557 160 51 41 drone
591 1 564 157 51 41 drone
592 1 571 155 51 41 drone
593 1 576 152 51 41 drone
594 1 575 149 51 41 drone
595 1 571 146 53 43 drone
596 1 568 144 53 43 drone
597 1 567 141 53 43 drone
598 1 566 139 53 43 drone
599 1 565 136 53 42 drone
600 1 564 134 53 42 drone
601 1 562 131 53 42 drone
602 1 561 128 52 42 drone
603 1 560 125 52 42 drone
604 1 559 122 52 42 drone
605 1 557 120 45 42 drone
606 1 555 118 45 42 drone
607 1 554 115 45 42 drone
608 1 551 113 44 41 drone
609 1 540 110 44 41 drone
610 1 525 108 44 41 drone
611 1 510 106 44 41 drone
612 1 496 105 43 40 drone
613 1 484 103 43 40 drone
614 1 471 102 43 40 drone
615 1 457 100 42 39 drone
616 1 441 98 42 40 drone
617 1 426 96 42 39 drone
618 1 412 95 41 38 drone
619 1 406 94 41 38 drone
620 1 405 92 40 38 drone
621 1 404 90 40 37 drone
622 1 400 88 40 37 drone
623 1 396 86 40 37 drone
624 1 392 85 40 37 drone
625 1 389 86 45 35 drone
626 1 386 85 45 35 drone
627 1 383 86 45 35 drone
628 1 380 90 45 35 drone
629 1 377 101 45 35 drone
630 1 375 112 45 35 drone
631 1 373 120 44 35 drone
632 1 372 126 45 35 drone
633 1 370 133 45 35 drone
634 1 368 139 44 34 drone
635 1 366 143 44 35 drone
636 1 364 148 44 34 drone
637 1 363 152 44 35 drone
638 1 362 156 45 35 drone
639 1 361 160 44 35 drone
640 1 360 164 44 35 drone
641 1 359 167 45 35 drone
642 1 358 171 44 34 drone
643 1 357 174 44 34 drone
644 1 356 178 44 34 drone
645 1 355 174 44 46 drone
646 1 354 177 44 46 drone
647 1 353 180 44 46 drone
648 1 352 183 45 47 drone
649 1 351 186 44 46 drone
650 1 350 190 45 47 drone
651 1 349 192 45 47 drone
652 1 348 195 45 47 drone
653 1 348 197 45 47 drone
654 1 346 197 45 47 drone
655 1 345 196 45 47 drone
656 1 343 196 45 47 drone
657 1 342 196 45 47 drone
658 1 341 195 45 47 drone
659 1 339 194 45 47 drone
660 1 338 194 45 47 drone
661 1 337 193 45 47 drone
662 1 335 192 45 47 drone
663 1 334 192 45 47 drone
664 1 332 190 45 47 drone
665 1 329 189 46 48 drone
666 1 329 189 45 47 drone
667 1 326 188 46 48 drone
668 1 327 188 44 46 drone
669 1 328 188 44 46 drone
670 1 332 189 43 45 drone
671 1 334 188 43 45 drone
672 1 336 188 43 45 drone
673 1 337 187 44 45 drone
674 1 339 187 44 46 drone
675 1 341 187 44 46 drone
676 1 343 187 44 46 drone
677 1 345 186 44 46 drone
678 1 346 186 45 47 drone
679 1 348 186 45 47 drone
680 1 350 186 45 47 drone
681 1 351 186 45 47 drone
682 1 353 186 45 47 drone
683 1 355 186 45 48 drone
684 1 356 186 46 48 drone
685 1 358 186 46 48 drone
686 1 360 186 46 48 drone
687 1 361 186 46 48 drone
688 1 363 186 46 48 drone
689 1 365 187 46 48 drone
690 1 366 187 46 48 drone
691 1 368 187 46 48 drone
692 1 370 188 46 48 drone
693 1 371 188 46 48 drone
694 1 373 189 45 48 drone
695 1 374 190 45 47 drone
696 1 376 190 45 47 drone
697 1 378 191 45 47 drone
698 1 379 192 45 47 drone
699 1 381 192 44 46 drone
700 1 382 193 44 46 drone
701 1 384 194 43 45 drone
702 1 385 195 43 45 drone
703 1 387 196 43 45 drone
704 1 388 196 43 45 drone
705 1 390 197 42 44 drone
706 1 391 198 42 44 drone
707 1 393 200 42 44 drone
708 1 394 201 41 43 drone
709 1 396 202 41 42 drone
710 1 398 203 40 42 drone
711 1 400 203 40 42 drone
712 1 401 205 39 41 drone
713 1 403 202 40 45 drone
714 1 405 203 40 44 drone
715 1 407 204 39 44 drone
716 1 409 205 39 44 drone
717 1 412 207 37 42 drone
718 1 413 208 38 43 drone
719 1 414 208 40 45 drone
720 1 416 210 37 42 drone
721 1 418 210 40 45 drone
722 1 420 212 40 45 drone
723 1 422 213 40 45 drone
724 1 424 214 40 45 drone
725 1 427 216 40 45 drone
726 1 429 217 40 45 drone
727 1 431 219 40 45 drone
728 1 433 221 39 44 drone
729 1 431 222 40 45 drone
730 1 428 224 40 45 drone
731 1 425 226 40 45 drone
732 1 423 228 40 45 drone
733 1 421 230 40 44 drone
734 1 419 232 39 44 drone
735 1 416 234 39 44 drone
736 1 413 237 39 44 drone
737 1 412 239 39 44 drone
738 1 409 242 39 44 drone
739 1 407 245 39 44 drone
740 1 405 247 39 44 drone
741 1 402 250 39 43 drone
742 1 400 253 39 44 drone
743 1 397 255 39 44 drone
744 1 394 258 40 45 drone
745 1 392 261 40 45 drone
746 1 389 264 40 45 drone
747 1 385 267 47 46 drone
748 1 382 270 47 46 drone
749 1 379 274 48 47 drone
750 1 376 276 48 47 drone
751 1 374 282 46 45 drone
752 1 372 286 45 44 drone
753 1 370 291 45 44 drone
754 1 367 295 45 44 drone
755 1 364 300 45 44 drone
756 1 362 305 45 44 drone
757 1 360 310 45 44 drone
758 1 358 315 45 44 drone
759 1 355 321 45 44 drone
760 1 354 327 45 44 drone
761 1 352 332 45 44 drone
762 1 351 338 45 44 drone
763 1 349 345 45 44 drone
764 1 349 351 45 44 drone
765 1 348 358 45 44 drone
766 1 347 365 44 43 drone
767 1 347 372 43 42 drone
768 1 347 379 43 42 drone
769 1 347 387 42 41 drone
770 1 348 395 41 40 drone
771 1 349 403 40 39 drone
772 1 349 411 39 38 drone
773 1 351 418 38 37 drone
774 1 352 423 36 35 drone
775 1 353 428 35 34 drone
776 1 354 431 34 33 drone
777 1 356 435 33 32 drone
778 1 358 439 32 32 drone
779 1 359 441 32 32 drone
780 1 361 443 33 32 drone
781 1 362 445 33 32 drone
782 1 364 447 33 32 drone
783 1 367 448 43 26 drone
784 1 372 450 42 26 drone
785 1 379 451 42 25 drone
786 1 385 453 42 25 drone
787 1 390 455 39 23 drone
788 1 396 456 38 23 drone
789 1 401 457 38 23 drone
790 1 407 458 38 23 drone
791 1 413 459 38 23 drone
792 1 419 460 38 23 drone
793 1 425 461 37 23 drone
794 1 430 462 38 23 drone
795 1 436 463 38 23 drone
796 1 443 464 37 23 drone
797 1 449 465 37 22 drone
798 1 455 466 37 22 drone
799 1 461 467 36 22 drone
800 1 467 468 36 22 drone
801 1 473 468 36 22 drone
802 1 479 468 36 22 drone
803 1 486 445 41 46 drone
804 1 492 445 41 46 drone
805 1 499 446 41 46 drone
806 1 506 447 40 45 drone
807 1 512 447 41 46 drone
808 1 518 448 40 45 drone
809 1 521 449 40 44 drone
810 1 523 450 41 46 drone
811 1 526 451 41 46 drone
812 1 529 453 41 46 drone
813 1 533 454 40 45 drone
814 1 536 455 39 44 drone
815 1 539 457 38 43 drone
816 1 543 458 37 42 drone
817 1 546 459 36 41 drone
818 1 547 461 35 39 drone
819 1 542 462 34 38 drone
820 1 533 464 33 37 drone
821 1 527 466 32 36 drone
822 1 522 467 31 35 drone
823 1 516 469 30 34 drone
824 1 506 469 31 34 drone
825 1 493 470 31 34 drone
826 1 481 471 30 34 drone
827 1 471 472 30 34 drone
828 1 461 473 30 33 drone
829 1 451 474 29 33 drone
830 1 440 474 29 33 drone
831 1 428 473 30 34 drone
832 1 415 473 31 35 drone
833 1 403 473 31 35 drone
834 1 390 473 32 36 drone
835 1 376 472 34 38 drone
836 1 361 471 35 39 drone
837 1 346 471 36 40 drone
838 1 331 470 37 41 drone
839 1 315 470 38 42 drone
840 1 298 470 39 43 drone
841 1 280 470 40 45 drone
842 1 262 470 41 46 drone
843 1 246 471 42 47 drone
844 1 235 471 42 47 drone
845 1 226 471 43 48 drone
846 1 218 472 42 48 drone
847 1 210 473 42 47 drone
848 1 202 474 41 46 drone
849 1 194 475 40 45 drone
850 1 188 476 40 44 drone
851 1 182 478 39 44 drone
852 1 177 479 37 42 drone
853 1 172 480 36 41 drone
854 1 167 481 35 39 drone
855 1 163 481 34 38 drone
856 1 159 482 34 38 drone
857 1 154 482 33 37 drone
858 1 149 482 32 36 drone
859 1 144 480 31 35 drone
860 1 139 473 31 35 drone
861 1 134 464 29 33 drone
862 1 129 452 30 34 drone
863 1 127 443 30 34 drone
864 1 134 434 31 35 drone
865 1 143 425 31 35 drone
866 1 149 416 31 35 drone
867 1 155 408 31 35 drone
868 1 163 402 30 34 drone
869 1 173 398 30 33 drone
870 1 182 396 29 33 drone
871 1 191 393 29 33 drone
872 1 201 390 30 33 drone
873 1 210 387 30 33 drone
874 1 220 385 30 34 drone
875 1 230 384 30 33 drone
876 1 240 383 30 34 drone
877 1 250 382 30 34 drone
878 1 259 367 35 47 drone
879 1 267 365 35 47 drone
880 1 274 363 35 47 drone
881 1 282 361 35 47 drone
882 1 289 357 35 47 drone
883 1 295 352 35 47 drone
884 1 298 347 35 47 drone
885 1 300 341 34 46 drone
886 1 302 334 34 45 drone
887 1 305 329 33 44 drone
888 1 308 324 32 43 drone
889 1 311 319 31 41 drone
890 1 314 314 29 39 drone
891 1 316 310 28 38 drone
892 1 319 305 27 36 drone
893 1 319 302 26 35 drone
894 1 314 300 24 33 drone
895 1 305 299 23 31 drone
896 1 297 298 22 29 drone
897 1 290 298 20 27 drone
898 1 284 297 20 27 drone
899 1 277 296 21 28 drone
900 1 270 294 20 27 drone
901 1 262 293 20 26 drone
902 1 255 291 20 26 drone
903 1 248 291 19 25 drone
904 1 241 288 20 26 drone
905 1 232 287 19 25 drone
906 1 222 285 20 27 drone
907 1 204 283 36 28 drone
908 1 195 281 37 29 drone
909 1 186 279 37 29 drone
910 1 176 278 38 30 drone
911 1 165 277 36 28 drone
912 1 153 275 36 28 drone
913 1 142 273 36 28 drone
914 1 131 273 33 26 drone
915 1 118 272 33 26 drone
916 1 106 270 32 25 drone
917 1 93 269 32 25 drone
918 1 81 268 31 24 drone
919 1 77 267 31 24 drone
920 1 78 266 31 24 drone
921 1 78 265 31 24 drone
922 1 77 264 31 24 drone
923 1 76 263 31 24 drone
924 1 81 263 30 24 drone
925 1 90 262 30 23 drone
926 1 98 262 29 23 drone
927 1 105 246 35 37 drone
928 1 114 246 34 36 drone
929 1 123 246 32 34 drone
930 1 132 245 34 36 drone
931 1 140 245 33 35 drone
932 1 150 246 32 34 drone
933 1 159 246 31 33 drone
934 1 168 246 29 31 drone
935 1 178 246 29 31 drone
936 1 187 247 28 29 drone
937 1 196 247 27 29 drone
938 1 204 247 27 29 drone
939 1 213 247 27 28 drone
940 1 220 246 28 29 drone
941 1 228 245 28 30 drone
942 1 238 246 27 29 drone
943 1 246 244 28 30 drone
944 1 254 245 28 29 drone
945 1 263 246 27 28 drone
946 1 271 246 26 28 drone
947 1 280 247 25 26 drone
948 1 289 247 24 25 drone
949 1 296 247 23 25 drone
950 1 302 247 22 24 drone
951 1 308 249 21 22 drone
952 1 313 234 36 37 drone
953 1 317 234 36 37 drone
954 1 321 233 36 37 drone
955 1 325 234 36 36 drone
956 1 329 234 35 36 drone
957 1 333 234 35 36 drone
958 1 336 235 34 35 drone
959 1 339 235 34 35 drone
960 1 342 235 35 35 drone
961 1 345 236 34 35 drone
962 1 348 235 34 35 drone
963 1 351 236 33 34 drone
964 1 355 237 33 33 drone
965 1 358 237 32 33 drone
966 1 361 238 31 32 drone
967 1 364 238 30 31 drone
968 1 366 239 29 30 drone
969 1 366 240 28 29 drone
970 1 364 241 26 27 drone
971 1 362 241 26 26 drone
972 1 360 242 25 26 drone
973 1 359 242 25 26 drone
974 1 357 241 25 26 drone
975 1 355 241 25 26 drone
976 1 354 242 23 24 drone
977 1 352 239 29 27 drone
978 1 352 239 30 25 drone
979 1 350 239 30 25 drone
980 1 349 239 29 24 drone
981 1 348 239 30 25 drone
982 1 346 239 30 25 drone
983 1 345 238 30 25 drone
984 1 343 238 30 25 drone
985 1 342 238 31 26 drone
986 1 340 237 31 26 drone
987 1 339 237 30 25 drone
988 1 338 237 30 25 drone
989 1 337 237 29 24 drone
990 1 337 238 28 23 drone
991 1 336 238 27 23 drone
992 1 336 239 26 22 drone
993 1 335 240 26 22 drone
994 1 334 241 26 22 drone
995 1 332 241 26 22 drone
996 1 331 241 26 22 drone
997 1 328 226 28 36 drone
998 1 327 227 27 35 drone
999 1 326 227 27 34 drone
1000 1 325 227 27 35 drone
1001 1 324 227 28 35 drone
1002 1 323 228 27 35 drone
1003 1 323 229 27 34 drone
1004 1 322 230 26 33 drone
1005 1 322 231 24 31 drone
1006 1 321 233 24 30 drone
1007 1 320 233 23 30 drone
1008 1 319 234 23 29 drone
1009 1 317 235 22 29 drone
1010 1 316 235 23 29 drone
1011 1 314 235 23 29 drone
1012 1 313 237 22 29 drone
1013 1 311 237 22 29 drone
1014 1 310 240 33 23 drone
1015 1 308 241 33 23 drone
1016 1 307 242 32 22 drone
1017 1 305 243 31 22 drone
1018 1 303 244 31 21 drone
1019 1 301 244 31 21 drone
1020 1 299 245 31 22 drone
1021 1 296 245 31 22 drone
1022 1 293 246 32 22 drone
1023 1 291 247 31 22 drone
1024 1 289 248 31 22 drone
1025 1 286 248 31 22 drone
1026 1 284 249 31 22 drone
1027 1 281 250 31 22 drone
1028 1 279 250 31 22 drone
1029 1 277 251 31 22 drone
1030 1 274 251 31 22 drone
1031 1 271 252 30 21 drone
1032 1 268 253 30 21 drone
1033 1 265 254 30 21 drone
1034 1 263 254 30 21 drone
1035 1 260 255 30 21 drone
1036 1 256 256 30 21 drone
1037 1 255 256 30 21 drone
1038 1 252 257 30 21 drone
1039 1 249 258 29 20 drone
1040 1 245 258 29 20 drone
1041 1 241 259 28 20 drone
1042 1 238 259 29 20 drone
1043 1 234 260 29 20 drone
1044 1 230 261 29 20 drone
1045 1 225 261 28 20 drone
1046 1 220 261 30 21 drone
1047 1 216 262 29 20 drone
1048 1 212 263 29 20 drone
1049 1 207 264 28 20 drone
1050 1 201 265 29 20 drone
1051 1 196 266 28 19 drone
1052 1 191 266 28 20 drone
1053 1 187 267 28 19 drone
1054 1 185 268 28 19 drone
1055 1 186 268 28 19 drone
1056 1 186 268 28 19 drone
1057 1 186 269 28 19 drone
1058 1 185 268 28 20 drone
1059 1 189 269 28 20 drone
1060 1 194 268 28 20 drone
1061 1 198 268 28 19 drone
1062 1 202 267 28 20 drone
1063 1 207 266 28 19 drone
1064 1 211 265 28 19 drone
1065 1 216 264 28 20 drone
1066 1 221 263 28 19 drone
1067 1 225 261 28 19 drone
1068 1 230 260 28 19 drone
1069 1 235 258 28 19 drone
1070 1 240 256 28 19 drone
1071 1 244 254 28 20 drone
1072 1 249 252 28 20 drone
1073 1 253 250 28 20 drone
1074 1 258 248 29 20 drone
1075 1 262 246 29 20 drone
1076 1 267 243 29 20 drone
1077 1 271 240 29 20 drone
1078 1 276 238 28 20 drone
1079 1 280 235 28 20 drone
1080 1 285 233 28 20 drone
1081 1 289 230 28 20 drone
1082 1 293 227 28 20 drone
1083 1 297 225 28 20 drone
1084 1 301 222 28 20 drone
1085 1 305 219 28 20 drone
1086 1 307 212 27 28 drone
1087 1 311 209 27 28 drone
1088 1 314 206 27 28 drone
1089 1 318 203 27 28 drone
1090 1 322 200 28 29 drone
1091 1 325 196 28 29 drone
1092 1 329 193 28 29 drone
1093 1 332 190 28 29 drone
1094 1 335 187 28 29 drone
1095 1 338 184 28 29 drone
1096 1 341 180 28 29 drone
1097 1 344 177 28 29 drone
1098 1 347 174 28 29 drone
1099 1 350 171 28 29 drone
1100 1 352 167 28 29 drone
1101 1 355 164 28 30 drone
1102 1 358 161 28 29 drone
1103 1 360 158 28 29 drone
1104 1 363 155 28 29 drone
1105 1 365 151 28 30 drone
1106 1 367 148 29 30 drone
1107 1 369 145 29 30 drone
1108 1 372 142 29 30 drone
1109 1 374 139 29 30 drone
1110 1 375 136 29 30 drone
1111 1 377 133 29 30 drone
1112 1 379 130 29 30 drone
1113 1 381 127 29 30 drone
1114 1 382 125 29 30 drone
1115 1 384 122 29 30 drone
1116 1 385 119 29 30 drone
1117 1 387 116 28 29 drone
1118 1 388 113 28 29 drone
1119 1 390 111 28 29 drone
1120 1 391 108 28 29 drone
1121 1 392 105 28 29 drone
1122 1 393 103 28 29 drone
1123 1 394 100 27 28 drone
1124 1 395 98 27 28 drone
1125 1 396 96 27 28 drone
1126 1 397 92 27 29 drone
1127 1 398 90 27 29 drone
1128 1 399 88 27 29 drone
1129 1 398 85 26 28 drone
1130 1 399 83 26 28 drone
1131 1 399 81 26 28 drone
1132 1 400 80 26 28 drone
1133 1 400 78 26 28 drone
1134 1 401 77 26 28 drone
1135 1 401 75 26 28 drone
1136 1 402 74 26 28 drone
1137 1 402 72 26 28 drone
1138 1 402 71 26 28 drone
1139 1 403 70 26 28 drone
1140 1 403 69 26 28 drone
1141 1 404 69 26 28 drone
1142 1 404 68 26 28 drone
1143 1 405 67 25 25 drone
1144 1 406 66 25 25 drone
1145 1 406 66 24 24 drone
1146 1 406 66 24 24 drone
1147 1 407 66 24 24 drone
1148 1 407 66 24 24 drone
1149 1 408 66 23 23 drone
1150 1 408 65 25 25 drone
1151 1 409 66 23 23 drone
1152 1 410 66 22 22 drone
1153 1 408 66 28 19 drone
1154 1 408 67 28 19 drone
1155 1 409 67 27 18 drone
1156 1 410 68 26 18 drone
1157 1 410 68 27 18 drone
1158 1 411 69 26 18 drone
1159 1 412 70 25 17 drone
1160 1 412 71 25 17 drone
1161 1 413 73 25 17 drone
1162 1 413 74 24 16 drone
1163 1 414 75 24 16 drone
1164 1 414 76 24 16 drone
1165 1 415 78 23 16 drone
1166 1 415 80 22 15 drone
1167 1 416 82 22 15 drone
1168 1 417 84 22 15 drone
1169 1 417 86 21 15 drone
1170 1 418 89 21 14 drone
1171 1 418 92 21 14 drone
1172 1 419 102 20 14 drone
1173 1 419 118 20 13 drone
1174 1 420 132 20 13 drone
1175 1 421 140 19 13 drone
1176 1 422 147 19 13 drone
1177 1 422 155 19 13 drone
1178 1 423 160 18 13 drone
1179 1 423 165 19 13 drone
1180 1 424 170 18 12 drone
1181 1 423 174 18 12 drone
1182 1 423 179 19 13 drone
1183 1 424 182 18 12 drone
1184 1 424 186 18 12 drone
1185 1 424 188 18 12 drone
1186 1 425 191 18 12 drone
1187 1 425 194 18 12 drone
1188 1 425 198 18 12 drone
1189 1 425 201 17 12 drone
1190 1 426 203 17 12 drone
1191 1 426 206 17 11 drone
1192 1 426 209 17 11 drone
1193 1 426 212 17 11 drone
1194 1 426 215 17 11 drone
1195 1 426 218 17 11 drone
1196 1 426 221 17 12 drone
1197 1 426 225 17 12 drone
1198 1 426 228 16 11 drone
1199 1 426 231 16 11 drone
1200 1 426 235 16 11 drone
1201 1 426 239 16 11 drone
1202 1 426 242 16 11 drone
1203 1 426 246 16 11 drone
1204 1 426 249 16 11 drone
1205 1 426 253 15 10 drone
1206 1 426 257 15 10 drone
1207 1 426 260 16 11 drone
1208 1 425 264 16 11 drone
1209 1 425 268 16 11 drone
1210 1 425 272 16 11 drone
1211 1 425 276 16 11 drone
1212 1 424 280 16 11 drone
1213 1 423 283 17 11 drone
1214 1 423 288 17 11 drone
1215 1 422 291 17 11 drone
1216 1 422 295 17 12 drone
1217 1 421 299 17 11 drone
1218 1 421 303 17 12 drone
1219 1 420 307 17 12 drone
1220 1 419 311 17 12 drone
1221 1 418 314 17 12 drone
1222 1 417 317 18 12 drone
1223 1 416 317 18 12 drone
1224 1 415 314 17 12 drone
1225 1 414 310 17 12 drone
1226 1 413 308 17 12 drone
1227 1 412 305 17 12 drone
1228 1 411 303 17 11 drone
1229 1 410 299 17 12 drone
1230 1 408 294 17 12 drone
1231 1 407 291 17 12 drone
1232 1 405 288 17 12 drone
1233 1 403 282 17 12 drone
1234 1 401 270 17 12 drone
1235 1 399 258 17 12 drone
1236 1 398 249 18 12 drone
1237 1 396 241 18 12 drone
1238 1 394 232 18 12 drone
1239 1 391 222 18 12 drone
1240 1 389 214 18 12 drone
1241 1 387 206 18 13 drone
1242 1 384 197 18 13 drone
1243 1 382 189 19 13 drone
1244 1 379 181 18 13 drone
1245 1 376 169 19 19 drone
1246 1 373 161 19 19 drone
1247 1 371 153 19 19 drone
1248 1 367 146 19 19 drone
1249 1 365 138 19 19 drone
1250 1 362 130 19 19 drone
1251 1 359 122 19 19 drone
1252 1 356 114 19 19 drone
1253 1 354 109 18 18 drone
1254 1 351 111 19 19 drone
1255 1 348 112 19 19 drone
1256 1 345 113 19 19 drone
1257 1 342 114 19 19 drone
1258 1 339 116 19 19 drone
1259 1 336 119 19 19 drone
1260 1 333 123 18 18 drone
1261 1 330 127 18 18 drone
1262 1 327 131 19 19 drone
1263 1 324 135 18 18 drone
1264 1 321 139 18 18 drone
1265 1 318 143 18 18 drone
1266 1 315 147 17 17 drone
1267 1 312 151 17 17 drone
1268 1 309 155 17 17 drone
1269 1 305 159 17 17 drone
1270 1 302 163 17 17 drone
1271 1 298 167 17 17 drone
1272 1 295 171 17 17 drone
1273 1 292 175 17 17 drone
1274 1 288 179 17 17 drone
1275 1 284 183 17 17 drone
1276 1 281 187 17 17 drone
1277 1 278 191 17 17 drone
1278 1 274 195 18 18 drone
1279 1 271 199 17 17 drone
1280 1 267 203 18 18 drone
1281 1 265 207 18 18 drone
1282 1 261 212 18 18 drone
1283 1 258 216 18 18 drone
1284 1 256 220 18 18 drone
1285 1 253 225 17 17 drone
1286 1 251 229 18 18 drone
1287 1 251 233 17 17 drone
1288 1 255 237 18 18 drone
1289 1 264 242 17 17 drone
1290 1 274 246 17 17 drone
1291 1 275 250 26 17 drone
1292 1 283 254 26 17 drone
1293 1 291 258 25 16 drone
1294 1 299 263 25 16 drone
1295 1 308 267 24 16 drone
1296 1 315 271 24 16 drone
1297 1 323 276 24 16 drone
1298 1 330 280 24 16 drone
1299 1 337 284 24 16 drone
1300 1 345 288 24 16 drone
1301 1 352 292 24 16 drone
1302 1 358 296 25 20 drone
1303 1 365 300 25 20 drone
1304 1 371 302 25 20 drone
1305 1 377 303 25 20 drone
1306 1 383 300 25 20 drone
1307 1 389 297 25 20 drone
1308 1 394 296 25 20 drone
1309 1 400 295 25 20 drone
1310 1 406 295 25 20 drone
1311 1 412 296 24 19 drone
1312 1 416 297 25 20 drone
1313 1 421 298 25 20 drone
1314 1 424 298 27 22 drone
1315 1 429 300 27 21 drone
1316 1 433 301 27 22 drone
1317 1 437 303 27 22 drone
1318 1 441 305 28 23 drone
1319 1 445 307 29 23 drone
1320 1 450 310 28 23 drone
1321 1 454 312 28 22 drone
1322 1 458 315 27 22 drone
1323 1 461 317 28 22 drone
1324 1 465 319 29 23 drone
1325 1 468 321 29 23 drone
1326 1 471 323 30 24 drone
1327 1 474 325 30 24 drone
1328 1 476 326 31 24 drone
1329 1 479 328 31 25 drone
1330 1 482 330 31 25 drone
1331 1 485 331 31 25 drone
1332 1 487 333 31 25 drone
1333 1 490 334 31 25 drone
1334 1 492 336 31 25 drone
1335 1 494 337 32 26 drone
1336 1 496 338 33 26 drone
1337 1 498 339 33 26 drone
1338 1 500 341 33 26 drone
1339 1 502 342 33 26 drone
1340 1 504 343 33 26 drone
1341 1 506 345 33 26 drone
1342 1 507 346 33 26 drone
1343 1 509 347 33 26 drone
1344 1 510 349 33 26 drone
1345 1 512 350 33 26 drone
1346 1 513 351 33 26 drone
1347 1 514 352 32 26 drone
1348 1 514 353 32 26 drone
1349 1 512 354 32 26 drone
1350 1 508 355 32 26 drone
1351 1 504 356 33 26 drone
1352 1 501 357 33 26 drone
1353 1 498 357 33 26 drone
1354 1 494 358 33 26 drone
1355 1 490 358 33 26 drone
1356 1 487 359 33 26 drone
1357 1 484 359 33 27 drone
1358 1 480 360 33 26 drone
1359 1 476 360 34 27 drone
1360 1 472 361 34 27 drone
1361 1 468 361 33 27 drone
1362 1 464 360 34 27 drone
1363 1 461 359 33 27 drone
1364 1 457 356 33 27 drone
1365 1 452 352 34 27 drone
1366 1 449 348 33 27 drone
1367 1 444 344 34 27 drone
1368 1 440 340 34 27 drone
1369 1 436 339 34 28 drone
1370 1 432 338 35 28 drone
1371 1 428 337 35 28 drone
1372 1 424 337 40 25 drone
1373 1 420 336 40 25 drone
1374 1 419 333 40 25 drone
1375 1 420 329 40 25 drone
1376 1 420 324 41 25 drone
1377 1 420 320 40 25 drone
1378 1 420 315 40 25 drone
1379 1 420 310 40 25 drone
1380 1 420 305 41 25 drone
1381 1 420 300 41 26 drone
1382 1 419 294 41 26 drone
1383 1 420 288 41 25 drone
1384 1 419 282 41 26 drone
1385 1 419 277 42 26 drone
1386 1 420 271 41 26 drone
1387 1 420 265 42 26 drone
1388 1 420 258 42 26 drone
1389 1 421 251 42 26 drone
1390 1 421 244 42 26 drone
1391 1 422 237 42 27 drone
1392 1 422 230 43 27 drone
1393 1 424 223 42 27 drone
1394 1 424 214 43 27 drone
1395 1 425 206 44 27 drone
1396 1 426 197 44 27 drone
1397 1 428 188 44 27 drone
1398 1 429 178 44 28 drone
1399 1 431 169 44 28 drone
1400 1 433 158 45 28 drone
1401 1 435 147 45 28 drone
1402 1 436 136 46 29 drone
1403 1 439 125 46 29 drone
1404 1 441 113 46 28 drone
1405 1 444 101 46 29 drone
1406 1 446 89 46 29 drone
1407 1 449 77 47 29 drone
1408 1 451 66 47 29 drone
1409 1 453 58 48 30 drone
1410 1 456 52 48 30 drone
1411 1 459 45 48 30 drone
1412 1 462 38 49 31 drone
1413 1 466 32 49 31 drone
1414 1 476 26 50 31 drone
1415 1 491 20 50 31 drone
1416 1 509 14 49 31 drone
1417 1 523 9 50 31 drone
1418 1 536 3 50 31 drone
1419 1 548 -1 50 31 drone
1420 1 559 -6 50 31 drone
1421 1 570 -10 50 31 drone
1422 1 580 -15 50 31 drone
1423 1 591 -18 47 30 drone
1424 0
1425 0
1426 0
1427 0
1428 0
1429 0
1430 0
1431 0
1432 0
1433 0
1434 0
1435 0
1436 0
1437 0
1438 0
1439 0
1440 0
1441 0
1442 0
1443 0
1444 0
1445 0
1446 0
1447 0
1448 0
1449 0
1450 0
1451 0
1452 0
1453 0
1454 0
1455 0
1456 0
1457 0
1458 0
1459 0
1460 0
1461 0
1462 0
1463 0
1464 0
1465 0
1466 0
1467 0
1468 0
1469 0
1470 0
1471 0
1472 0
1473 0
1474 0
1475 0
1476 0
1477 0
1478 0
1479 0
1480 0
1481 0
1482 0
1483 1 528 1 48 28 drone
1484 1 524 8 48 28 drone
1485 1 521 2 48 41 drone
1486 1 517 6 47 44 drone
1487 1 514 14 46 43 drone
1488 1 510 22 46 43 drone
1489 1 507 29 45 42 drone
1490 1 504 36 45 42 drone
1491 1 501 45 44 41 drone
1492 1 498 54 41 38 drone
1493 1 495 62 40 37 drone
1494 1 492 70 39 36 drone
1495 1 490 78 38 36 drone
1496 1 487 88 36 34 drone
1497 1 485 97 35 33 drone
1498 1 482 105 34 32 drone
1499 1 479 113 34 32 drone
1500 1 477 122 43 31 drone
1501 1 474 131 42 31 drone
1502 1 472 140 41 30 drone
1503 1 469 149 41 29 drone
1504 1 466 157 41 29 drone
1505 1 463 166 40 29 drone
1506 1 456 175 45 27 drone
1507 1 454 184 44 26 drone
1508 1 451 192 44 26 drone
1509 1 449 198 43 26 drone
1510 1 447 202 42 25 drone
1511 1 444 206 42 25 drone
1512 1 441 209 43 26 drone
1513 1 439 212 42 25 drone
1514 1 436 214 43 26 drone
1515 1 434 216 43 26 drone
1516 1 431 217 43 26 drone
1517 1 429 219 43 26 drone
1518 1 427 219 43 26 drone
1519 1 429 220 42 25 drone
1520 1 433 220 42 25 drone
1521 1 437 220 42 25 drone
1522 1 440 219 43 26 drone
1523 1 443 219 43 26 drone
1524 1 447 218 43 26 drone
1525 1 451 217 43 26 drone
1526 1 455 216 43 26 drone
1527 1 459 216 43 26 drone
1528 1 463 215 43 26 drone
1529 1 468 214 42 25 drone
1530 1 473 213 42 25 drone
1531 1 477 212 42 29 drone
1532 1 482 211 42 29 drone
1533 1 485 209 42 29 drone
1534 1 489 207 43 29 drone
1535 1 493 205 43 30 drone
1536 1 496 203 44 30 drone
