0 1 1036 488 24 20 drone
1 1 992 467 24 20 drone
2 1 967 450 24 20 drone
3 1 933 445 24 23 drone
4 1 922 429 24 23 drone
5 1 906 424 24 23 drone
6 1 894 417 24 23 drone
7 1 884 415 25 24 drone
8 1 876 410 25 24 drone
9 1 872 409 25 24 drone
10 1 873 404 25 24 drone
11 1 858 401 25 24 drone
12 1 850 401 25 24 drone
13 1 841 398 25 24 drone
14 1 830 393 25 24 drone
15 1 826 395 25 24 drone
16 1 819 414 25 24 drone
17 1 803 443 25 24 drone
18 1 784 492 25 24 drone
19 1 779 537 24 23 drone
20 1 767 580 27 17 drone
21 1 756 608 26 17 drone
22 1 773 625 26 17 drone
23 1 774 656 26 17 drone
24 1 805 670 26 17 drone
25 1 890 682 26 17 drone
26 1 934 685 26 17 drone
27 1 996 683 26 17 drone
28 1 1057 675 26 17 drone
29 1 1082 666 26 17 drone
30 1 1109 656 27 18 drone
31 1 1115 648 27 18 drone
32 1 1116 640 27 18 drone
33 1 1102 636 27 18 drone
34 1 1097 627 28 19 drone
35 1 1087 622 28 19 drone
36 1 1079 619 28 19 drone
37 1 1069 616 28 19 drone
38 1 1060 611 28 19 drone
39 1 1046 605 28 19 drone
40 1 1036 601 28 19 drone
41 1 1026 609 30 20 drone
42 1 1021 638 30 20 drone
43 1 1009 672 25 17 drone
44 1 1004 706 24 16 drone
45 1 1006 726 23 15 drone
46 1 1034 735 23 15 drone
47 1 1055 732 22 14 drone
48 1 1106 728 23 15 drone
49 1 1189 715 23 15 drone
50 1 1226 708 23 15 drone
51 1 1238 694 22 17 drone
52 1 1234 690 23 18 drone
53 1 1219 680 22 17 drone
54 1 1212 676 22 17 drone
55 1 1194 667 23 18 drone
56 1 1183 665 23 18 drone
57 1 1185 665 23 18 drone
58 1 1178 666 23 18 drone
59 1 1171 664 23 18 drone
60 1 1153 664 23 18 drone
61 1 1140 662 23 18 drone
62 1 1125 661 23 18 drone
63 1 1115 659 22 17 drone
64 1 1106 664 22 17 drone
65 1 1094 668 22 17 drone
66 1 1087 674 21 16 drone
67 1 1078 690 20 15 drone
68 1 1067 711 20 15 drone
69 1 1053 739 24 22 drone
70 1 1035 771 24 22 drone
71 1 1029 793 24 22 drone
72 1 1020 812 23 21 drone
73 1 1011 822 24 22 drone
74 1 1013 831 24 22 drone
75 1 1008 839 24 22 drone
76 1 1008 845 24 22 drone
77 1 996 850 25 23 drone
78 1 992 853 25 23 drone
79 1 986 857 25 23 drone
80 1 980 860 25 23 drone
81 1 983 867 25 23 drone
82 1 980 870 25 23 drone
83 1 977 873 25 23 drone
84 1 982 877 25 23 drone
85 1 982 878 25 23 drone
86 1 982 882 24 22 drone
87 1 989 885 24 22 drone
88 1 1016 882 24 22 drone
89 1 1087 882 24 22 drone
90 1 1161 886 24 14 drone
91 1 1181 885 32 14 drone
92 1 1192 885 32 14 drone
93 1 1191 885 32 14 drone
94 1 1187 885 32 14 drone
95 1 1187 884 32 14 drone
96 1 1188 883 32 14 drone
97 1 1187 880 32 14 drone
98 1 1190 878 34 15 drone
99 1 1191 877 32 14 drone
100 1 1186 877 32 14 drone
101 1 1189 874 32 14 drone
102 1 1187 871 32 14 drone
103 1 1187 870 32 14 drone
104 1 1186 866 32 14 drone
105 1 1181 861 32 14 drone
106 1 1181 861 32 14 drone
107 1 1176 856 34 15 drone
108 1 1177 856 32 14 drone
109 1 1176 854 32 14 drone
110 1 1171 850 32 14 drone
111 1 1173 848 30 13 drone
112 1 1170 846 30 13 drone
113 1 1173 843 30 13 drone
114 1 1173 836 30 13 drone
115 1 1177 836 32 14 drone
116 1 1183 835 30 13 drone
117 1 1184 833 29 13 drone
118 1 1184 830 29 13 drone
119 1 1181 829 29 13 drone
120 1 1180 824 29 13 drone
121 1 1185 825 28 12 drone
122 1 1181 825 28 12 drone
123 1 1184 823 28 12 drone
124 1 1185 822 29 13 drone
125 1 1187 820 30 13 drone
126 1 1187 819 30 13 drone
127 1 1182 818 30 13 drone
128 1 1181 813 30 13 drone
129 1 1182 814 30 13 drone
130 1 1192 813 30 13 drone
131 1 1192 816 30 13 drone
132 1 1188 815 30 13 drone
133 1 1186 817 31 14 drone
134 1 1182 816 31 14 drone
135 1 1184 814 31 14 drone
136 1 1177 816 33 14 drone
137 1 1174 814 33 14 drone
138 1 1175 813 33 14 drone
139 1 1180 808 35 15 drone
140 1 1188 807 33 14 drone
141 1 1198 808 33 14 drone
142 1 1197 805 31 14 drone
143 1 1197 801 31 14 drone
144 1 1197 790 30 13 drone
145 1 1194 779 30 13 drone
146 1 1191 764 29 12 drone
147 1 1186 750 27 12 drone
148 1 1187 742 26 11 drone
149 1 1183 734 25 11 drone
150 1 1177 730 25 11 drone
151 1 1158 724 24 10 drone
152 1 1121 721 24 10 drone
153 1 1050 715 29 10 drone
154 1 977 710 25 15 drone
155 1 932 711 24 14 drone
156 1 893 711 25 11 drone
157 1 888 714 25 11 drone
158 1 893 715 25 11 drone
159 1 893 716 26 12 drone
160 1 891 711 28 12 drone
161 1 880 706 28 12 drone
162 1 889 702 28 12 drone
163 1 896 698 26 12 drone
164 1 903 696 28 12 drone
165 1 907 693 28 12 drone
166 1 915 693 29 13 drone
167 1 918 692 28 12 drone
168 1 922 690 26 12 drone
169 1 924 686 28 12 drone
170 1 926 681 28 12 drone
171 1 932 677 28 12 drone
172 1 933 666 26 12 drone
173 1 943 658 25 11 drone
174 1 945 637 25 11 drone
175 1 948 606 27 13 drone
176 1 952 590 28 14 drone
177 1 953 573 30 14 drone
178 1 955 565 30 14 drone
179 1 952 555 28 14 drone
180 1 949 551 30 14 drone
181 1 933 548 31 15 drone
182 1 840 551 30 14 drone
183 1 798 552 31 15 drone
184 1 759 552 31 15 drone
185 1 753 555 32 12 drone
186 1 756 558 32 12 drone
187 1 769 561 30 11 drone
188 1 794 568 29 11 drone
189 1 818 572 30 11 drone
190 1 823 573 30 11 drone
191 1 831 576 30 11 drone
192 1 841 578 30 11 drone
193 1 855 578 30 11 drone
194 1 860 579 30 11 drone
195 1 875 581 30 11 drone
196 1 886 583 32 12 drone
197 1 881 585 34 13 drone
198 1 885 586 34 13 drone
199 1 896 590 32 12 drone
200 1 902 591 32 12 drone
201 1 886 598 32 12 drone
202 1 900 594 34 13 drone
203 1 914 600 32 12 drone
204 1 926 597 34 13 drone
205 1 932 599 35 13 drone
206 1 945 601 34 13 drone
207 1 946 602 34 13 drone
208 1 954 601 35 13 drone
209 1 963 603 34 13 drone
210 1 974 607 32 12 drone
211 1 984 611 32 12 drone
212 1 995 612 32 12 drone
213 1 1000 613 32 12 drone
214 1 1001 610 34 13 drone
215 1 1007 611 32 12 drone
216 1 1014 611 32 12 drone
217 1 1016 611 32 12 drone
218 1 1020 611 30 11 drone
219 1 1032 612 30 11 drone
220 1 1036 612 30 11 drone
221 1 1044 611 30 11 drone
222 1 1045 612 30 11 drone
223 1 1054 614 30 11 drone
224 1 1054 613 32 12 drone
225 1 1054 615 32 12 drone
226 1 1059 614 32 12 drone
227 1 1059 615 32 12 drone
228 1 1056 618 32 12 drone
229 1 1051 619 30 11 drone
230 1 1060 619 30 11 drone
231 1 1052 618 29 11 drone
232 1 1054 618 28 10 drone
233 1 1056 620 26 10 drone
234 1 1059 618 26 10 drone
235 1 1055 619 26 10 drone
236 1 1053 619 26 10 drone
237 1 1054 619 26 10 drone
238 1 1052 620 28 10 drone
239 1 1047 619 29 11 drone
240 1 1045 619 30 11 drone
241 1 1045 621 30 11 drone
242 1 1042 619 30 11 drone
243 1 1035 618 30 11 drone
244 1 1038 618 30 11 drone
245 1 1043 621 30 11 drone
246 1 1042 621 30 11 drone
247 1 1043 622 30 11 drone
248 1 1047 623 29 11 drone
249 1 1047 624 30 11 drone
250 1 1047 624 30 11 drone
251 1 1045 625 30 11 drone
252 1 1044 627 30 11 drone
253 1 1044 625 30 11 drone
254 1 1037 625 29 11 drone
255 1 1037 625 29 11 drone
256 1 1033 625 29 11 drone
257 1 1029 625 29 11 drone
258 1 1018 620 24 17 drone
259 1 1014 618 24 17 drone
260 1 1009 617 24 17 drone
261 1 1001 614 25 18 drone
262 1 996 610 25 18 drone
263 1 988 611 25 18 drone
264 1 982 608 25 18 drone
265 1 977 606 25 18 drone
266 1 967 604 25 18 drone
267 1 966 604 24 17 drone
268 1 957 602 25 18 drone
269 1 948 601 24 17 drone
270 1 942 599 23 16 drone
271 1 937 599 23 16 drone
272 1 929 596 24 17 drone
273 1 918 597 24 17 drone
274 1 913 596 24 17 drone
275 1 909 596 24 17 drone
276 1 903 595 24 17 drone
277 1 899 594 23 16 drone
278 1 893 592 22 15 drone
279 1 879 590 22 15 drone
280 1 872 589 22 15 drone
281 1 867 586 22 15 drone
282 1 852 585 22 15 drone
283 1 845 583 22 15 drone
284 1 836 585 22 15 drone
285 1 826 586 23 16 drone
286 1 815 586 23 16 drone
287 1 812 589 22 15 drone
288 1 799 582 22 15 drone
289 1 796 585 22 15 drone
290 1 786 585 21 14 drone
291 1 781 587 21 14 drone
292 1 772 587 21 14 drone
293 1 764 588 20 14 drone
294 1 768 593 20 14 drone
295 1 766 596 20 14 drone
296 1 768 600 20 14 drone
297 1 774 606 19 13 drone
298 1 782 607 19 13 drone
299 1 785 609 19 13 drone
300 1 795 611 19 13 drone
301 1 797 612 19 13 drone
302 1 804 615 19 13 drone
303 1 804 618 18 12 drone
304 1 813 620 18 12 drone
305 1 834 627 17 12 drone
306 1 842 626 17 15 drone
307 1 860 628 18 16 drone
308 1 875 634 18 16 drone
309 1 886 637 18 16 drone
310 1 897 641 18 16 drone
311 1 905 641 18 16 drone
312 1 915 644 18 16 drone
313 1 924 643 18 16 drone
314 1 938 649 18 16 drone
315 1 959 651 18 16 drone
316 1 968 651 18 16 drone
317 1 983 650 18 16 drone
318 1 993 654 18 16 drone
319 1 1009 656 18 16 drone
320 1 1023 656 18 16 drone
321 1 1040 655 18 16 drone
322 1 1058 656 18 16 drone
323 1 1074 658 17 15 drone
324 1 1094 657 17 15 drone
325 1 1104 657 18 16 drone
326 1 1122 656 18 16 drone
327 1 1130 657 18 16 drone
328 1 1135 655 18 16 drone
329 1 1143 655 18 16 drone
330 1 1140 652 18 16 drone
331 1 1144 651 18 16 drone
332 1 1149 650 17 15 drone
333 1 1157 648 17 15 drone
334 1 1163 647 17 15 drone
335 1 1172 646 17 15 drone
336 1 1183 645 17 15 drone
337 1 1192 644 18 16 drone
338 1 1205 643 18 16 drone
339 1 1220 640 18 16 drone
340 1 1235 642 18 16 drone
341 1 1242 641 19 17 drone
342 1 1256 640 19 17 drone
343 1 1268 642 19 17 drone
344 1 1280 642 19 17 drone
345 1 1290 642 20 17 drone
346 1 1296 640 21 18 drone
347 1 1310 639 21 18 drone
348 1 1314 639 21 18 drone
349 1 1316 641 21 18 drone
350 1 1318 639 22 19 drone
351 1 1269 646 22 19 drone
352 1 1224 647 22 19 drone
353 0
354 0
355 0
356 0
357 0
358 0
359 0
360 0
361 1 955 655 25 18 drone
362 1 970 655 25 18 drone
363 1 976 652 25 18 drone
364 1 993 653 18 13 drone
365 1 1000 655 18 13 drone
366 1 1011 653 17 12 drone
367 1 1019 656 17 12 drone
368 1 1026 654 17 12 drone
369 1 1034 657 18 13 drone
370 1 1041 654 17 12 drone
371 1 1051 654 17 12 drone
372 1 1059 653 17 12 drone
373 1 1068 652 18 13 drone
374 1 1066 653 17 12 drone
375 1 1078 651 18 13 drone
376 1 1081 649 18 13 drone
377 1 1087 651 17 12 drone
378 1 1092 653 17 12 drone
379 1 1090 652 17 12 drone
380 1 1092 649 17 12 drone
381 1 1088 649 17 12 drone
382 1 1089 649 17 12 drone
383 1 1088 650 17 12 drone
384 1 1089 647 17 12 drone
385 1 1092 649 17 12 drone
386 1 1086 649 17 12 drone
387 1 1087 648 17 12 drone
388 1 1084 650 17 12 drone
389 1 1081 651 17 12 drone
390 1 1078 650 17 12 drone
391 1 1074 647 17 12 drone
392 1 1066 646 17 12 drone
393 1 1068 648 17 12 drone
394 1 1064 647 17 12 drone
395 1 1060 648 17 12 drone
396 1 1054 648 18 13 drone
397 1 1055 648 17 12 drone
398 1 1064 647 18 13 drone
399 1 1076 651 17 12 drone
400 1 1082 649 17 12 drone
401 1 1080 650 17 12 drone
402 1 1087 650 17 12 drone
403 1 1084 654 17 12 drone
404 1 1079 653 17 12 drone
405 1 1072 653 17 12 drone
406 1 1066 651 17 12 drone
407 1 1063 653 17 12 drone
408 1 1062 650 18 13 drone
409 1 1057 651 17 12 drone
410 1 1050 650 17 12 drone
411 1 1049 649 17 12 drone
412 1 1047 649 17 12 drone
413 1 1034 650 16 12 drone
414 1 1036 648 17 12 drone
415 1 1023 649 17 12 drone
416 1 1015 646 17 12 drone
417 1 1011 646 17 12 drone
418 1 999 645 17 12 drone
419 1 990 644 17 12 drone
420 1 981 642 17 12 drone
421 1 975 642 17 12 drone
422 1 967 642 17 12 drone
423 1 963 643 17 12 drone
424 1 958 643 17 12 drone
425 1 957 644 17 12 drone
426 1 942 645 17 12 drone
427 1 937 645 17 12 drone
428 1 928 645 17 12 drone
429 1 920 646 16 12 drone
430 1 910 647 16 12 drone
431 1 898 650 16 12 drone
432 1 889 652 16 12 drone
433 1 869 651 17 12 drone
434 1 866 655 17 12 drone
435 1 861 654 17 12 drone
436 1 857 652 17 12 drone
437 1 846 652 17 12 drone
438 1 837 652 17 12 drone
439 1 831 649 17 12 drone
440 1 819 648 17 12 drone
441 1 802 651 16 12 drone
442 1 796 647 17 12 drone
443 1 789 646 18 13 drone
444 1 783 645 19 14 drone
445 1 770 645 18 13 drone
446 1 760 643 18 13 drone
447 1 747 643 18 13 drone
448 1 735 641 18 13 drone
449 1 721 641 18 13 drone
450 1 703 641 18 13 drone
451 1 687 641 18 13 drone
452 1 673 640 18 13 drone
453 1 662 640 17 12 drone
454 1 651 637 17 12 drone
455 1 640 637 16 12 drone
456 1 627 636 16 12 drone
457 1 611 635 16 12 drone
458 1 601 635 16 12 drone
459 1 591 640 16 12 drone
460 1 590 640 16 12 drone
461 1 574 640 17 12 drone
462 1 568 637 17 12 drone
463 1 567 639 17 12 drone
464 1 562 637 17 12 drone
465 1 563 637 17 12 drone
466 1 559 638 17 12 drone
467 1 551 637 17 12 drone
468 1 544 640 17 12 drone
469 1 538 642 18 13 drone
470 1 534 645 18 13 drone
471 1 532 648 18 13 drone
472 1 528 652 18 13 drone
473 1 517 653 18 13 drone
474 1 508 652 18 13 drone
475 1 496 654 18 13 drone
476 1 495 657 18 13 drone
477 1 487 658 19 14 drone
478 1 480 660 20 14 drone
479 1 469 660 21 15 drone
480 1 463 659 22 16 drone
481 1 454 660 23 17 drone
482 1 454 661 23 17 drone
483 1 448 662 23 17 drone
484 1 445 664 23 17 drone
485 1 440 664 23 17 drone
486 1 443 667 23 17 drone
487 1 498 669 23 17 drone
488 1 594 673 23 17 drone
489 1 702 677 22 16 drone
490 1 766 680 22 16 drone
491 1 809 678 21 20 drone
492 1 852 678 21 20 drone
493 1 878 679 21 20 drone
494 1 912 684 21 20 drone
495 1 925 686 22 21 drone
496 1 935 688 21 20 drone
497 1 963 689 22 21 drone
498 1 1010 693 21 20 drone
499 1 1067 695 21 20 drone
500 1 1091 698 20 19 drone
501 1 1102 702 19 18 drone
502 1 1097 704 20 19 drone
503 1 1088 706 20 19 drone
504 1 1075 707 21 20 drone
505 1 1075 709 21 20 drone
506 1 1068 710 21 20 drone
507 1 1057 712 21 20 drone
508 1 1040 712 21 20 drone
509 1 1038 714 21 20 drone
510 1 1046 719 21 20 drone
511 1 1042 717 21 20 drone
512 1 1044 720 21 20 drone
513 1 1046 724 21 20 drone
514 1 1043 726 21 20 drone
515 1 1044 727 21 20 drone
516 1 1048 731 20 19 drone
517 1 1058 731 20 19 drone
518 1 1068 734 20 19 drone
519 1 1073 734 20 19 drone
520 1 1086 734 19 18 drone
521 1 1094 734 19 18 drone
522 1 1099 734 19 18 drone
523 1 1109 734 19 18 drone
524 1 1122 735 19 18 drone
525 1 1132 737 19 18 drone
526 1 1135 740 19 18 drone
527 1 1138 742 19 18 drone
528 1 1131 743 19 18 drone
529 1 1130 744 19 18 drone
530 1 1128 744 19 18 drone
531 1 1133 743 19 18 drone
532 1 1143 743 19 18 drone
533 1 1158 744 19 18 drone
534 1 1172 745 20 19 drone
535 1 1183 745 21 20 drone
536 1 1197 743 21 20 drone
537 1 1204 737 20 19 drone
538 1 1210 738 19 18 drone
539 1 1194 733 19 18 drone
540 1 1186 729 20 19 drone
541 1 1192 729 20 19 drone
542 1 1198 727 20 19 drone
543 1 1211 727 20 15 drone
544 1 1223 726 20 15 drone
545 1 1237 725 20 15 drone
546 1 1249 726 21 16 drone
547 1 1257 723 22 17 drone
548 1 1265 721 22 17 drone
549 1 1274 719 22 17 drone
550 1 1284 722 22 17 drone
551 1 1286 720 22 17 drone
552 1 1284 719 23 17 drone
553 1 1274 718 23 17 drone
554 1 1270 715 23 17 drone
555 1 1257 714 23 17 drone
556 1 1243 714 23 17 drone
557 1 1229 711 24 18 drone
558 1 1217 709 24 18 drone
559 1 1203 711 24 18 drone
560 1 1200 711 24 18 drone
561 1 1190 710 23 17 drone
562 1 1190 711 22 17 drone
563 1 1191 711 23 17 drone
564 1 1191 713 23 17 drone
565 1 1199 713 23 17 drone
566 1 1203 713 22 17 drone
567 1 1203 711 22 17 drone
568 1 1206 712 22 17 drone
569 1 1218 713 22 17 drone
570 1 1222 709 22 17 drone
571 1 1231 712 22 17 drone
572 1 1240 710 22 17 drone
573 1 1243 709 22 17 drone
574 1 1246 709 21 16 drone
575 1 1224 710 20 15 drone
576 1 1125 711 20 15 drone
577 1 1052 711 19 14 drone
578 1 970 710 25 15 drone
579 1 928 710 24 15 drone
580 1 880 709 24 15 drone
581 1 860 709 25 16 drone
582 1 850 708 25 16 drone
583 1 851 707 25 16 drone
584 1 851 706 25 16 drone
585 1 855 706 25 16 drone
586 1 868 707 24 15 drone
587 1 877 708 24 15 drone
588 1 898 709 24 15 drone
589 1 911 708 25 16 drone
590 1 940 708 24 14 drone
591 1 954 709 24 14 drone
592 1 964 709 23 13 drone
593 1 975 706 23 13 drone
594 1 985 707 22 13 drone
595 1 992 707 21 12 drone
596 1 990 706 21 12 drone
597 1 982 704 21 12 drone
598 1 983 704 21 12 drone
599 1 982 703 21 12 drone
600 1 983 704 21 12 drone
601 1 961 702 21 12 drone
602 1 878 702 25 14 drone
603 1 817 703 25 11 drone
604 1 760 701 26 12 drone
605 1 730 703 27 13 drone
606 1 729 705 27 13 drone
607 1 740 707 26 12 drone
608 1 760 709 26 12 drone
609 1 775 708 26 12 drone
610 1 790 709 24 12 drone
611 1 810 708 24 12 drone
612 1 819 707 24 12 drone
613 1 836 707 24 12 drone
614 1 844 707 23 11 drone
615 1 855 707 24 12 drone
616 1 871 709 23 11 drone
617 1 873 711 23 11 drone
618 1 887 712 23 11 drone
619 1 892 713 22 11 drone
620 1 908 713 23 12 drone
621 1 921 715 23 12 drone
622 1 932 713 24 13 drone
623 1 947 711 23 12 drone
624 1 956 711 24 13 drone
625 1 969 709 24 13 drone
626 1 983 711 25 13 drone
627 1 995 712 24 13 drone
628 1 1006 715 23 12 drone
629 1 1016 716 23 12 drone
630 1 1021 716 23 12 drone
631 1 1026 717 23 12 drone
632 1 1036 719 23 12 drone
633 1 1044 718 23 12 drone
634 1 1045 717 22 11 drone
635 1 1047 716 21 11 drone
636 1 1049 717 21 11 drone
637 1 1054 715 21 11 drone
638 1 1055 713 21 11 drone
639 1 1059 711 21 11 drone
640 1 1062 709 22 11 drone
641 1 1069 708 21 11 drone
642 1 1074 709 22 11 drone
643 1 1086 706 21 11 drone
644 1 1091 707 22 11 drone
645 1 1101 707 22 11 drone
646 1 1101 705 22 11 drone
647 1 1107 705 21 11 drone
648 1 1110 706 22 11 drone
649 1 1115 705 22 11 drone
650 1 1120 705 21 11 drone
651 1 1119 705 21 11 drone
652 1 1120 702 21 11 drone
653 1 1125 703 20 10 drone
654 1 1124 704 20 10 drone
655 1 1124 687 19 10 drone
656 0
657 0
658 0
659 0
660 0
661 0
662 0
663 0
664 0
665 0
666 0
667 0
668 0
669 0
670 0
671 0
672 0
673 0
674 0
675 0
676 0
677 0
678 0
679 0
680 0
681 0
682 0
683 0
684 0
685 0
686 0
687 0
688 0
689 0
690 0
691 0
692 0
693 0
694 0
695 0
696 0
697 0
698 0
699 0
700 0
701 0
702 0
703 0
704 0
705 0
706 0
707 0
708 0
709 0
710 0
711 0
712 0
713 0
714 0
715 0
716 0
717 0
718 0
719 0
720 0
721 0
722 0
723 0
724 0
725 0
726 0
727 0
728 0
729 0
730 0
731 0
732 0
733 0
734 0
735 0
736 0
737 0
738 0
739 0
740 0
741 0
742 0
743 0
744 0
745 0
746 0
747 0
748 0
749 0
750 0
751 0
752 0
753 0
754 0
755 0
756 0
757 0
758 0
759 0
760 0
761 0
762 0
763 0
764 0
765 0
766 0
767 0
768 0
769 0
770 0
771 0
772 0
773 0
774 0
775 0
776 0
777 0
778 0
779 0
780 0
781 0
782 0
783 0
784 0
785 0
786 0
787 0
788 0
789 0
790 0
791 0
792 0
793 0
794 0
795 0
796 0
797 0
798 0
799 0
800 0
801 0
802 0
803 0
804 0
805 0
806 0
807 0
808 0
809 0
810 0
811 0
812 0
813 0
814 0
815 0
816 0
817 0
818 0
819 0
820 0
821 0
822 0
823 0
824 0
825 0
826 0
827 0
828 0
829 0
830 0
831 0
832 0
833 0
834 0
835 0
836 0
837 0
838 0
839 0
840 0
