0 1 1479 598 53 20 drone
1 1 1426 601 53 20 drone
2 1 1370 603 53 20 drone
3 1 1341 603 50 19 drone
4 1 1295 603 50 19 drone
5 1 1258 601 50 19 drone
6 1 1216 604 48 18 drone
7 1 1165 602 46 17 drone
8 1 1133 600 48 18 drone
9 1 1086 595 48 18 drone
10 1 1054 594 50 19 drone
11 1 1008 594 53 20 drone
12 1 976 595 53 20 drone
13 1 925 596 56 21 drone
14 1 882 600 53 20 drone
15 1 848 602 53 20 drone
16 1 801 600 53 20 drone
17 1 773 603 56 21 drone
18 1 745 606 53 20 drone
19 1 773 606 50 19 drone
20 1 841 612 48 18 drone
21 1 911 616 51 18 drone
22 1 959 619 51 18 drone
23 1 1007 628 51 18 drone
24 1 1046 634 54 19 drone
25 1 1101 641 51 18 drone
26 1 1148 648 49 17 drone
27 1 1216 653 51 18 drone
28 1 1258 657 51 18 drone
29 1 1263 663 51 18 drone
30 1 1295 668 51 18 drone
31 1 1317 674 51 18 drone
32 1 1357 682 56 21 drone
33 1 1371 691 56 21 drone
34 1 1413 697 53 20 drone
35 1 1459 702 53 20 drone
36 1 1488 709 53 20 drone
37 1 1515 717 50 19 drone
38 1 1518 720 53 20 drone
39 1 1501 726 53 20 drone
40 1 1471 732 50 19 drone
41 1 1432 743 50 19 drone
42 1 1423 749 50 19 drone
43 1 1426 753 52 20 drone
44 1 1423 757 52 20 drone
45 1 1425 762 50 19 drone
46 1 1436 770 48 18 drone
47 1 1452 773 50 19 drone
48 1 1473 778 50 19 drone
49 1 1465 785 48 18 drone
50 1 1446 790 48 18 drone
51 1 1433 792 48 18 drone
52 1 1409 793 48 18 drone
53 1 1369 798 48 18 drone
54 1 1341 800 48 18 drone
55 1 1303 801 50 19 drone
56 1 1302 806 48 18 drone
57 1 1287 809 48 18 drone
58 1 1290 814 48 18 drone
59 1 1308 814 48 18 drone
60 1 1333 815 50 19 drone
61 1 1341 815 50 19 drone
62 1 1342 817 50 19 drone
63 1 1322 813 50 19 drone
64 1 1289 804 53 20 drone
65 1 1254 793 50 19 drone
66 1 1224 777 48 18 drone
67 1 1190 750 46 20 drone
68 1 1162 743 48 21 drone
69 1 1126 737 48 21 drone
70 1 1091 732 48 21 drone
71 1 1073 726 48 21 drone
72 1 1041 726 48 21 drone
73 1 1032 723 46 20 drone
74 1 1034 709 46 20 drone
75 1 1047 694 46 20 drone
76 1 1074 636 46 20 drone
77 1 1096 569 44 19 drone
78 1 1134 530 42 18 drone
79 1 1191 491 51 19 drone
80 1 1243 482 49 18 drone
81 1 1300 481 51 19 drone
82 1 1321 485 49 18 drone
83 1 1347 492 46 17 drone
84 1 1401 499 44 16 drone
85 1 1451 499 47 17 drone
86 1 1485 505 49 18 drone
87 1 1499 509 47 17 drone
88 1 1507 508 47 17 drone
89 1 1493 512 47 17 drone
90 1 1482 517 47 17 drone
91 1 1512 523 45 16 drone
92 1 1538 528 43 15 drone
93 1 1622 535 43 15 drone
94 1 1688 537 43 15 drone
95 1 1749 538 51 18 drone
96 1 1767 537 51 18 drone
97 1 1762 536 51 18 drone
98 1 1815 538 51 18 drone
99 1 1885 538 49 17 drone
100 0
101 0
102 1 1869 538 48 22 drone
103 1 1832 538 48 22 drone
104 1 1786 544 50 23 drone
105 1 1754 556 50 23 drone
106 1 1714 563 50 23 drone
107 1 1654 568 48 22 drone
108 1 1613 569 48 22 drone
109 1 1559 568 46 21 drone
110 1 1524 569 46 21 drone
111 1 1470 564 46 21 drone
112 1 1413 562 46 21 drone
113 1 1376 562 48 22 drone
114 1 1322 560 51 23 drone
115 1 1284 558 51 23 drone
116 1 1224 556 49 22 drone
117 1 1191 557 47 21 drone
118 1 1135 556 47 21 drone
119 1 1082 554 45 20 drone
120 1 1044 553 47 21 drone
121 1 986 550 47 21 drone
122 1 946 548 47 21 drone
123 1 887 548 47 21 drone
124 1 852 549 47 21 drone
125 1 790 545 49 22 drone
126 1 738 542 51 23 drone
127 1 695 543 49 22 drone
128 1 647 543 49 22 drone
129 1 599 541 47 21 drone
130 1 552 541 47 21 drone
131 1 531 541 47 21 drone
132 1 575 542 49 22 drone
133 1 679 541 49 22 drone
134 1 744 548 49 22 drone
135 1 781 550 51 23 drone
136 1 797 554 51 23 drone
137 1 891 555 51 23 drone
138 1 951 562 59 13 drone
139 1 1034 567 59 13 drone
140 1 1115 564 50 21 drone
141 1 1139 564 50 21 drone
142 1 1138 567 50 21 drone
143 1 1139 568 50 21 drone
144 1 1164 571 48 20 drone
145 1 1175 571 50 21 drone
146 1 1141 572 48 20 drone
147 1 1110 575 48 20 drone
148 1 1086 576 48 20 drone
149 1 1060 578 48 20 drone
150 1 1042 576 45 19 drone
151 1 1010 577 48 20 drone
152 1 957 575 45 19 drone
153 1 896 574 43 18 drone
154 1 834 574 43 18 drone
155 1 789 574 43 18 drone
156 1 722 574 52 19 drone
157 1 677 572 52 19 drone
158 1 615 570 52 19 drone
159 1 572 572 52 19 drone
160 1 513 571 50 18 drone
161 1 449 572 45 17 drone
162 1 398 571 45 17 drone
163 1 340 570 45 17 drone
164 1 302 570 45 17 drone
165 1 384 575 45 17 drone
166 1 504 574 47 18 drone
167 1 569 575 49 19 drone
168 1 628 577 47 18 drone
169 1 655 574 49 19 drone
170 1 652 573 49 19 drone
171 1 638 572 49 19 drone
172 1 616 570 49 19 drone
173 1 613 568 49 19 drone
174 1 613 566 49 19 drone
175 1 622 564 52 20 drone
176 1 624 561 49 19 drone
177 1 615 556 47 18 drone
178 1 595 553 47 18 drone
179 1 589 549 47 18 drone
180 1 591 545 47 18 drone
181 1 592 541 47 18 drone
182 1 562 535 47 18 drone
183 1 537 532 47 18 drone
184 1 492 526 47 18 drone
185 1 472 523 47 18 drone
186 1 463 517 47 18 drone
187 1 463 513 47 18 drone
188 1 490 508 47 18 drone
189 1 519 502 49 19 drone
190 1 529 498 49 19 drone
191 1 540 494 49 19 drone
192 1 539 493 47 18 drone
193 1 542 490 49 19 drone
194 1 546 488 47 18 drone
195 1 564 488 47 18 drone
196 1 594 487 45 17 drone
197 1 623 487 47 18 drone
198 1 653 488 47 18 drone
199 1 683 488 47 18 drone
200 1 708 486 49 19 drone
201 1 728 488 49 19 drone
202 1 760 487 47 18 drone
203 1 754 487 47 18 drone
204 1 747 485 47 18 drone
205 1 758 487 47 18 drone
206 1 775 486 45 17 drone
207 1 790 485 45 17 drone
208 1 817 485 45 17 drone
209 1 851 484 47 18 drone
210 1 876 482 47 18 drone
211 1 871 484 45 17 drone
212 1 911 481 47 18 drone
213 1 960 479 48 23 drone
214 1 1006 479 46 22 drone
215 1 1005 480 46 22 drone
216 1 1055 479 44 21 drone
217 1 1131 477 46 22 drone
218 1 1175 478 49 19 drone
219 1 1216 476 51 20 drone
220 1 1241 477 54 21 drone
221 1 1233 472 54 21 drone
222 1 1213 471 51 20 drone
223 1 1155 467 51 20 drone
224 1 1088 464 51 20 drone
225 1 1042 461 47 20 drone
226 1 977 453 47 24 drone
227 1 930 453 49 25 drone
228 1 922 450 43 25 drone
229 1 968 447 43 25 drone
230 1 964 441 43 25 drone
231 1 926 443 53 21 drone
232 1 916 443 50 20 drone
233 1 884 440 48 19 drone
234 1 857 434 50 20 drone
235 1 909 431 48 19 drone
236 1 952 429 46 18 drone
237 1 952 429 46 18 drone
238 1 937 428 46 18 drone
239 1 921 429 46 18 drone
240 1 899 428 48 19 drone
241 1 889 425 46 18 drone
242 1 901 425 46 18 drone
243 1 911 424 48 19 drone
244 1 939 427 51 20 drone
245 1 960 429 48 19 drone
246 1 961 430 48 19 drone
247 1 902 424 46 18 drone
248 1 866 423 48 19 drone
249 1 820 422 48 19 drone
250 1 813 423 48 19 drone
251 1 794 422 48 19 drone
252 1 721 422 48 19 drone
253 1 692 422 48 19 drone
254 1 715 425 46 18 drone
255 1 769 424 46 20 drone
256 1 835 425 46 20 drone
257 1 898 424 44 19 drone
258 1 968 422 44 19 drone
259 1 990 423 44 19 drone
260 1 1000 421 44 19 drone
261 1 1012 419 44 19 drone
262 1 1017 423 44 19 drone
263 1 1054 420 44 19 drone
264 1 1056 418 44 19 drone
265 1 1082 418 44 19 drone
266 1 1131 409 48 22 drone
267 1 1157 406 48 22 drone
268 1 1133 399 48 22 drone
269 1 1092 394 48 22 drone
270 1 1039 391 46 21 drone
271 1 1035 389 46 21 drone
272 1 994 382 51 20 drone
273 1 965 376 54 21 drone
274 1 965 375 51 20 drone
275 1 998 374 51 20 drone
276 1 997 373 51 20 drone
277 1 984 377 51 20 drone
278 1 999 381 51 20 drone
279 1 1004 387 49 19 drone
280 1 982 385 51 20 drone
281 1 970 388 51 20 drone
282 1 975 387 51 20 drone
283 1 965 394 49 19 drone
284 1 955 397 49 19 drone
285 1 961 399 49 19 drone
286 1 975 405 49 27 drone
287 1 978 413 47 26 drone
288 1 982 420 47 26 drone
289 1 1011 424 47 26 drone
290 1 1026 428 47 26 drone
291 1 1044 433 47 26 drone
292 1 1093 429 23 26 drone
293 1 1135 425 30 26 drone
294 1 1174 422 31 27 drone
295 1 1208 421 30 25 drone
296 1 1197 421 30 25 drone
297 1 1170 423 31 26 drone
298 1 1148 422 33 28 drone
299 1 1140 421 33 28 drone
300 1 1116 424 35 29 drone
301 1 1089 424 36 30 drone
302 1 1072 428 28 26 drone
303 1 1054 438 27 25 drone
304 1 1036 444 27 25 drone
305 1 1014 450 23 19 drone
306 1 1006 448 24 20 drone
307 1 999 446 24 20 drone
308 1 997 442 24 20 drone
309 1 999 440 24 20 drone
310 1 1010 437 24 20 drone
311 1 1013 434 24 20 drone
312 1 1002 429 24 20 drone
313 1 994 428 24 20 drone
314 1 984 425 24 20 drone
315 1 972 421 24 20 drone
316 1 964 419 24 20 drone
317 1 955 416 24 20 drone
318 1 954 412 25 21 drone
319 1 946 410 25 21 drone
320 1 945 408 25 21 drone
321 1 953 405 27 22 drone
322 1 963 403 27 22 drone
323 1 990 400 23 21 drone
324 1 1029 398 22 20 drone
325 1 1067 398 22 20 drone
326 1 1086 395 21 19 drone
327 1 1094 395 20 18 drone
328 1 1103 396 20 18 drone
329 1 1115 395 20 18 drone
330 1 1117 393 20 18 drone
331 1 1131 384 20 18 drone
332 1 1136 374 20 18 drone
333 1 1160 353 20 18 drone
334 1 1180 332 20 18 drone
335 1 1205 289 38 24 drone
336 1 1253 241 38 24 drone
337 1 1257 230 44 25 drone
338 1 1253 229 44 25 drone
339 1 1255 227 44 25 drone
340 1 1253 226 44 25 drone
341 1 1251 224 44 25 drone
342 1 1262 222 42 24 drone
343 1 1267 219 44 25 drone
344 1 1275 219 44 25 drone
345 1 1262 221 52 26 drone
346 1 1262 221 55 27 drone
347 1 1277 222 52 26 drone
348 1 1285 221 52 26 drone
349 1 1288 222 52 26 drone
350 1 1297 226 52 26 drone
351 1 1304 228 52 26 drone
352 1 1309 230 52 26 drone
353 1 1318 235 52 26 drone
354 1 1325 236 52 26 drone
355 1 1333 238 50 25 drone
356 1 1343 239 50 25 drone
357 1 1338 243 50 25 drone
358 1 1330 246 47 24 drone
359 1 1299 250 58 27 drone
360 1 1257 264 56 30 drone
361 1 1197 280 56 30 drone
362 1 1156 296 61 29 drone
363 1 1105 311 60 27 drone
364 1 1045 318 53 33 drone
365 1 1007 328 53 33 drone
366 1 971 342 56 35 drone
367 1 935 352 56 35 drone
368 1 896 366 59 37 drone
369 1 874 377 59 37 drone
370 1 846 393 59 37 drone
371 1 836 405 50 36 drone
372 1 854 410 50 36 drone
373 1 895 415 50 36 drone
374 1 927 410 52 38 drone
375 1 967 409 55 40 drone
376 1 997 409 52 38 drone
377 1 1032 406 52 38 drone
378 1 1075 403 52 38 drone
379 1 1097 402 52 38 drone
380 1 1133 397 52 38 drone
381 1 1161 397 52 38 drone
382 1 1200 393 55 40 drone
383 1 1230 388 55 40 drone
384 1 1269 390 55 40 drone
385 1 1306 387 58 42 drone
386 1 1338 385 58 42 drone
387 1 1381 379 61 44 drone
388 1 1408 380 61 44 drone
389 1 1450 375 61 44 drone
390 1 1474 373 50 38 drone
391 1 1455 373 52 40 drone
392 1 1434 370 52 40 drone
393 1 1436 368 44 36 drone
394 1 1446 367 44 36 drone
395 1 1454 365 44 36 drone
396 1 1455 362 44 36 drone
397 1 1455 363 44 36 drone
398 1 1453 358 44 36 drone
399 1 1447 358 36 31 drone
400 1 1437 355 38 33 drone
401 1 1428 355 38 33 drone
402 1 1423 352 38 33 drone
403 1 1419 351 36 31 drone
404 1 1418 349 36 31 drone
405 1 1403 344 36 31 drone
406 1 1382 341 34 30 drone
407 1 1361 338 34 30 drone
408 1 1336 333 41 27 drone
409 1 1331 329 41 27 drone
410 1 1319 325 41 27 drone
411 1 1306 320 41 27 drone
412 1 1292 316 41 27 drone
413 1 1274 309 41 27 drone
414 1 1258 305 41 27 drone
415 1 1233 299 43 28 drone
416 1 1217 295 43 28 drone
417 1 1206 289 43 28 drone
418 1 1200 284 43 28 drone
419 1 1179 280 45 30 drone
420 1 1136 278 42 24 drone
421 1 1103 277 40 23 drone
422 1 1079 272 40 23 drone
423 1 1070 268 40 23 drone
424 1 1055 263 40 23 drone
425 1 1046 261 40 23 drone
426 1 1033 274 42 24 drone
427 1 1015 306 37 23 drone
428 1 1003 333 37 23 drone
429 1 997 365 37 23 drone
430 1 984 383 37 23 drone
431 1 960 408 37 23 drone
432 1 955 429 35 22 drone
433 1 946 465 36 21 drone
434 1 961 487 36 21 drone
435 1 981 502 36 21 drone
436 1 993 518 36 21 drone
437 1 1005 525 38 22 drone
438 1 1023 534 40 23 drone
439 1 1042 539 40 23 drone
440 1 1060 543 40 23 drone
441 1 1045 548 40 23 drone
442 1 1029 552 40 23 drone
443 1 1013 553 40 23 drone
444 1 1016 555 38 22 drone
445 1 1032 552 36 21 drone
446 1 1035 548 38 22 drone
447 1 1029 542 38 22 drone
448 1 1028 535 38 22 drone
449 1 1030 528 38 22 drone
450 1 1027 523 40 23 drone
451 1 1020 516 42 24 drone
452 1 1006 509 42 24 drone
453 1 982 506 44 26 drone
454 1 950 503 39 27 drone
455 1 925 499 41 28 drone
456 1 905 499 41 28 drone
457 1 878 493 41 28 drone
458 1 861 491 39 27 drone
459 1 838 488 41 28 drone
460 1 822 488 41 28 drone
461 1 812 493 39 27 drone
462 1 806 495 37 26 drone
463 1 797 495 37 26 drone
464 1 782 489 39 27 drone
465 1 779 486 39 27 drone
466 1 769 480 43 24 drone
467 1 770 478 41 23 drone
468 1 785 472 43 24 drone
469 1 793 464 43 24 drone
470 1 798 455 43 24 drone
471 1 803 446 43 24 drone
472 1 807 442 43 24 drone
473 1 814 437 43 24 drone
474 1 828 429 43 24 drone
475 1 849 415 43 24 drone
476 1 893 407 50 24 drone
477 1 921 400 50 24 drone
478 1 939 394 50 24 drone
479 1 962 391 52 25 drone
480 1 978 394 52 25 drone
481 1 974 399 52 25 drone
482 1 951 407 50 24 drone
483 1 903 409 50 24 drone
484 1 875 426 50 24 drone
485 1 867 444 50 24 drone
486 1 862 458 52 23 drone
487 1 868 478 52 23 drone
488 1 853 491 52 23 drone
489 1 801 506 50 22 drone
490 1 749 526 50 22 drone
491 1 733 541 58 25 drone
492 1 734 561 61 26 drone
493 1 740 573 54 21 drone
494 1 770 588 54 21 drone
495 1 778 593 64 25 drone
496 1 807 596 61 24 drone
497 1 818 593 61 24 drone
498 1 832 589 61 24 drone
499 1 854 579 64 25 drone
500 1 870 572 64 25 drone
501 1 909 557 64 25 drone
502 1 935 544 64 25 drone
503 1 968 528 64 25 drone
504 1 998 512 64 25 drone
505 1 1019 501 64 25 drone
506 1 1032 493 64 25 drone
507 1 1035 480 64 25 drone
508 1 1026 466 64 25 drone
509 1 1017 458 64 25 drone
510 1 993 448 64 25 drone
511 1 950 433 63 35 drone
512 1 929 424 63 35 drone
513 1 887 412 66 37 drone
514 1 875 406 66 37 drone
515 1 858 394 66 37 drone
516 1 853 387 66 37 drone
517 1 872 380 63 35 drone
518 1 866 376 63 35 drone
519 1 855 372 63 35 drone
520 1 873 373 63 35 drone
521 1 897 374 63 35 drone
522 1 930 399 63 35 drone
523 1 956 434 63 35 drone
524 1 986 464 63 35 drone
525 1 970 486 71 37 drone
526 1 965 500 71 37 drone
527 1 966 518 71 37 drone
528 1 960 530 71 37 drone
529 1 952 547 71 37 drone
530 1 934 559 61 38 drone
531 1 885 570 61 38 drone
532 1 838 581 61 38 drone
533 1 798 590 71 38 drone
534 1 760 595 71 38 drone
535 1 736 603 71 38 drone
536 1 718 613 75 40 drone
537 1 710 622 75 40 drone
538 1 718 637 71 38 drone
539 1 723 645 71 38 drone
540 1 736 647 71 38 drone
541 1 761 647 75 40 drone
542 1 768 645 75 40 drone
543 1 792 640 75 40 drone
544 1 814 633 75 40 drone
545 1 858 619 51 28 drone
546 1 891 604 51 28 drone
547 1 911 594 49 27 drone
548 1 930 583 51 28 drone
549 1 940 577 49 27 drone
550 1 944 568 49 27 drone
551 1 946 562 49 27 drone
552 1 942 556 49 27 drone
553 1 952 562 27 12 drone
554 1 946 562 26 11 drone
555 1 946 563 26 11 drone
556 1 944 563 26 11 drone
557 1 943 564 27 12 drone
558 1 942 564 27 12 drone
559 1 941 563 26 11 drone
560 1 940 565 26 11 drone
561 1 945 564 24 11 drone
562 1 951 564 24 11 drone
563 1 961 566 26 11 drone
564 1 976 565 26 11 drone
565 1 988 564 24 11 drone
566 1 1000 565 26 11 drone
567 1 1012 566 26 11 drone
568 1 1022 565 24 11 drone
569 1 1034 565 24 11 drone
570 1 1039 566 26 11 drone
571 1 1043 568 26 11 drone
572 1 1044 568 26 11 drone
573 1 1050 569 26 11 drone
574 1 1055 572 26 11 drone
575 1 1061 573 24 11 drone
576 1 1069 576 23 10 drone
577 1 1078 581 22 10 drone
578 1 1090 591 21 9 drone
579 1 1101 596 26 12 drone
580 1 1125 605 27 17 drone
581 1 1153 623 31 16 drone
582 1 1176 638 31 16 drone
583 1 1211 660 40 17 drone
584 1 1226 680 44 22 drone
585 1 1239 701 44 22 drone
586 1 1206 719 59 27 drone
587 1 1130 732 59 27 drone
588 1 1036 734 56 26 drone
589 1 994 739 64 26 drone
590 1 973 744 64 26 drone
591 1 977 748 61 25 drone
592 1 1000 748 58 24 drone
593 1 1009 748 61 25 drone
594 1 1053 749 58 24 drone
595 1 1076 752 58 24 drone
596 1 1061 750 58 24 drone
597 1 990 749 55 22 drone
598 1 966 750 55 22 drone
599 1 936 742 58 23 drone
600 1 926 747 61 24 drone
601 1 929 748 61 24 drone
602 1 922 747 56 24 drone
603 1 913 747 56 24 drone
604 1 886 744 56 24 drone
605 1 869 743 56 24 drone
606 1 860 742 56 24 drone
607 1 849 741 56 24 drone
608 1 835 741 56 24 drone
609 1 837 733 65 25 drone
610 1 846 734 62 24 drone
611 1 887 730 65 25 drone
612 1 920 727 65 25 drone
613 1 946 723 65 25 drone
614 1 960 717 65 25 drone
615 1 943 707 65 25 drone
616 1 885 683 58 25 drone
617 1 868 671 61 26 drone
618 1 858 650 53 30 drone
619 1 868 639 53 30 drone
620 1 893 623 53 30 drone
621 1 908 610 56 31 drone
622 1 927 592 53 30 drone
623 1 944 580 53 30 drone
624 1 939 569 53 30 drone
625 1 901 561 64 26 drone
626 1 887 553 64 26 drone
627 1 872 540 64 26 drone
628 1 867 532 64 26 drone
629 1 876 523 61 25 drone
630 1 881 513 61 25 drone
631 1 898 509 61 25 drone
632 1 905 500 61 25 drone
633 1 916 495 61 25 drone
634 1 930 485 61 25 drone
635 1 940 472 63 31 drone
636 1 966 463 66 33 drone
637 1 990 454 66 33 drone
638 1 1006 448 69 34 drone
639 1 1031 437 54 30 drone
640 1 1035 440 54 30 drone
641 1 1009 435 57 31 drone
642 1 939 432 60 26 drone
643 1 879 434 57 25 drone
644 1 829 430 58 29 drone
645 1 820 431 58 29 drone
646 1 800 434 58 29 drone
647 1 775 437 55 28 drone
648 1 774 439 58 29 drone
649 1 783 442 58 29 drone
650 1 829 446 58 29 drone
651 1 889 453 58 29 drone
652 1 938 453 55 28 drone
653 1 987 449 57 28 drone
654 1 1039 448 60 29 drone
655 1 1103 452 63 30 drone
656 1 1127 454 63 30 drone
657 1 1138 452 66 31 drone
658 1 1126 456 63 30 drone
659 1 1072 455 60 29 drone
660 1 1001 468 61 20 drone
661 1 976 470 61 20 drone
662 1 925 469 61 20 drone
663 1 916 475 61 20 drone
664 1 922 479 64 21 drone
665 1 931 486 64 21 drone
666 1 922 497 64 21 drone
667 1 907 502 56 26 drone
668 1 922 505 56 26 drone
669 1 962 508 56 26 drone
670 1 963 514 56 26 drone
671 1 970 508 59 27 drone
672 1 1011 515 56 26 drone
673 1 1048 522 54 24 drone
674 1 1104 526 57 22 drone
675 1 1136 539 57 22 drone
676 1 1152 549 60 23 drone
677 1 1132 552 60 25 drone
678 1 1050 552 57 25 drone
679 1 922 567 60 26 drone
680 1 897 586 63 27 drone
681 1 835 605 60 26 drone
682 1 721 614 60 26 drone
683 1 686 630 60 26 drone
684 1 719 639 58 25 drone
685 1 565 645 61 26 drone
686 1 500 658 61 26 drone
687 1 433 663 61 26 drone
688 1 298 671 61 26 drone
689 1 288 675 61 26 drone
690 1 315 698 64 27 drone
691 1 387 706 64 27 drone
692 1 433 715 64 27 drone
693 1 440 731 64 27 drone
694 1 425 751 61 26 drone
695 1 463 767 64 27 drone
696 1 490 776 64 27 drone
697 1 526 787 61 26 drone
698 1 570 795 58 24 drone
699 1 620 807 58 24 drone
700 1 655 819 61 25 drone
701 1 701 827 61 25 drone
702 1 762 835 58 24 drone
703 1 801 845 61 25 drone
704 1 848 856 61 25 drone
705 1 885 868 61 25 drone
706 1 945 876 58 22 drone
707 1 991 885 58 22 drone
708 1 1037 891 58 22 drone
709 1 1075 898 55 21 drone
710 1 989 897 55 21 drone
711 1 912 901 55 21 drone
712 1 952 901 58 22 drone
713 1 985 895 63 21 drone
714 1 992 875 60 20 drone
715 1 934 868 60 20 drone
716 1 873 851 60 26 drone
717 1 890 835 63 27 drone
718 1 907 814 58 24 drone
719 1 928 803 58 24 drone
720 1 954 787 58 24 drone
721 1 970 770 58 24 drone
722 1 965 756 58 24 drone
723 1 945 701 58 24 drone
724 1 947 653 61 25 drone
725 1 941 591 56 22 drone
726 1 915 556 56 22 drone
727 1 877 520 56 22 drone
728 1 841 507 53 21 drone
729 1 784 517 50 20 drone
730 1 746 532 52 21 drone
731 1 721 548 59 19 drone
732 1 672 562 56 18 drone
733 1 613 575 56 18 drone
734 1 502 591 56 18 drone
735 1 395 609 56 18 drone
736 1 315 626 56 18 drone
737 1 241 640 56 18 drone
738 1 181 654 53 17 drone
739 1 68 666 56 18 drone
740 1 11 676 53 17 drone
741 1 -15 692 56 18 drone
742 1 24 711 56 18 drone
743 1 58 726 56 18 drone
744 1 107 744 56 18 drone
745 1 139 757 56 18 drone
746 1 179 772 53 17 drone
747 1 211 786 53 17 drone
748 1 256 799 53 17 drone
749 1 297 808 53 22 drone
750 1 297 820 53 22 drone
751 1 186 835 56 23 drone
752 1 101 842 59 24 drone
753 1 8 855 62 25 drone
754 1 0 866 65 26 drone
755 1 -43 872 68 28 drone
756 1 18 880 57 16 drone
757 1 50 884 60 17 drone
758 1 176 886 63 18 drone
759 1 229 884 66 19 drone
760 1 254 885 69 20 drone
761 1 289 880 73 21 drone
762 1 329 859 73 21 drone
763 1 392 838 67 25 drone
764 1 416 824 67 25 drone
765 1 458 809 67 25 drone
766 1 482 787 67 25 drone
767 1 492 735 64 25 drone
768 1 484 690 59 25 drone
769 1 460 630 59 25 drone
770 1 409 598 56 24 drone
771 1 383 573 56 24 drone
772 1 340 547 56 24 drone
773 1 288 539 56 24 drone
774 1 265 531 56 24 drone
775 1 257 527 59 25 drone
776 1 233 530 62 26 drone
777 1 208 535 65 28 drone
778 1 213 541 62 26 drone
779 1 208 552 62 26 drone
780 1 211 561 65 28 drone
781 1 227 569 65 28 drone
782 1 230 577 65 28 drone
783 1 234 582 65 28 drone
784 1 220 588 65 28 drone
785 1 216 591 62 26 drone
786 1 231 600 59 25 drone
787 1 248 607 59 25 drone
788 1 278 618 59 25 drone
789 1 316 624 56 24 drone
790 1 351 631 59 25 drone
791 1 383 639 59 25 drone
792 1 413 644 56 24 drone
793 1 455 651 56 24 drone
794 1 475 658 56 24 drone
795 1 512 663 53 23 drone
796 1 540 669 53 23 drone
797 1 558 674 53 23 drone
798 1 549 676 56 24 drone
799 1 547 677 56 24 drone
800 1 552 679 59 25 drone
801 1 548 682 59 25 drone
802 1 560 687 59 25 drone
803 1 587 692 56 24 drone
804 1 617 693 53 23 drone
805 1 644 700 53 23 drone
806 1 664 699 53 23 drone
807 1 688 705 51 22 drone
808 1 695 708 51 22 drone
809 1 708 707 53 23 drone
810 1 726 695 56 24 drone
811 1 762 667 42 33 drone
812 1 795 649 42 33 drone
813 1 823 632 40 31 drone
814 1 850 612 40 31 drone
815 1 886 608 43 34 drone
816 1 913 592 45 36 drone
817 1 935 578 45 36 drone
818 1 959 560 47 37 drone
819 1 984 547 45 36 drone
820 1 1011 546 45 36 drone
821 1 1028 547 45 36 drone
822 1 1037 541 45 36 drone
823 1 1036 537 45 36 drone
824 1 1035 531 45 36 drone
825 1 1022 530 45 36 drone
826 1 1009 527 45 36 drone
827 1 1006 528 43 34 drone
828 1 1020 526 43 34 drone
829 1 1032 525 43 34 drone
830 1 1052 527 43 34 drone
831 1 1062 526 43 34 drone
832 1 1084 526 45 36 drone
833 1 1105 525 45 36 drone
834 1 1114 524 45 36 drone
835 1 1133 522 45 36 drone
836 1 1154 517 45 36 drone
837 1 1157 517 45 36 drone
838 1 1166 516 45 36 drone
839 1 1178 513 43 34 drone
840 0
