0 1 988 858 93 69 drone
1 1 989 858 94 70 drone
2 1 991 860 94 70 drone
3 1 997 863 92 68 drone
4 1 1001 864 92 69 drone
5 1 1002 863 94 70 drone
6 1 1004 861 97 72 drone
7 1 1008 861 96 71 drone
8 1 1011 855 97 72 drone
9 1 1015 835 97 72 drone
10 1 1017 807 99 73 drone
11 1 1021 784 99 74 drone
12 1 1026 765 97 72 drone
13 1 1030 747 97 72 drone
14 1 1035 729 97 72 drone
15 1 1038 708 98 72 drone
16 1 1043 688 97 72 drone
17 1 1048 668 95 71 drone
18 1 1052 646 95 70 drone
19 1 1057 626 95 70 drone
20 1 1062 607 93 69 drone
21 1 1067 588 93 69 drone
22 1 1072 569 93 69 drone
23 1 1077 548 92 69 drone
24 1 1081 535 92 69 drone
25 1 1087 532 90 67 drone
26 1 1090 528 91 68 drone
27 1 1095 525 89 66 drone
28 1 1100 521 88 65 drone
29 1 1104 518 86 64 drone
30 1 1108 516 86 64 drone
31 1 1112 518 85 63 drone
32 1 1117 518 84 62 drone
33 1 1125 524 83 62 drone
34 1 1129 523 82 62 drone
35 1 1133 524 83 62 drone
36 1 1137 526 81 61 drone
37 1 1141 529 81 61 drone
38 1 1144 529 82 62 drone
39 1 1148 528 80 60 drone
40 1 1152 530 79 59 drone
41 1 1154 531 80 59 drone
42 1 1158 533 78 59 drone
43 1 1158 531 82 61 drone
44 1 1161 531 81 60 drone
45 1 1162 530 84 63 drone
46 1 1164 530 86 64 drone
47 1 1166 531 86 65 drone
48 1 1172 536 89 66 drone
49 1 1174 536 89 66 drone
50 1 1180 537 87 65 drone
51 1 1183 536 87 65 drone
52 1 1187 532 87 65 drone
53 1 1191 526 87 65 drone
54 1 1195 518 86 64 drone
55 1 1199 506 86 64 drone
56 1 1203 492 86 64 drone
57 1 1206 477 86 64 drone
58 1 1210 462 84 62 drone
59 1 1213 448 86 64 drone
60 1 1216 440 86 64 drone
61 1 1220 439 86 64 drone
62 1 1224 439 84 62 drone
63 1 1229 439 82 61 drone
64 1 1235 436 80 64 drone
65 1 1238 436 80 64 drone
66 1 1242 437 78 63 drone
67 1 1245 439 80 64 drone
68 1 1248 440 81 65 drone
69 1 1253 441 78 63 drone
70 1 1255 441 79 63 drone
71 1 1257 442 78 63 drone
72 1 1260 443 79 63 drone
73 1 1264 444 77 62 drone
74 1 1266 445 76 61 drone
75 1 1269 444 77 62 drone
76 1 1270 445 76 61 drone
77 1 1279 451 75 60 drone
78 1 1281 452 75 60 drone
79 1 1283 453 76 61 drone
80 1 1289 455 74 59 drone
81 1 1292 456 74 59 drone
82 1 1295 456 75 60 drone
83 1 1297 456 76 61 drone
84 1 1301 458 76 61 drone
85 1 1302 460 74 60 drone
86 1 1302 462 75 60 drone
87 1 1302 463 75 60 drone
88 1 1294 464 76 61 drone
89 1 1254 464 77 62 drone
90 1 1173 465 77 62 drone
91 1 1140 466 77 62 drone
92 1 1136 467 74 60 drone
93 1 1129 467 76 61 drone
94 1 1113 468 77 62 drone
95 1 1091 469 77 62 drone
96 1 1070 471 76 61 drone
97 1 1054 473 75 61 drone
98 1 1039 475 75 61 drone
99 1 1024 474 76 61 drone
100 1 1009 476 76 61 drone
101 1 999 476 76 62 drone
102 1 999 477 76 61 drone
103 1 1000 477 76 61 drone
104 1 1000 476 84 68 drone
105 1 1003 477 82 66 drone
106 1 1007 478 83 67 drone
107 1 1011 479 83 67 drone
108 1 1015 480 82 66 drone
109 1 1017 479 83 67 drone
110 1 1020 479 82 66 drone
111 1 1024 480 83 67 drone
112 1 1025 480 84 68 drone
113 1 1027 480 84 68 drone
114 1 1033 480 83 67 drone
115 1 1034 479 82 67 drone
116 1 1036 479 83 67 drone
117 1 1036 478 84 68 drone
118 1 1037 479 84 68 drone
119 1 1043 477 84 68 drone
120 1 1045 478 84 68 drone
121 1 1046 477 86 69 drone
122 1 1051 477 84 68 drone
123 1 1054 477 83 67 drone
124 1 1056 476 84 68 drone
125 1 1062 476 84 63 drone
126 1 1064 476 83 62 drone
127 1 1067 476 82 62 drone
128 1 1070 477 81 61 drone
129 1 1072 476 83 63 drone
130 1 1075 477 83 62 drone
131 1 1077 476 84 63 drone
132 1 1080 475 84 63 drone
133 1 1081 476 84 63 drone
134 1 1082 477 84 63 drone
135 1 1083 476 84 63 drone
136 1 1084 474 85 64 drone
137 1 1084 472 86 65 drone
138 1 1095 473 86 65 drone
139 1 1097 474 85 64 drone
140 1 1102 476 85 65 drone
141 1 1111 475 85 64 drone
142 1 1113 473 85 64 drone
143 1 1114 471 90 68 drone
144 1 1121 472 85 64 drone
145 1 1125 473 86 65 drone
146 1 1130 474 86 65 drone
147 1 1135 475 84 63 drone
148 1 1139 472 83 62 drone
149 1 1142 470 85 64 drone
150 1 1143 470 87 65 drone
151 1 1145 472 87 65 drone
152 1 1151 473 87 66 drone
153 1 1153 469 89 68 drone
154 1 1155 467 94 71 drone
155 1 1162 470 88 67 drone
156 1 1165 473 88 67 drone
157 1 1166 472 89 67 drone
158 1 1174 471 88 66 drone
159 1 1176 469 87 66 drone
160 1 1178 471 87 66 drone
161 1 1179 473 88 67 drone
162 1 1188 475 89 64 drone
163 1 1189 473 89 64 drone
164 1 1191 471 90 64 drone
165 1 1197 471 90 65 drone
166 1 1200 475 89 64 drone
167 1 1204 478 88 63 drone
168 1 1209 478 85 64 drone
169 1 1211 475 85 64 drone
170 1 1212 474 87 66 drone
171 1 1218 477 86 64 drone
172 1 1221 480 87 65 drone
173 1 1224 480 87 65 drone
174 1 1227 480 86 65 drone
175 1 1228 479 88 66 drone
176 1 1230 481 86 65 drone
177 1 1231 481 88 66 drone
178 1 1232 480 89 67 drone
179 1 1243 480 90 68 drone
180 1 1245 481 90 68 drone
181 1 1245 481 90 68 drone
182 1 1251 485 87 66 drone
183 1 1252 485 88 67 drone
184 1 1253 483 94 71 drone
185 1 1260 486 88 67 drone
186 1 1269 488 89 68 drone
187 1 1270 487 89 68 drone
188 1 1277 487 88 67 drone
189 1 1284 488 75 63 drone
190 1 1286 489 76 64 drone
191 1 1292 492 73 61 drone
192 1 1295 490 75 63 drone
193 1 1297 488 75 63 drone
194 1 1301 487 74 62 drone
195 1 1305 488 74 62 drone
196 1 1306 490 75 63 drone
197 1 1308 490 78 65 drone
198 1 1308 490 78 66 drone
199 1 1311 490 78 66 drone
200 1 1312 490 79 66 drone
201 1 1313 490 80 67 drone
202 1 1314 489 81 68 drone
203 1 1316 488 81 68 drone
204 1 1317 489 83 70 drone
205 1 1322 493 86 72 drone
206 1 1322 492 87 73 drone
207 1 1330 496 82 65 drone
208 1 1331 495 82 65 drone
209 1 1334 496 83 66 drone
210 1 1335 501 83 66 drone
211 1 1336 501 82 65 drone
212 1 1340 497 83 66 drone
213 1 1344 497 82 65 drone
214 1 1346 501 81 65 drone
215 1 1348 504 82 65 drone
216 1 1350 502 83 65 drone
217 1 1354 501 81 64 drone
218 1 1357 503 81 64 drone
219 1 1358 506 80 63 drone
220 1 1359 508 81 64 drone
221 1 1360 508 82 65 drone
222 1 1366 506 82 65 drone
223 1 1367 506 82 65 drone
224 1 1375 510 83 66 drone
225 1 1377 511 84 67 drone
226 1 1377 508 85 68 drone
227 1 1383 506 82 65 drone
228 1 1385 511 83 66 drone
229 1 1387 521 82 65 drone
230 1 1389 526 82 65 drone
231 1 1393 523 79 63 drone
232 1 1395 512 81 64 drone
233 1 1395 511 81 64 drone
234 1 1398 517 82 65 drone
235 1 1401 523 82 65 drone
236 1 1404 522 82 65 drone
237 1 1405 517 83 66 drone
238 1 1408 518 81 64 drone
239 1 1409 522 82 65 drone
240 1 1414 522 80 63 drone
241 1 1418 518 80 64 drone
242 1 1419 521 80 63 drone
243 1 1423 528 80 63 drone
244 1 1422 529 79 63 drone
245 1 1419 520 79 63 drone
246 1 1420 514 79 63 drone
247 1 1420 519 79 63 drone
248 1 1424 534 75 61 drone
249 1 1419 538 74 60 drone
250 1 1392 528 75 61 drone
251 1 1320 523 81 47 drone
252 1 1287 527 80 47 drone
253 1 1287 538 82 48 drone
254 1 1287 544 83 48 drone
255 1 1284 538 83 48 drone
256 1 1275 533 83 48 drone
257 1 1264 534 84 49 drone
258 1 1257 549 69 48 drone
259 1 1249 552 69 48 drone
260 1 1245 547 70 48 drone
261 1 1247 543 69 48 drone
262 1 1249 545 69 48 drone
263 1 1252 554 68 47 drone
264 1 1253 558 69 48 drone
265 1 1255 555 68 47 drone
266 1 1253 557 68 38 drone
267 1 1253 557 68 38 drone
268 1 1255 565 69 39 drone
269 1 1258 571 68 38 drone
270 1 1259 567 68 38 drone
271 1 1259 560 66 37 drone
272 1 1259 560 68 38 drone
273 1 1264 551 65 56 drone
274 1 1266 559 64 55 drone
275 1 1266 557 64 55 drone
276 1 1266 551 65 56 drone
277 1 1266 552 65 56 drone
278 1 1267 557 65 56 drone
279 1 1268 559 65 56 drone
280 1 1268 556 65 56 drone
281 1 1269 556 65 56 drone
282 1 1270 558 63 55 drone
283 1 1270 562 63 54 drone
284 1 1270 562 63 54 drone
285 1 1270 558 63 54 drone
286 1 1269 558 64 55 drone
287 1 1269 562 63 54 drone
288 1 1268 564 64 55 drone
289 1 1269 564 63 54 drone
290 1 1269 563 62 53 drone
291 1 1269 564 62 53 drone
292 1 1269 564 62 54 drone
293 1 1268 564 62 54 drone
294 1 1268 564 62 54 drone
295 1 1267 563 63 54 drone
296 1 1267 565 63 54 drone
297 1 1268 567 62 53 drone
298 1 1266 568 61 53 drone
299 1 1267 568 62 53 drone
300 1 1266 569 61 53 drone
301 1 1267 572 61 52 drone
302 1 1264 574 60 52 drone
303 1 1260 575 61 52 drone
304 1 1257 575 59 51 drone
305 1 1245 574 59 51 drone
306 1 1219 575 61 52 drone
307 1 1176 580 62 54 drone
308 1 1144 593 64 46 drone
309 1 1129 593 64 46 drone
310 1 1117 590 64 46 drone
311 1 1103 591 64 46 drone
312 1 1093 595 63 45 drone
313 1 1088 603 62 45 drone
314 1 1086 602 63 46 drone
315 1 1083 598 67 48 drone
316 1 1084 597 63 45 drone
317 1 1083 597 65 47 drone
318 1 1083 600 66 47 drone
319 1 1083 603 63 46 drone
320 1 1083 601 65 47 drone
321 1 1083 601 65 47 drone
322 1 1084 606 63 46 drone
323 1 1084 605 67 48 drone
324 1 1083 600 64 57 drone
325 1 1083 597 65 58 drone
326 1 1084 597 63 57 drone
327 1 1085 600 64 57 drone
328 1 1088 603 64 57 drone
329 1 1090 601 63 56 drone
330 1 1091 596 63 56 drone
331 1 1092 592 65 57 drone
332 1 1094 594 63 56 drone
333 1 1098 600 62 55 drone
334 1 1098 599 64 57 drone
335 1 1101 594 63 56 drone
336 1 1103 591 62 55 drone
337 1 1105 592 61 54 drone
338 1 1108 589 63 56 drone
339 1 1108 587 64 57 drone
340 1 1109 582 65 58 drone
341 1 1108 575 67 60 drone
342 1 1118 569 60 56 drone
343 1 1120 563 60 56 drone
344 1 1124 554 60 56 drone
345 1 1127 542 60 56 drone
346 1 1129 529 60 56 drone
347 1 1131 518 60 56 drone
348 1 1131 513 62 58 drone
349 1 1138 506 64 60 drone
350 1 1141 506 63 59 drone
351 1 1144 503 61 58 drone
352 1 1147 497 61 58 drone
353 1 1150 491 62 58 drone
354 1 1153 491 63 59 drone
355 1 1157 494 61 58 drone
356 1 1157 494 67 57 drone
357 1 1160 490 66 56 drone
358 1 1161 484 67 57 drone
359 1 1163 482 69 58 drone
360 1 1165 483 68 58 drone
361 1 1176 484 70 60 drone
362 1 1178 484 69 59 drone
363 1 1181 478 68 58 drone
364 1 1186 473 69 59 drone
365 1 1188 472 68 59 drone
366 1 1189 473 69 59 drone
367 1 1195 473 69 60 drone
368 1 1196 471 69 60 drone
369 1 1201 461 69 60 drone
370 1 1202 455 72 63 drone
371 1 1204 458 72 63 drone
372 1 1210 459 69 61 drone
373 1 1210 458 70 61 drone
374 1 1211 445 75 66 drone
375 1 1220 437 74 61 drone
376 1 1222 441 77 63 drone
377 1 1220 454 76 62 drone
378 1 1235 451 71 50 drone
379 1 1239 440 70 50 drone
380 1 1242 428 71 50 drone
381 1 1245 429 72 51 drone
382 1 1251 437 70 49 drone
383 1 1254 436 69 49 drone
384 1 1253 426 70 50 drone
385 1 1261 415 69 49 drone
386 1 1264 420 71 50 drone
387 1 1269 427 69 49 drone
388 1 1272 425 71 50 drone
389 1 1277 414 69 49 drone
390 1 1279 403 69 49 drone
391 1 1280 408 71 50 drone
392 1 1289 412 69 49 drone
393 1 1292 411 70 50 drone
394 1 1297 399 68 48 drone
395 1 1298 389 68 49 drone
396 1 1300 390 69 49 drone
397 1 1302 397 70 44 drone
398 1 1303 399 69 43 drone
399 1 1304 391 67 42 drone
400 1 1296 384 68 43 drone
401 1 1265 383 69 44 drone
402 1 1224 385 66 42 drone
403 1 1208 384 66 41 drone
404 1 1205 381 65 41 drone
405 1 1201 380 66 41 drone
406 1 1197 381 65 48 drone
407 1 1189 379 67 49 drone
408 1 1182 375 67 49 drone
409 1 1172 372 67 50 drone
410 1 1162 372 66 49 drone
411 1 1149 371 68 51 drone
412 1 1141 364 65 48 drone
413 1 1134 363 66 48 drone
414 1 1128 364 65 48 drone
415 1 1118 364 65 48 drone
416 1 1114 357 66 49 drone
417 1 1112 351 64 48 drone
418 1 1113 349 64 47 drone
419 1 1114 353 65 48 drone
420 1 1115 354 65 48 drone
421 1 1117 349 63 47 drone
422 1 1117 342 64 47 drone
423 1 1116 340 65 48 drone
424 1 1116 342 66 49 drone
425 1 1116 345 67 50 drone
426 1 1123 340 67 52 drone
427 1 1124 333 69 54 drone
428 1 1124 328 71 55 drone
429 1 1128 326 69 54 drone
430 1 1131 325 67 52 drone
431 1 1134 325 67 52 drone
432 1 1136 322 67 52 drone
433 1 1138 317 69 53 drone
434 1 1140 316 68 53 drone
435 1 1141 318 70 54 drone
436 1 1141 317 72 56 drone
437 1 1140 313 75 58 drone
438 1 1158 312 58 46 drone
439 1 1160 315 60 48 drone
440 1 1163 320 59 47 drone
441 1 1166 322 59 47 drone
442 1 1169 325 60 48 drone
443 1 1173 351 59 47 drone
444 1 1177 400 57 45 drone
445 1 1178 437 57 45 drone
446 1 1181 461 58 45 drone
447 1 1182 473 57 45 drone
448 1 1187 489 55 44 drone
449 1 1190 508 56 44 drone
450 1 1195 527 56 48 drone
451 1 1196 539 57 49 drone
452 1 1200 540 55 47 drone
453 1 1203 543 59 51 drone
454 1 1206 547 61 52 drone
455 1 1207 551 61 52 drone
456 1 1208 550 60 51 drone
457 1 1212 542 60 51 drone
458 1 1213 541 61 52 drone
459 1 1221 539 62 53 drone
460 1 1223 539 62 53 drone
461 1 1224 538 64 55 drone
462 1 1231 536 60 51 drone
463 1 1234 535 61 53 drone
464 1 1236 536 61 52 drone
465 1 1239 533 61 52 drone
466 1 1238 528 64 55 drone
467 1 1238 525 66 56 drone
468 1 1240 526 67 58 drone
469 1 1241 528 69 59 drone
470 1 1251 526 61 59 drone
471 1 1251 521 63 60 drone
472 1 1259 515 58 58 drone
473 1 1259 514 59 59 drone
474 1 1259 515 58 58 drone
475 1 1259 515 71 57 drone
476 1 1259 512 73 59 drone
477 1 1267 509 68 53 drone
478 1 1268 510 68 53 drone
479 1 1275 510 69 51 drone
480 1 1275 508 71 52 drone
481 1 1280 503 69 51 drone
482 1 1283 501 69 51 drone
483 1 1286 502 70 52 drone
484 1 1289 504 70 52 drone
485 1 1288 504 71 52 drone
486 1 1286 496 76 56 drone
487 1 1286 490 74 56 drone
488 1 1285 490 74 56 drone
489 1 1275 491 77 59 drone
490 1 1255 490 71 54 drone
491 1 1197 487 71 48 drone
492 1 1162 485 73 49 drone
493 1 1153 486 72 48 drone
494 1 1144 488 73 49 drone
495 1 1134 485 69 47 drone
496 1 1117 478 70 47 drone
497 1 1092 474 72 49 drone
498 1 1069 476 72 48 drone
499 1 1054 480 73 49 drone
500 1 1042 482 74 50 drone
501 1 1025 477 78 53 drone
502 1 1008 469 80 54 drone
503 1 1010 468 65 52 drone
504 1 991 467 66 53 drone
505 1 976 467 66 53 drone
506 1 974 466 65 52 drone
507 1 973 465 67 53 drone
508 1 975 463 66 53 drone
509 1 976 460 65 52 drone
510 1 976 457 66 53 drone
511 1 977 456 67 53 drone
512 1 977 457 67 54 drone
513 1 979 462 68 54 drone
514 1 978 461 68 54 drone
515 1 993 449 63 53 drone
516 1 993 446 64 54 drone
517 1 994 445 66 55 drone
518 1 1000 451 64 53 drone
519 1 1002 446 63 53 drone
520 1 1004 447 64 53 drone
521 1 1007 444 62 52 drone
522 1 1012 444 61 51 drone
523 1 1012 441 62 52 drone
524 1 1012 440 63 53 drone
525 1 1012 443 61 51 drone
526 1 1019 448 63 48 drone
527 1 1021 450 62 47 drone
528 1 1022 451 62 47 drone
529 1 1024 459 63 48 drone
530 1 1028 484 62 47 drone
531 1 1034 511 63 48 drone
532 1 1037 522 63 48 drone
533 1 1041 540 62 47 drone
534 1 1043 559 61 47 drone
535 1 1046 570 63 48 drone
536 1 1048 570 63 48 drone
537 1 1050 569 63 48 drone
538 1 1054 576 63 48 drone
539 1 1052 594 64 49 drone
540 1 1055 601 66 50 drone
541 1 1057 592 65 49 drone
542 1 1059 581 65 50 drone
543 1 1059 584 65 49 drone
544 1 1062 592 64 49 drone
545 1 1065 598 63 48 drone
546 1 1068 592 65 49 drone
547 1 1071 585 65 49 drone
548 1 1071 583 66 50 drone
549 1 1071 588 68 51 drone
550 1 1075 592 67 51 drone
551 1 1081 580 70 53 drone
552 1 1082 572 71 54 drone
553 1 1083 575 74 56 drone
554 1 1082 581 79 60 drone
555 1 1083 578 80 61 drone
556 1 1096 564 68 53 drone
557 1 1095 557 69 54 drone
558 1 1100 565 70 55 drone
559 1 1107 577 68 54 drone
560 1 1108 575 69 55 drone
561 1 1105 557 72 57 drone
562 1 1104 548 67 54 drone
563 1 1114 545 69 51 drone
564 1 1115 559 70 51 drone
565 1 1118 562 68 50 drone
566 1 1123 551 68 50 drone
567 1 1122 539 70 52 drone
568 1 1122 540 71 52 drone
569 1 1121 546 73 54 drone
570 1 1120 546 74 55 drone
571 1 1122 543 75 55 drone
572 1 1134 533 67 53 drone
573 1 1136 537 67 53 drone
574 1 1136 537 69 54 drone
575 1 1139 534 68 54 drone
576 1 1141 528 69 54 drone
577 1 1145 526 66 52 drone
578 1 1149 531 66 52 drone
579 1 1150 532 66 52 drone
580 1 1147 526 68 54 drone
581 1 1150 515 70 55 drone
582 1 1150 517 71 56 drone
583 1 1166 527 60 48 drone
584 1 1168 530 61 49 drone
585 1 1171 522 62 49 drone
586 1 1174 512 59 48 drone
587 1 1176 512 59 47 drone
588 1 1178 521 60 48 drone
589 1 1179 525 60 48 drone
590 1 1181 518 62 49 drone
591 1 1182 509 62 50 drone
592 1 1187 501 64 51 drone
593 1 1190 506 66 52 drone
594 1 1196 515 62 50 drone
595 1 1196 526 64 51 drone
596 1 1198 541 61 48 drone
597 1 1201 562 60 48 drone
598 1 1204 598 63 50 drone
599 1 1208 623 58 46 drone
600 1 1211 650 61 49 drone
601 1 1210 671 62 49 drone
602 1 1216 693 60 48 drone
603 1 1214 697 63 50 drone
604 1 1212 696 66 53 drone
605 1 1215 699 70 56 drone
606 1 1215 697 71 56 drone
607 1 1223 695 65 52 drone
608 1 1223 692 67 54 drone
609 1 1226 691 66 53 drone
610 1 1226 690 69 55 drone
611 1 1227 685 70 56 drone
612 1 1237 685 61 52 drone
613 1 1238 685 64 55 drone
614 1 1241 683 66 56 drone
615 1 1244 684 60 51 drone
616 1 1247 683 60 51 drone
617 1 1252 691 64 54 drone
618 1 1252 692 63 53 drone
619 1 1251 683 66 56 drone
620 1 1255 671 63 53 drone
621 1 1258 661 63 53 drone
622 1 1258 665 65 55 drone
623 1 1255 677 67 57 drone
624 1 1258 680 68 58 drone
625 1 1259 668 70 59 drone
626 1 1261 656 70 59 drone
627 1 1257 662 68 57 drone
628 1 1258 672 72 60 drone
629 1 1261 672 74 63 drone
630 1 1255 659 76 64 drone
631 1 1229 647 77 65 drone
632 1 1156 656 78 66 drone
633 1 1104 668 79 67 drone
634 1 1111 668 67 58 drone
635 1 1099 657 68 59 drone
636 1 1082 651 64 56 drone
637 1 1058 656 63 55 drone
638 1 1031 659 67 58 drone
639 1 996 659 69 60 drone
640 1 972 644 74 64 drone
641 1 952 634 75 65 drone
642 1 947 636 77 66 drone
643 1 926 648 80 69 drone
644 1 905 651 81 70 drone
645 1 883 640 85 74 drone
646 1 868 631 88 76 drone
647 1 858 635 91 79 drone
648 1 843 640 93 81 drone
649 1 824 639 95 82 drone
650 1 835 624 68 70 drone
651 1 833 625 68 70 drone
652 1 834 635 67 69 drone
653 1 834 640 69 71 drone
654 1 833 630 67 69 drone
655 1 834 613 67 69 drone
656 1 835 617 68 70 drone
657 1 840 633 68 70 drone
658 1 842 638 67 69 drone
659 1 843 620 69 71 drone
660 1 843 608 69 71 drone
661 1 843 611 72 74 drone
662 1 855 636 60 53 drone
663 1 860 644 59 52 drone
664 1 861 626 59 52 drone
665 1 862 613 59 52 drone
666 1 866 616 58 51 drone
667 1 869 633 59 52 drone
668 1 869 641 58 52 drone
669 1 871 628 60 53 drone
670 1 871 609 58 51 drone
671 1 872 597 59 52 drone
672 1 876 619 58 52 drone
673 1 883 635 58 51 drone
674 1 884 629 59 52 drone
675 1 877 606 59 52 drone
676 1 879 598 58 52 drone
677 1 890 609 58 51 drone
678 1 891 621 58 51 drone
679 1 889 616 58 52 drone
680 1 894 605 58 51 drone
681 1 894 596 58 51 drone
682 1 898 603 58 51 drone
683 1 894 608 59 52 drone
684 1 900 607 58 51 drone
685 1 907 599 57 51 drone
686 1 903 591 58 51 drone
687 1 907 596 57 50 drone
688 1 910 604 57 50 drone
689 1 915 610 58 51 drone
690 1 917 605 58 51 drone
691 1 917 593 59 52 drone
692 1 921 588 58 51 drone
693 1 923 588 58 51 drone
694 1 927 596 57 51 drone
695 1 930 592 58 51 drone
696 1 933 586 57 50 drone
697 1 932 576 58 51 drone
698 1 935 580 58 51 drone
699 1 938 584 59 52 drone
700 1 941 584 57 51 drone
701 1 943 577 59 52 drone
702 1 945 575 58 51 drone
703 1 950 579 56 50 drone
704 1 951 577 58 51 drone
705 1 953 575 58 51 drone
706 1 956 570 57 50 drone
707 1 958 571 57 50 drone
708 1 960 572 57 51 drone
709 1 964 571 58 52 drone
710 1 966 566 57 51 drone
711 1 966 559 59 52 drone
712 1 970 561 58 51 drone
713 1 972 568 58 51 drone
714 1 976 570 56 50 drone
715 1 975 568 57 51 drone
716 1 977 556 55 49 drone
717 1 980 549 55 49 drone
718 1 981 548 57 50 drone
719 1 983 553 55 49 drone
720 1 985 554 57 51 drone
721 1 988 549 57 50 drone
722 1 991 547 57 50 drone
723 1 992 547 56 49 drone
724 1 995 549 56 49 drone
725 1 996 547 57 51 drone
726 1 998 541 57 50 drone
727 1 1001 538 56 49 drone
728 1 1003 537 57 50 drone
729 1 1007 541 56 49 drone
730 1 1009 539 56 49 drone
731 1 1011 534 56 50 drone
732 1 1013 533 57 50 drone
733 1 1017 533 55 49 drone
734 1 1019 534 56 50 drone
735 1 1021 532 55 49 drone
736 1 1022 528 57 51 drone
737 1 1026 526 57 50 drone
738 1 1028 526 57 50 drone
739 1 1030 527 56 50 drone
740 1 1032 525 57 50 drone
741 1 1035 521 56 50 drone
742 1 1037 517 56 49 drone
743 1 1040 518 55 49 drone
744 1 1042 524 56 50 drone
745 1 1044 525 57 50 drone
746 1 1047 519 56 49 drone
747 1 1047 514 56 50 drone
748 1 1051 521 57 50 drone
749 1 1053 526 56 50 drone
750 1 1055 517 56 50 drone
751 1 1056 506 55 48 drone
752 1 1058 504 56 50 drone
753 1 1061 513 57 50 drone
754 1 1063 513 56 49 drone
755 1 1066 502 55 49 drone
756 1 1068 496 54 48 drone
757 1 1070 502 55 48 drone
758 1 1073 513 55 48 drone
759 1 1074 509 55 49 drone
760 1 1075 489 56 50 drone
761 1 1077 482 55 49 drone
762 1 1080 494 55 49 drone
763 1 1083 507 55 49 drone
764 1 1082 502 55 49 drone
765 1 1084 485 55 49 drone
766 1 1087 478 54 48 drone
767 1 1090 488 55 49 drone
768 1 1091 499 55 49 drone
769 1 1092 489 54 48 drone
770 1 1096 472 54 48 drone
771 1 1098 469 55 49 drone
772 1 1099 484 55 49 drone
773 1 1101 493 55 48 drone
774 1 1104 480 54 48 drone
775 1 1105 460 54 48 drone
776 1 1108 462 54 48 drone
777 1 1112 481 55 49 drone
778 1 1112 485 55 49 drone
779 1 1115 466 54 48 drone
780 1 1116 443 54 48 drone
781 1 1120 448 54 48 drone
782 1 1124 468 55 48 drone
783 1 1128 475 53 47 drone
784 1 1127 460 53 47 drone
785 1 1129 442 54 48 drone
786 1 1133 442 54 48 drone
787 1 1136 458 55 48 drone
788 1 1137 462 54 48 drone
789 1 1138 448 55 48 drone
790 1 1142 432 54 48 drone
791 1 1143 431 54 48 drone
792 1 1146 446 54 48 drone
793 1 1150 453 53 47 drone
794 1 1152 446 53 47 drone
795 1 1153 433 53 47 drone
796 1 1154 430 54 48 drone
797 1 1157 440 54 48 drone
798 1 1158 442 54 48 drone
799 1 1162 433 54 47 drone
800 1 1163 422 53 47 drone
801 1 1165 425 54 47 drone
802 1 1167 436 54 48 drone
803 1 1167 436 55 48 drone
804 1 1173 424 54 47 drone
805 1 1174 416 53 47 drone
806 1 1174 418 54 47 drone
807 1 1174 426 53 47 drone
808 1 1178 426 53 47 drone
809 1 1182 417 53 46 drone
810 1 1183 413 55 48 drone
811 1 1181 419 54 48 drone
812 1 1185 421 54 48 drone
813 1 1187 414 52 46 drone
814 1 1188 403 53 47 drone
815 1 1189 404 54 48 drone
816 1 1191 414 53 47 drone
817 1 1195 421 53 46 drone
818 1 1195 418 54 47 drone
819 1 1196 413 53 47 drone
820 1 1197 422 53 47 drone
821 1 1201 446 54 48 drone
822 1 1203 467 53 47 drone
823 1 1204 469 54 48 drone
824 1 1205 458 54 47 drone
825 1 1208 458 54 48 drone
826 1 1210 472 53 47 drone
827 1 1212 478 54 48 drone
828 1 1213 468 54 48 drone
829 1 1215 456 53 47 drone
830 1 1217 458 54 48 drone
831 1 1220 469 54 47 drone
832 1 1220 470 54 48 drone
833 1 1223 461 54 48 drone
834 1 1228 453 53 46 drone
835 1 1226 451 55 48 drone
836 1 1228 459 53 47 drone
837 1 1231 460 53 47 drone
838 1 1234 456 53 46 drone
839 1 1235 449 55 48 drone
840 1 1237 450 54 48 drone
841 1 1239 453 53 46 drone
842 1 1241 451 54 48 drone
843 1 1242 445 53 47 drone
844 1 1243 440 55 48 drone
845 1 1246 442 55 48 drone
846 1 1249 448 54 47 drone
847 1 1250 448 53 47 drone
848 1 1252 441 54 47 drone
849 1 1254 436 53 47 drone
850 1 1255 437 54 48 drone
851 1 1257 440 53 47 drone
852 1 1257 437 54 47 drone
853 1 1256 430 54 48 drone
854 1 1255 427 54 47 drone
855 1 1254 430 54 48 drone
856 1 1254 434 53 47 drone
857 1 1251 433 52 46 drone
858 1 1235 426 54 48 drone
859 1 1157 420 54 48 drone
860 1 1086 421 54 48 drone
861 1 1076 424 53 47 drone
862 1 1073 425 54 48 drone
863 1 1068 421 55 49 drone
864 1 1063 418 53 47 drone
865 1 1055 415 52 46 drone
866 1 1044 415 61 46 drone
867 1 1041 416 61 46 drone
868 1 1040 416 61 46 drone
869 1 1042 414 60 45 drone
870 1 1042 410 61 46 drone
871 1 1043 408 60 45 drone
872 1 1044 407 59 44 drone
873 1 1045 406 61 46 drone
874 1 1047 406 60 45 drone
875 1 1049 404 59 44 drone
876 1 1050 402 60 45 drone
877 1 1052 399 60 45 drone
878 1 1053 399 59 45 drone
879 1 1055 399 60 45 drone
880 1 1056 395 60 46 drone
881 1 1058 391 60 45 drone
882 1 1058 389 62 46 drone
883 1 1060 390 59 45 drone
884 1 1062 389 61 46 drone
885 1 1063 388 61 46 drone
886 1 1065 386 60 45 drone
887 1 1066 383 60 45 drone
888 1 1067 382 60 45 drone
889 1 1070 383 57 43 drone
890 1 1072 382 59 44 drone
891 1 1073 380 58 44 drone
892 1 1073 377 58 44 drone
893 1 1074 373 60 45 drone
894 1 1075 373 59 45 drone
895 1 1078 373 59 44 drone
896 1 1078 373 59 44 drone
897 1 1080 371 59 45 drone
898 1 1081 369 60 45 drone
899 1 1084 374 58 44 drone
900 1 1085 389 59 44 drone
901 1 1086 412 59 45 drone
902 1 1089 430 58 44 drone
903 1 1089 444 58 44 drone
904 1 1091 461 59 45 drone
905 1 1093 476 59 45 drone
906 1 1095 489 59 44 drone
907 1 1098 498 57 43 drone
908 1 1098 503 59 45 drone
909 1 1099 514 56 46 drone
910 1 1100 524 57 47 drone
911 1 1103 529 54 45 drone
912 1 1104 528 55 45 drone
913 1 1106 526 55 45 drone
914 1 1107 526 55 45 drone
915 1 1109 526 57 47 drone
916 1 1111 528 55 45 drone
917 1 1110 526 57 47 drone
918 1 1113 520 56 46 drone
919 1 1114 516 57 46 drone
920 1 1116 517 57 46 drone
921 1 1119 523 55 45 drone
922 1 1119 523 56 46 drone
923 1 1122 519 56 46 drone
924 1 1122 516 57 47 drone
925 1 1126 517 56 46 drone
926 1 1127 520 57 47 drone
927 1 1130 520 58 47 drone
928 1 1131 515 56 46 drone
929 1 1131 512 59 48 drone
930 1 1133 512 57 47 drone
931 1 1135 515 57 47 drone
932 1 1138 515 56 46 drone
933 1 1138 512 58 48 drone
934 1 1139 509 56 46 drone
935 1 1140 511 57 47 drone
936 1 1137 513 57 47 drone
937 1 1130 512 56 46 drone
938 1 1094 506 58 47 drone
939 1 1032 501 53 47 drone
940 1 1001 502 53 47 drone
941 1 991 505 52 46 drone
942 1 980 505 52 46 drone
943 1 963 500 52 46 drone
944 1 941 499 51 45 drone
945 1 932 503 51 45 drone
946 1 929 508 52 47 drone
947 1 928 507 52 46 drone
948 1 926 495 53 47 drone
949 1 925 490 51 46 drone
950 1 925 496 52 46 drone
951 1 927 501 51 45 drone
952 1 925 497 51 46 drone
953 1 926 489 52 46 drone
954 1 926 486 52 46 drone
955 1 925 488 53 47 drone
956 1 926 488 52 46 drone
957 1 930 486 51 45 drone
958 1 931 484 52 46 drone
959 1 932 483 52 46 drone
960 1 933 487 51 45 drone
961 1 934 487 52 46 drone
962 1 936 484 52 46 drone
963 1 941 483 50 44 drone
964 1 941 483 52 46 drone
965 1 942 480 52 46 drone
966 1 944 474 51 45 drone
967 1 945 471 50 44 drone
968 1 947 473 52 46 drone
969 1 949 482 51 46 drone
970 1 952 485 51 45 drone
971 1 954 479 51 45 drone
972 1 955 470 50 44 drone
973 1 955 468 52 46 drone
974 1 959 477 51 45 drone
975 1 963 484 51 45 drone
976 1 964 473 50 44 drone
977 1 963 461 50 44 drone
978 1 967 465 50 44 drone
979 1 968 478 49 43 drone
980 1 970 478 51 45 drone
981 1 971 463 50 44 drone
982 1 971 447 51 45 drone
983 1 972 450 50 44 drone
984 1 974 464 50 44 drone
985 1 977 466 51 45 drone
986 1 980 455 49 43 drone
987 1 980 447 49 44 drone
988 1 980 450 49 43 drone
989 1 984 458 50 44 drone
990 1 986 461 51 45 drone
991 1 989 457 50 44 drone
992 1 989 447 49 44 drone
993 1 990 444 50 44 drone
994 1 991 448 50 44 drone
995 1 993 451 50 44 drone
996 1 998 451 50 44 drone
997 1 1000 442 49 43 drone
998 1 1000 434 49 43 drone
999 1 1000 433 50 44 drone
1000 1 1003 438 50 44 drone
1001 1 1006 441 50 44 drone
1002 1 1008 435 50 44 drone
1003 1 1009 430 51 45 drone
1004 1 1013 435 50 44 drone
1005 1 1015 440 50 44 drone
1006 1 1016 434 51 45 drone
1007 1 1017 423 50 44 drone
1008 1 1020 420 50 44 drone
1009 1 1022 429 50 44 drone
1010 1 1024 436 50 44 drone
1011 1 1025 428 51 45 drone
1012 1 1027 418 50 44 drone
1013 1 1028 418 51 45 drone
1014 1 1032 431 49 43 drone
1015 1 1033 438 50 44 drone
1016 1 1035 431 50 44 drone
1017 1 1038 418 50 44 drone
1018 1 1039 412 50 44 drone
1019 1 1040 416 49 44 drone
1020 1 1044 425 49 43 drone
1021 1 1043 423 50 44 drone
1022 1 1046 417 49 43 drone
1023 1 1046 411 49 43 drone
1024 1 1047 416 49 43 drone
1025 1 1047 420 49 43 drone
1026 1 1046 418 49 43 drone
1027 1 1042 409 50 44 drone
1028 1 1038 402 50 44 drone
1029 1 1013 406 49 43 drone
1030 1 937 415 51 40 drone
1031 1 875 415 51 40 drone
1032 1 849 410 52 41 drone
1033 1 829 407 52 41 drone
1034 1 815 407 52 41 drone
1035 1 815 410 52 41 drone
1036 1 814 411 52 41 drone
1037 1 815 404 52 41 drone
1038 1 815 396 52 41 drone
1039 1 817 395 52 41 drone
1040 1 819 398 51 40 drone
1041 1 818 397 52 41 drone
1042 1 819 396 52 41 drone
1043 1 821 395 52 41 drone
1044 1 824 395 52 41 drone
1045 1 822 396 51 40 drone
1046 1 825 397 52 41 drone
1047 1 828 401 52 41 drone
1048 1 829 400 52 41 drone
1049 1 829 392 51 40 drone
1050 1 830 389 52 41 drone
1051 1 833 398 51 40 drone
1052 1 833 404 51 40 drone
1053 1 836 399 52 41 drone
1054 1 836 388 52 41 drone
1055 1 836 384 52 41 drone
1056 1 836 387 51 40 drone
1057 1 838 392 52 41 drone
1058 1 840 390 52 41 drone
1059 1 841 386 52 40 drone
1060 1 842 380 52 41 drone
1061 1 843 381 51 40 drone
1062 1 844 382 52 41 drone
1063 1 846 382 52 41 drone
1064 1 849 381 50 39 drone
1065 1 848 376 51 40 drone
1066 1 849 369 51 40 drone
1067 1 853 375 51 40 drone
1068 1 854 376 51 40 drone
1069 1 855 372 50 39 drone
1070 1 857 363 50 39 drone
1071 1 857 360 51 40 drone
1072 1 858 365 51 40 drone
1073 1 860 373 50 39 drone
1074 1 862 372 50 40 drone
1075 1 862 366 51 40 drone
1076 1 865 360 50 40 drone
1077 1 864 361 51 40 drone
1078 1 868 363 51 40 drone
1079 1 870 362 50 40 drone
1080 1 871 354 50 39 drone
1081 1 872 351 51 40 drone
1082 1 875 353 50 39 drone
1083 1 875 349 51 40 drone
1084 1 876 344 50 39 drone
1085 1 878 339 51 40 drone
1086 1 878 343 50 39 drone
1087 1 881 350 51 40 drone
1088 1 883 350 50 39 drone
1089 1 884 344 50 39 drone
1090 1 885 341 50 39 drone
1091 1 887 346 50 39 drone
1092 1 889 351 50 39 drone
1093 1 891 348 50 39 drone
1094 1 892 343 50 39 drone
1095 1 893 339 50 40 drone
1096 1 896 343 50 39 drone
1097 1 897 350 49 39 drone
1098 1 898 372 50 39 drone
1099 1 900 403 50 39 drone
1100 1 901 424 50 39 drone
1101 1 902 439 50 39 drone
1102 1 903 447 50 40 drone
1103 1 905 453 49 39 drone
1104 1 907 457 49 39 drone
1105 1 909 458 50 39 drone
1106 1 910 463 51 40 drone
1107 1 911 468 50 40 drone
1108 1 913 467 50 39 drone
1109 1 915 465 51 40 drone
1110 1 916 464 50 40 drone
1111 1 916 468 51 40 drone
1112 1 918 469 51 40 drone
1113 1 920 465 50 39 drone
1114 1 921 462 51 40 drone
1115 1 922 460 51 40 drone
1116 1 924 462 50 39 drone
1117 1 925 463 51 40 drone
1118 1 925 463 51 40 drone
1119 1 928 460 50 39 drone
1120 1 930 457 50 39 drone
1121 1 931 455 51 40 drone
1122 1 931 455 51 40 drone
1123 1 932 453 51 40 drone
1124 1 933 450 51 40 drone
1125 1 936 449 50 39 drone
1126 1 937 452 52 41 drone
1127 1 938 452 51 40 drone
1128 1 938 446 50 39 drone
1129 1 939 439 51 40 drone
1130 1 938 439 51 40 drone
1131 1 937 445 51 40 drone
1132 1 936 450 51 40 drone
1133 1 928 445 50 39 drone
1134 1 883 436 50 40 drone
1135 1 814 432 50 40 drone
1136 1 796 437 50 40 drone
1137 1 789 441 50 40 drone
1138 1 778 437 50 40 drone
1139 1 759 428 50 40 drone
1140 1 732 424 50 40 drone
1141 1 708 430 51 41 drone
1142 1 688 437 51 41 drone
1143 1 669 436 50 40 drone
1144 1 652 427 52 41 drone
1145 1 650 427 51 41 drone
1146 1 653 436 51 41 drone
1147 1 656 442 51 40 drone
1148 1 654 438 52 41 drone
1149 1 656 426 51 41 drone
1150 1 658 420 52 41 drone
1151 1 660 424 52 41 drone
1152 1 661 432 51 41 drone
1153 1 663 431 51 40 drone
1154 1 662 422 52 41 drone
1155 1 663 417 52 41 drone
1156 1 665 419 52 42 drone
1157 1 666 424 52 41 drone
1158 1 667 421 52 42 drone
1159 1 668 414 51 41 drone
1160 1 670 410 51 41 drone
1161 1 670 412 53 42 drone
1162 1 674 419 52 41 drone
1163 1 676 422 51 41 drone
1164 1 676 417 52 42 drone
1165 1 677 412 51 41 drone
1166 1 679 410 51 40 drone
1167 1 679 409 52 42 drone
1168 1 681 412 51 41 drone
1169 1 683 411 51 41 drone
1170 1 683 409 51 41 drone
1171 1 685 408 51 41 drone
1172 1 687 406 50 40 drone
1173 1 687 401 51 41 drone
1174 1 688 401 51 40 drone
1175 1 691 404 49 41 drone
1176 1 694 407 49 41 drone
1177 1 695 405 49 41 drone
1178 1 696 399 49 41 drone
1179 1 697 396 49 41 drone
1180 1 698 394 49 41 drone
1181 1 699 397 49 41 drone
1182 1 700 397 49 41 drone
1183 1 702 396 49 41 drone
1184 1 702 395 49 41 drone
1185 1 704 394 49 41 drone
1186 1 706 395 49 41 drone
1187 1 707 392 48 40 drone
1188 1 708 387 48 40 drone
1189 1 709 385 49 41 drone
1190 1 711 389 50 42 drone
1191 1 713 392 48 40 drone
1192 1 714 387 49 41 drone
1193 1 715 382 48 40 drone
1194 1 715 381 49 41 drone
1195 1 718 385 48 41 drone
1196 1 719 386 49 41 drone
1197 1 721 384 51 40 drone
1198 1 724 380 52 41 drone
1199 1 725 382 51 40 drone
1200 1 726 383 51 40 drone
1201 1 726 379 52 41 drone
1202 1 727 374 52 41 drone
1203 1 729 372 51 40 drone
1204 1 729 375 52 41 drone
1205 1 731 379 51 40 drone
1206 1 733 378 51 40 drone
1207 1 734 374 51 40 drone
1208 1 735 370 51 40 drone
1209 1 735 370 51 40 drone
1210 1 736 370 51 40 drone
1211 1 738 371 52 40 drone
1212 1 740 369 51 40 drone
1213 1 741 364 51 40 drone
1214 1 742 362 50 39 drone
1215 1 743 365 50 40 drone
1216 1 744 368 51 40 drone
1217 1 746 366 50 39 drone
1218 1 746 360 50 39 drone
1219 1 748 359 50 39 drone
1220 1 749 362 49 38 drone
1221 1 750 361 50 39 drone
1222 1 750 359 51 40 drone
1223 1 752 355 51 40 drone
1224 1 753 356 50 39 drone
1225 1 755 356 50 39 drone
1226 1 757 353 50 39 drone
1227 1 758 350 50 40 drone
1228 1 759 350 50 39 drone
1229 1 761 351 51 40 drone
1230 1 763 349 51 40 drone
1231 1 765 343 50 39 drone
1232 1 766 339 50 39 drone
1233 1 768 343 50 39 drone
1234 1 771 350 45 39 drone
1235 1 771 349 45 39 drone
1236 1 772 341 45 39 drone
1237 1 774 336 47 40 drone
1238 1 776 337 46 40 drone
1239 1 778 339 46 40 drone
1240 1 779 337 46 39 drone
1241 1 779 335 45 39 drone
1242 1 781 332 45 39 drone
1243 1 781 327 46 40 drone
1244 1 783 325 46 40 drone
1245 1 785 327 45 39 drone
1246 1 786 328 45 39 drone
1247 1 788 326 45 39 drone
1248 1 790 325 44 38 drone
1249 1 791 324 45 39 drone
1250 1 795 326 43 37 drone
1251 1 796 324 43 37 drone
1252 1 798 322 42 37 drone
1253 1 800 321 42 36 drone
1254 1 801 321 42 36 drone
1255 1 802 321 42 37 drone
1256 1 803 318 44 38 drone
1257 1 805 317 42 37 drone
1258 1 808 316 41 35 drone
1259 1 809 316 41 36 drone
1260 1 809 315 42 36 drone
1261 1 811 316 41 35 drone
1262 1 812 316 41 36 drone
1263 1 814 317 41 36 drone
1264 1 816 315 41 36 drone
1265 1 816 309 40 35 drone
1266 1 817 305 41 36 drone
1267 1 818 311 41 36 drone
1268 1 821 322 40 34 drone
1269 1 821 322 42 36 drone
1270 1 822 312 41 35 drone
1271 1 821 306 41 36 drone
1272 1 822 310 41 36 drone
1273 1 821 312 42 36 drone
1274 1 824 308 40 35 drone
1275 1 824 304 40 35 drone
1276 1 825 313 40 35 drone
1277 1 825 339 40 35 drone
1278 1 829 367 40 35 drone
1279 1 829 382 39 35 drone
1280 1 829 387 39 34 drone
1281 1 831 400 40 35 drone
1282 1 832 409 39 34 drone
1283 1 829 411 39 35 drone
1284 1 829 411 40 35 drone
1285 1 831 417 40 35 drone
1286 1 830 425 40 35 drone
1287 1 829 423 41 36 drone
1288 1 827 417 41 36 drone
1289 1 829 417 40 35 drone
1290 1 829 419 40 35 drone
1291 1 828 424 39 34 drone
1292 1 827 422 40 35 drone
1293 1 828 419 40 35 drone
1294 1 828 421 41 36 drone
1295 1 828 427 40 35 drone
1296 1 828 432 40 35 drone
1297 1 827 429 41 36 drone
1298 1 827 426 41 36 drone
1299 1 828 428 41 36 drone
1300 1 827 437 41 36 drone
1301 1 827 442 41 36 drone
1302 1 828 434 41 36 drone
1303 1 826 425 42 37 drone
1304 1 824 427 43 37 drone
1305 1 826 437 41 36 drone
1306 1 827 437 41 36 drone
1307 1 826 433 41 36 drone
1308 1 825 430 41 36 drone
1309 1 825 432 42 36 drone
1310 1 827 430 41 35 drone
1311 1 825 428 42 37 drone
1312 1 824 428 43 38 drone
1313 1 825 430 43 37 drone
1314 1 823 428 44 38 drone
1315 1 823 425 44 38 drone
1316 1 822 422 45 39 drone
1317 1 823 422 45 39 drone
1318 1 826 430 44 39 drone
1319 1 823 435 44 38 drone
1320 1 821 425 46 40 drone
1321 1 822 419 46 41 drone
1322 1 822 430 46 40 drone
1323 1 822 439 46 40 drone
1324 1 820 435 46 41 drone
1325 1 822 427 45 39 drone
1326 1 820 422 47 41 drone
1327 1 819 430 47 41 drone
1328 1 820 433 47 41 drone
1329 1 818 429 46 41 drone
1330 1 816 422 47 41 drone
1331 1 813 421 49 43 drone
1332 1 812 432 49 43 drone
1333 1 812 435 50 44 drone
1334 1 811 428 53 46 drone
1335 1 806 421 55 48 drone
1336 1 805 424 56 49 drone
1337 1 807 437 53 46 drone
1338 1 804 440 53 46 drone
1339 1 801 439 55 48 drone
1340 1 798 439 55 48 drone
1341 1 798 450 54 48 drone
1342 1 797 455 53 46 drone
1343 1 796 448 53 46 drone
1344 1 793 435 53 47 drone
1345 1 791 436 55 48 drone
1346 1 788 453 54 47 drone
1347 1 785 456 55 48 drone
1348 1 786 442 54 48 drone
1349 1 782 436 54 48 drone
1350 1 777 447 53 46 drone
1351 1 776 455 54 48 drone
1352 1 775 440 53 46 drone
1353 1 771 427 55 48 drone
1354 1 767 435 54 47 drone
1355 1 763 454 55 48 drone
1356 1 762 464 54 48 drone
1357 1 761 455 55 48 drone
1358 1 758 445 55 48 drone
1359 1 753 448 54 48 drone
1360 1 750 454 55 48 drone
1361 1 747 456 56 49 drone
1362 1 746 456 55 48 drone
1363 1 742 446 55 48 drone
1364 1 739 436 55 48 drone
1365 1 734 439 55 48 drone
1366 1 731 449 56 49 drone
1367 1 732 455 55 48 drone
1368 1 725 444 55 48 drone
1369 1 726 437 56 49 drone
1370 1 729 447 55 48 drone
1371 1 728 458 55 48 drone
1372 1 726 450 54 48 drone
1373 1 730 432 55 48 drone
1374 1 755 428 55 48 drone
1375 1 835 440 55 48 drone
1376 1 869 448 55 48 drone
1377 1 864 440 55 48 drone
1378 1 860 422 53 46 drone
1379 1 857 422 53 47 drone
1380 1 852 437 55 48 drone
1381 1 848 446 55 48 drone
1382 1 841 430 55 48 drone
1383 1 834 412 53 46 drone
1384 1 830 416 52 45 drone
1385 1 825 431 55 48 drone
1386 1 820 443 53 46 drone
1387 1 814 435 53 46 drone
1388 1 806 431 52 46 drone
1389 1 801 435 53 46 drone
1390 1 796 444 52 46 drone
1391 1 792 443 52 45 drone
1392 1 785 426 52 45 drone
1393 1 778 420 51 44 drone
1394 1 771 428 52 45 drone
1395 1 767 442 51 44 drone
1396 1 766 434 50 43 drone
1397 1 760 410 49 43 drone
1398 1 747 402 49 43 drone
1399 1 744 428 47 41 drone
1400 1 741 453 50 44 drone
1401 1 738 431 49 43 drone
1402 1 725 391 49 43 drone
1403 1 721 377 48 43 drone
1404 1 723 410 48 43 drone
1405 1 727 447 51 39 drone
1406 1 740 434 50 39 drone
1407 1 772 392 50 39 drone
1408 1 812 375 50 39 drone
1409 1 843 401 50 39 drone
1410 1 877 432 50 39 drone
1411 1 918 425 50 39 drone
1412 1 958 394 50 39 drone
1413 1 997 382 50 39 drone
1414 1 1036 407 50 39 drone
1415 1 1047 437 50 39 drone
1416 1 1061 441 50 39 drone
1417 1 1070 407 50 39 drone
1418 1 1072 383 52 40 drone
1419 1 1072 398 50 39 drone
1420 1 1073 427 51 40 drone
1421 1 1072 429 51 40 drone
1422 1 1069 401 51 39 drone
1423 1 1063 388 51 40 drone
1424 1 1058 392 50 39 drone
1425 1 1053 400 50 39 drone
1426 1 1050 397 50 39 drone
1427 1 1043 391 50 39 drone
1428 1 1039 389 51 40 drone
1429 1 1035 393 51 40 drone
1430 1 1030 391 51 40 drone
1431 1 1023 377 51 40 drone
1432 1 1019 375 52 40 drone
1433 1 1016 391 49 39 drone
1434 1 1010 404 50 39 drone
1435 1 1004 389 52 41 drone
1436 1 998 365 50 39 drone
1437 1 990 362 53 41 drone
1438 1 988 381 50 39 drone
1439 1 986 398 49 38 drone
1440 1 982 394 49 39 drone
1441 1 972 391 50 39 drone
1442 1 971 410 51 40 drone
1443 1 969 460 51 40 drone
1444 1 968 505 51 40 drone
1445 1 959 506 50 39 drone
1446 1 953 498 50 39 drone
1447 1 948 512 50 39 drone
1448 1 947 549 50 39 drone
1449 1 943 569 50 39 drone
1450 1 938 570 50 39 drone
1451 1 931 554 49 38 drone
1452 1 926 538 49 39 drone
1453 1 920 533 50 39 drone
1454 1 916 543 51 39 drone
1455 1 915 560 49 38 drone
1456 1 908 557 50 39 drone
1457 1 901 533 49 39 drone
1458 1 894 519 51 40 drone
1459 1 893 538 49 38 drone
1460 1 891 564 50 39 drone
1461 1 884 561 50 39 drone
1462 1 876 536 50 39 drone
1463 1 872 524 50 39 drone
1464 1 865 542 52 40 drone
1465 1 860 563 50 39 drone
1466 1 856 555 50 39 drone
1467 1 849 540 50 39 drone
1468 1 844 529 50 39 drone
1469 1 841 539 51 39 drone
1470 1 836 556 49 39 drone
1471 1 831 566 50 39 drone
1472 1 824 553 49 38 drone
1473 1 819 527 52 41 drone
1474 1 816 520 51 40 drone
1475 1 812 530 51 40 drone
1476 1 813 542 51 39 drone
1477 1 818 535 50 39 drone
1478 1 833 525 50 39 drone
1479 1 862 523 51 40 drone
1480 1 919 538 51 40 drone
1481 1 995 536 51 40 drone
1482 1 1075 524 51 40 drone
1483 1 1105 510 50 39 drone
1484 1 1109 512 51 40 drone
1485 1 1111 523 50 39 drone
1486 1 1119 520 49 39 drone
1487 1 1123 499 49 39 drone
1488 1 1126 486 49 38 drone
1489 1 1129 507 50 39 drone
1490 1 1136 533 50 39 drone
1491 1 1145 527 50 40 drone
1492 1 1145 489 50 40 drone
1493 1 1149 473 49 39 drone
1494 1 1151 497 49 39 drone
1495 1 1153 525 49 39 drone
1496 1 1147 512 50 40 drone
1497 1 1141 474 48 40 drone
1498 1 1140 470 47 39 drone
1499 1 1136 490 47 39 drone
1500 1 1131 513 47 40 drone
