0 0
1 0
2 0
3 0
4 0
5 0
6 0
7 0
8 0
9 0
10 0
11 0
12 0
13 0
14 0
15 0
16 0
17 0
18 0
19 0
20 0
21 0
22 0
23 0
24 0
25 0
26 0
27 0
28 0
29 0
30 0
31 0
32 0
33 0
34 0
35 0
36 0
37 0
38 0
39 0
40 0
41 0
42 0
43 0
44 0
45 0
46 0
47 0
48 0
49 0
50 0
51 0
52 0
53 0
54 0
55 0
56 0
57 0
58 0
59 0
60 0
61 0
62 0
63 0
64 0
65 0
66 0
67 0
68 0
69 0
70 0
71 0
72 0
73 0
74 0
75 0
76 0
77 0
78 0
79 0
80 0
81 0
82 0
83 0
84 0
85 0
86 0
87 0
88 0
89 0
90 0
91 0
92 0
93 0
94 0
95 0
96 0
97 0
98 0
99 0
100 0
101 0
102 0
103 0
104 0
105 0
106 0
107 0
108 0
109 0
110 0
111 0
112 0
113 0
114 0
115 0
116 0
117 0
118 0
119 0
120 0
121 0
122 0
123 0
124 0
125 0
126 0
127 0
128 0
129 0
130 0
131 0
132 0
133 0
134 0
135 0
136 0
137 0
138 0
139 0
140 0
141 0
142 0
143 0
144 0
145 0
146 0
147 0
148 0
149 0
150 0
151 0
152 0
153 0
154 0
155 0
156 0
157 0
158 0
159 0
160 0
161 0
162 0
163 0
164 0
165 0
166 0
167 0
168 0
169 0
170 0
171 0
172 0
173 0
174 0
175 0
176 0
177 0
178 0
179 0
180 0
181 0
182 0
183 0
184 0
185 0
186 0
187 0
188 0
189 0
190 0
191 0
192 0
193 0
194 0
195 0
196 0
197 0
198 0
199 0
200 0
201 0
202 0
203 0
204 0
205 0
206 0
207 0
208 0
209 0
210 0
211 0
212 0
213 0
214 0
215 0
216 0
217 0
218 0
219 0
220 0
221 0
222 0
223 0
224 0
225 0
226 0
227 0
228 0
229 0
230 0
231 0
232 0
233 0
234 0
235 0
236 0
237 0
238 0
239 0
240 0
241 0
242 0
243 0
244 0
245 0
246 0
247 0
248 0
249 0
250 0
251 0
252 0
253 0
254 0
255 0
256 0
257 0
258 0
259 0
260 0
261 0
262 0
263 0
264 0
265 0
266 0
267 0
268 0
269 0
270 0
271 0
272 0
273 0
274 0
275 0
276 0
277 0
278 0
279 0
280 0
281 0
282 0
283 0
284 0
285 0
286 0
287 0
288 0
289 0
290 0
291 0
292 0
293 0
294 0
295 0
296 0
297 0
298 0
299 0
300 0
301 0
302 0
303 0
304 0
305 0
306 0
307 0
308 0
309 0
310 0
311 0
312 0
313 0
314 0
315 0
316 0
317 0
318 0
319 0
320 0
321 0
322 0
323 0
324 0
325 0
326 0
327 0
328 0
329 0
330 0
331 0
332 0
333 0
334 0
335 0
336 0
337 0
338 0
339 0
340 0
341 0
342 0
343 0
344 0
345 0
346 0
347 0
348 0
349 0
350 0
351 0
352 0
353 0
354 0
355 0
356 0
357 0
358 0
359 0
360 0
361 0
362 0
363 0
364 0
365 0
366 0
367 0
368 0
369 0
370 0
371 0
372 0
373 0
374 0
375 0
376 0
377 0
378 0
379 0
380 0
381 0
382 0
383 0
384 0
385 0
386 0
387 0
388 0
389 0
390 0
391 0
392 0
393 0
394 0
395 0
396 0
397 0
398 0
399 0
400 0
401 0
402 0
403 0
404 0
405 0
406 0
407 0
408 0
409 0
410 0
411 0
412 0
413 0
414 0
415 0
416 0
417 0
418 0
419 0
420 0
421 0
422 0
423 0
424 0
425 0
426 0
427 0
428 0
429 0
430 0
431 0
432 0
433 0
434 0
435 0
436 0
437 0
438 0
439 0
440 0
441 0
442 0
443 1 1893 316 15 10 drone
444 1 1881 319 15 10 drone
445 1 1866 322 15 10 drone
446 1 1855 325 14 10 drone
447 1 1839 328 15 10 drone
448 1 1824 331 15 10 drone
449 1 1812 335 15 10 drone
450 1 1798 335 14 10 drone
451 1 1786 337 15 10 drone
452 1 1773 338 16 10 drone
453 1 1759 340 16 10 drone
454 1 1748 341 17 11 drone
455 1 1735 341 17 12 drone
456 1 1725 342 17 12 drone
457 1 1711 344 17 12 drone
458 1 1699 345 17 12 drone
459 1 1686 346 17 12 drone
460 1 1673 346 17 12 drone
461 1 1659 347 17 12 drone
462 1 1646 349 18 12 drone
463 1 1635 349 19 13 drone
464 1 1623 352 15 11 drone
465 1 1613 353 16 12 drone
466 1 1600 355 16 12 drone
467 1 1586 354 17 10 drone
468 1 1574 357 18 10 drone
469 1 1561 357 19 11 drone
470 1 1547 357 19 11 drone
471 1 1537 358 19 11 drone
472 1 1525 359 18 10 drone
473 1 1512 360 19 11 drone
474 1 1498 361 19 11 drone
475 1 1487 361 19 11 drone
476 1 1474 363 19 11 drone
477 1 1461 364 19 11 drone
478 1 1449 364 19 11 drone
479 1 1435 365 19 11 drone
480 1 1423 366 19 11 drone
481 1 1411 366 19 11 drone
482 1 1400 368 19 11 drone
483 1 1384 368 18 10 drone
484 1 1375 370 18 10 drone
485 1 1363 370 17 10 drone
486 1 1350 371 17 10 drone
487 1 1338 371 17 10 drone
488 1 1323 372 17 10 drone
489 1 1313 374 17 10 drone
490 1 1301 375 18 10 drone
491 1 1289 374 18 10 drone
492 1 1277 374 18 10 drone
493 1 1266 375 19 10 drone
494 1 1254 377 19 10 drone
495 1 1244 378 18 10 drone
496 1 1233 377 18 10 drone
497 1 1221 378 17 10 drone
498 1 1210 380 17 10 drone
499 1 1199 381 18 10 drone
500 1 1187 384 18 10 drone
501 1 1176 383 18 10 drone
502 1 1165 385 18 10 drone
503 1 1153 386 18 10 drone
504 1 1140 388 18 10 drone
505 1 1130 389 18 10 drone
506 1 1124 390 18 10 drone
507 1 1123 390 11 10 drone
508 1 1115 390 12 10 drone
509 1 1103 390 12 10 drone
510 1 1102 390 11 10 drone
511 1 1102 389 11 10 drone
512 1 1103 392 17 10 drone
513 1 1105 392 17 10 drone
514 1 1107 394 17 10 drone
515 1 1107 392 17 10 drone
516 1 1109 394 17 10 drone
517 1 1115 393 16 10 drone
518 1 1116 394 15 10 drone
519 1 1117 395 15 9 drone
520 1 1118 395 15 9 drone
521 1 1121 396 14 9 drone
522 1 1123 397 13 8 drone
523 1 1125 397 14 9 drone
524 1 1127 396 14 9 drone
525 1 1130 396 14 9 drone
526 1 1131 398 14 9 drone
527 1 1132 397 14 9 drone
528 1 1133 399 14 9 drone
529 1 1136 399 14 9 drone
530 1 1139 398 14 9 drone
531 1 1141 400 14 9 drone
532 1 1143 401 14 9 drone
533 1 1148 402 14 9 drone
534 1 1147 399 15 9 drone
535 1 1149 398 15 9 drone
536 1 1149 400 15 9 drone
537 1 1158 403 10 11 drone
538 1 1160 403 10 11 drone
539 0
540 0
541 0
542 0
543 0
544 0
545 0
546 0
547 0
548 0
549 0
550 0
551 0
552 0
553 0
554 0
555 0
556 0
557 0
558 0
559 0
560 0
561 0
562 0
563 0
564 0
565 0
566 0
567 0
568 0
569 0
570 0
571 0
572 0
573 0
574 0
575 0
576 0
577 0
578 0
579 0
580 0
581 0
582 0
583 0
584 0
585 0
586 0
587 0
588 0
589 0
590 0
591 0
592 0
593 0
594 0
595 0
596 0
597 0
598 0
599 0
600 0
601 0
602 0
603 0
604 0
605 0
606 0
607 0
608 0
609 0
610 0
611 0
612 0
613 0
614 0
615 0
616 0
617 0
618 0
619 0
620 0
621 0
622 0
623 0
624 0
625 0
626 0
627 0
628 0
629 0
630 0
631 0
632 0
633 0
634 0
635 0
636 0
637 0
638 0
639 0
640 0
641 0
642 0
643 0
644 0
645 0
646 0
647 0
648 0
649 0
650 0
651 0
652 0
653 0
654 0
655 0
656 0
657 0
658 0
659 0
660 0
661 0
662 0
663 0
664 0
665 0
666 0
667 0
668 0
669 0
670 0
671 0
672 0
673 0
674 0
675 0
676 0
677 0
678 0
679 0
680 0
681 0
682 0
683 0
684 0
685 0
686 0
687 0
688 0
689 0
690 0
691 0
692 0
693 0
694 0
695 0
696 0
697 0
698 0
699 0
700 0
701 0
702 0
703 0
704 0
705 0
706 0
707 0
708 0
709 0
710 0
711 0
712 0
713 0
714 0
715 0
716 0
717 0
718 0
719 0
720 0
721 0
722 0
723 0
724 1 1807 123 58 21 drone
725 1 1768 126 58 21 drone
726 1 1736 130 58 21 drone
727 1 1696 129 61 22 drone
728 1 1662 131 57 20 drone
729 1 1620 129 54 20 drone
730 1 1588 131 51 19 drone
731 1 1554 131 51 19 drone
732 1 1517 129 51 19 drone
733 1 1487 130 49 18 drone
734 1 1462 133 47 17 drone
735 1 1439 134 47 17 drone
736 1 1399 133 46 18 drone
737 1 1365 131 46 18 drone
738 1 1336 128 48 19 drone
739 1 1303 129 46 18 drone
740 1 1269 128 46 18 drone
741 1 1231 131 46 18 drone
742 1 1238 133 44 17 drone
743 1 1241 135 42 17 drone
744 1 1247 136 40 16 drone
745 1 1252 135 39 16 drone
746 1 1258 134 43 17 drone
747 1 1262 134 44 17 drone
748 1 1263 136 45 18 drone
749 1 1268 135 45 18 drone
750 1 1274 137 42 16 drone
751 1 1278 140 41 16 drone
752 1 1281 144 45 17 drone
753 1 1286 148 44 17 drone
754 1 1288 186 44 17 drone
755 1 1292 228 44 17 drone
756 1 1296 252 43 17 drone
757 1 1301 278 43 16 drone
758 1 1307 316 40 15 drone
759 1 1312 341 33 20 drone
760 0
761 0
762 0
763 1 1333 459 37 15 drone
764 1 1336 459 39 16 drone
765 1 1337 454 44 18 drone
766 1 1338 457 51 21 drone
767 1 1337 469 56 23 drone
768 1 1350 480 43 22 drone
769 1 1354 478 43 22 drone
770 1 1354 468 48 25 drone
771 1 1365 467 48 24 drone
772 1 1370 479 44 22 drone
773 1 1375 487 44 21 drone
774 1 1380 484 41 20 drone
775 1 1382 475 45 21 drone
776 1 1386 474 41 19 drone
777 1 1391 483 38 18 drone
778 1 1396 493 43 17 drone
779 1 1399 491 43 17 drone
780 1 1401 480 48 19 drone
781 1 1410 476 49 19 drone
782 1 1413 482 50 19 drone
783 1 1414 490 50 19 drone
784 1 1413 489 51 20 drone
785 1 1425 481 43 19 drone
786 1 1429 476 43 19 drone
787 1 1433 483 43 19 drone
788 1 1442 489 37 16 drone
789 1 1446 487 37 16 drone
790 1 1450 480 37 16 drone
791 1 1449 478 43 15 drone
792 1 1452 483 43 15 drone
793 1 1453 488 44 15 drone
794 1 1454 487 49 17 drone
795 1 1450 482 49 17 drone
796 1 1403 479 58 20 drone
797 1 1385 483 53 20 drone
798 1 1378 484 55 21 drone
799 1 1349 482 55 21 drone
800 1 1306 482 56 19 drone
801 1 1286 484 48 19 drone
802 1 1263 488 46 18 drone
803 1 1239 486 47 19 drone
804 1 1212 482 40 16 drone
805 1 1212 482 40 16 drone
806 1 1180 486 50 20 drone
807 1 1159 490 49 19 drone
808 1 1148 487 45 19 drone
809 1 1149 483 44 19 drone
810 1 1149 484 48 20 drone
811 1 1158 494 39 16 drone
812 1 1158 498 40 16 drone
813 1 1160 493 40 16 drone
814 1 1161 487 40 16 drone
815 1 1164 488 39 15 drone
816 1 1167 497 41 16 drone
817 1 1172 503 37 15 drone
818 1 1170 499 42 17 drone
819 1 1174 492 42 17 drone
820 1 1170 490 41 17 drone
821 1 1179 495 42 17 drone
822 1 1183 502 37 15 drone
823 1 1187 502 36 14 drone
824 1 1191 498 36 15 drone
825 1 1195 496 41 16 drone
826 1 1199 497 40 16 drone
827 1 1202 499 41 16 drone
828 1 1196 501 40 16 drone
829 1 1209 506 41 16 drone
830 1 1213 507 39 15 drone
831 1 1217 504 43 17 drone
832 1 1220 503 44 17 drone
833 1 1224 504 43 17 drone
834 1 1229 506 41 16 drone
835 1 1233 508 41 16 drone
836 1 1235 507 42 16 drone
837 1 1236 506 42 16 drone
838 1 1230 506 43 16 drone
839 1 1163 507 45 17 drone
840 1 1115 510 45 17 drone
841 1 1102 510 44 16 drone
842 1 1090 509 44 17 drone
843 1 1056 508 43 16 drone
844 1 1023 511 41 16 drone
845 1 999 514 41 16 drone
846 1 974 514 44 16 drone
847 1 947 511 41 15 drone
848 1 942 510 39 15 drone
849 1 942 512 39 15 drone
850 1 944 516 39 15 drone
851 1 952 519 38 14 drone
852 1 952 516 38 14 drone
853 1 953 513 33 12 drone
854 1 955 514 33 12 drone
855 1 957 519 34 13 drone
856 1 954 520 31 11 drone
857 1 957 517 31 11 drone
858 1 967 516 34 15 drone
859 1 970 518 34 15 drone
860 1 972 522 35 16 drone
861 1 975 524 35 16 drone
862 1 979 519 30 14 drone
863 1 982 514 33 14 drone
864 1 985 516 33 14 drone
865 1 988 524 33 14 drone
866 1 989 528 35 14 drone
867 1 992 521 35 14 drone
868 1 997 515 34 14 drone
869 1 1000 518 33 13 drone
870 1 1003 527 37 12 drone
871 1 1006 529 36 12 drone
872 1 1009 524 31 10 drone
873 1 1012 516 39 14 drone
874 1 1014 514 41 15 drone
875 1 1017 516 43 16 drone
876 1 1019 522 43 16 drone
877 1 1028 522 41 16 drone
878 1 1031 516 42 16 drone
879 1 1027 511 42 17 drone
880 1 1035 516 40 16 drone
881 1 1038 522 40 16 drone
882 1 1043 526 32 13 drone
883 1 1047 521 39 14 drone
884 1 1051 517 39 14 drone
885 1 1051 519 41 15 drone
886 1 1054 525 39 14 drone
887 1 1057 527 40 14 drone
888 1 1061 523 38 16 drone
889 1 1064 520 37 15 drone
890 1 1068 522 36 15 drone
891 1 1070 527 37 15 drone
892 1 1076 530 36 15 drone
893 1 1080 527 35 15 drone
894 1 1083 523 37 15 drone
895 1 1085 523 37 15 drone
896 1 1089 528 38 15 drone
897 1 1093 530 36 14 drone
898 1 1096 530 35 14 drone
899 1 1098 526 36 14 drone
900 1 1100 526 37 14 drone
901 1 1103 528 37 14 drone
902 1 1108 529 35 14 drone
903 1 1111 528 35 14 drone
904 1 1113 528 34 14 drone
905 1 1117 529 34 15 drone
906 1 1120 530 33 14 drone
907 1 1122 529 34 15 drone
908 1 1119 530 39 15 drone
909 1 1120 529 41 16 drone
910 1 1126 530 37 15 drone
911 1 1130 531 37 15 drone
912 1 1134 532 31 13 drone
913 1 1137 532 35 16 drone
914 1 1140 533 34 16 drone
915 1 1143 532 34 15 drone
916 1 1134 527 38 17 drone
917 1 1137 527 36 16 drone
918 1 1155 529 33 15 drone
919 1 1158 530 32 14 drone
920 1 1161 529 32 15 drone
921 1 1155 527 35 16 drone
922 1 1167 528 33 15 drone
923 1 1176 530 36 15 drone
924 1 1181 534 37 15 drone
925 1 1185 534 37 16 drone
926 1 1187 532 37 15 drone
927 1 1198 527 33 14 drone
928 1 1199 526 33 14 drone
929 1 1203 530 33 14 drone
930 1 1207 534 33 14 drone
931 1 1210 533 32 14 drone
932 1 1212 529 33 14 drone
933 1 1215 528 32 13 drone
934 1 1219 530 30 13 drone
935 1 1221 533 30 13 drone
936 1 1224 531 30 13 drone
937 1 1228 528 30 13 drone
938 1 1231 531 29 12 drone
939 1 1233 536 32 14 drone
940 1 1236 535 30 13 drone
941 1 1239 532 30 13 drone
942 1 1242 533 33 13 drone
943 1 1246 537 32 13 drone
944 1 1250 539 33 13 drone
945 1 1252 539 32 13 drone
946 1 1258 536 31 12 drone
947 1 1260 535 32 13 drone
948 1 1263 536 33 13 drone
949 1 1266 542 29 11 drone
950 1 1268 544 34 11 drone
951 1 1271 541 34 11 drone
952 1 1271 532 40 13 drone
953 1 1273 527 40 13 drone
954 1 1277 535 39 13 drone
955 1 1271 543 41 13 drone
956 1 1281 540 41 13 drone
957 1 1283 528 41 13 drone
958 1 1287 521 43 14 drone
959 1 1288 526 43 14 drone
960 1 1289 538 44 14 drone
961 1 1291 543 39 14 drone
962 1 1291 534 39 14 drone
963 1 1291 523 39 14 drone
964 1 1286 524 38 14 drone
965 0
966 1 1187 538 37 13 drone
967 1 1192 536 37 13 drone
968 1 1194 527 39 14 drone
969 1 1198 523 37 13 drone
970 1 1201 527 36 13 drone
971 1 1204 535 36 13 drone
972 1 1205 534 37 13 drone
973 1 1207 524 37 13 drone
974 1 1210 519 37 13 drone
975 1 1214 526 36 13 drone
976 1 1216 535 35 12 drone
977 1 1218 536 35 12 drone
978 1 1221 525 35 12 drone
979 1 1223 517 35 12 drone
980 1 1226 521 34 12 drone
981 1 1228 532 34 12 drone
982 1 1229 536 35 12 drone
983 1 1231 529 36 13 drone
984 1 1232 521 38 13 drone
985 1 1233 522 39 14 drone
986 1 1240 528 43 15 drone
987 1 1242 533 42 15 drone
988 1 1246 531 37 13 drone
989 1 1248 524 36 13 drone
990 1 1251 521 32 11 drone
991 1 1254 525 30 11 drone
992 1 1257 529 32 11 drone
993 1 1260 527 34 12 drone
994 1 1261 521 34 12 drone
995 1 1266 519 29 10 drone
996 1 1268 522 28 10 drone
997 1 1270 530 28 10 drone
998 1 1272 531 28 10 drone
999 1 1275 526 28 10 drone
1000 1 1276 519 33 14 drone
1001 1 1278 518 34 14 drone
1002 1 1278 522 34 14 drone
1003 1 1277 525 36 15 drone
1004 1 1283 523 30 13 drone
1005 1 1265 518 31 13 drone
1006 0
1007 1 1204 517 37 18 drone
1008 1 1200 519 36 18 drone
1009 1 1189 518 38 19 drone
1010 1 1168 517 37 18 drone
1011 1 1149 517 36 18 drone
1012 1 1142 518 37 18 drone
1013 1 1146 521 38 18 drone
1014 1 1147 521 38 18 drone
1015 1 1147 519 38 18 drone
1016 1 1147 517 39 18 drone
1017 1 1147 518 36 17 drone
1018 1 1150 518 37 18 drone
1019 1 1151 519 35 17 drone
1020 1 1153 518 32 15 drone
1021 1 1155 519 31 15 drone
1022 1 1153 519 29 14 drone
1023 1 1158 524 32 17 drone
1024 1 1160 524 32 17 drone
1025 1 1165 523 34 15 drone
1026 1 1167 522 34 15 drone
1027 1 1170 523 30 13 drone
1028 1 1172 526 29 13 drone
1029 1 1173 526 35 14 drone
1030 1 1175 524 35 14 drone
1031 1 1177 521 37 15 drone
1032 1 1181 521 37 15 drone
1033 1 1182 523 37 15 drone
1034 1 1180 524 38 15 drone
1035 1 1189 524 38 15 drone
1036 1 1190 521 38 15 drone
1037 1 1188 522 38 15 drone
1038 1 1185 525 40 16 drone
1039 1 1189 527 39 15 drone
1040 1 1180 524 41 16 drone
1041 1 1158 521 44 17 drone
1042 1 1135 520 44 17 drone
1043 1 1114 523 45 18 drone
1044 1 1097 525 45 17 drone
1045 1 1069 526 49 19 drone
1046 1 1064 526 41 20 drone
1047 1 1040 525 40 19 drone
1048 1 1023 524 39 19 drone
1049 1 1001 525 41 20 drone
1050 1 984 526 42 20 drone
1051 1 964 525 42 20 drone
1052 1 944 524 42 21 drone
1053 1 947 528 34 16 drone
1054 1 941 530 33 16 drone
1055 1 938 530 34 16 drone
1056 1 938 528 34 16 drone
1057 1 932 525 33 15 drone
1058 1 925 526 29 14 drone
1059 1 924 529 28 13 drone
1060 1 923 531 32 13 drone
1061 1 925 530 31 13 drone
1062 1 927 526 32 13 drone
1063 1 918 528 35 14 drone
1064 1 932 530 36 15 drone
1065 1 934 530 34 14 drone
1066 1 931 526 37 14 drone
1067 1 933 523 37 14 drone
1068 1 936 526 35 13 drone
1069 1 940 531 34 17 drone
1070 1 941 530 34 17 drone
1071 1 944 524 35 17 drone
1072 1 940 522 34 17 drone
1073 1 955 526 34 17 drone
1074 1 956 532 33 17 drone
1075 1 955 531 34 17 drone
1076 1 959 527 33 15 drone
1077 1 960 525 34 15 drone
1078 1 959 529 33 15 drone
1079 1 959 532 32 15 drone
1080 1 965 530 30 16 drone
1081 1 967 527 29 16 drone
1082 1 969 528 30 16 drone
1083 1 965 530 30 16 drone
1084 1 974 530 33 17 drone
1085 1 975 528 33 17 drone
1086 1 975 526 32 17 drone
1087 1 980 527 33 17 drone
1088 1 981 531 33 17 drone
1089 1 986 531 33 17 drone
1090 1 988 530 33 17 drone
1091 1 985 531 34 14 drone
1092 1 986 531 35 14 drone
1093 1 985 532 39 16 drone
1094 1 985 532 40 17 drone
1095 1 998 531 31 16 drone
1096 1 1002 532 32 16 drone
1097 1 1004 537 28 14 drone
1098 1 1006 540 28 14 drone
1099 1 1010 539 28 15 drone
1100 1 1014 536 27 14 drone
1101 1 1026 536 28 14 drone
1102 1 1027 539 28 14 drone
1103 1 1030 542 28 14 drone
1104 1 1027 541 27 13 drone
1105 1 1032 539 30 15 drone
1106 1 1033 540 29 14 drone
1107 1 1036 544 34 17 drone
1108 1 1040 548 32 16 drone
1109 1 1042 547 32 16 drone
1110 1 1036 543 34 17 drone
1111 1 1045 540 33 17 drone
1112 1 1048 540 32 17 drone
1113 1 1058 544 33 16 drone
1114 1 1059 546 32 16 drone
1115 1 1061 548 29 14 drone
1116 1 1062 548 30 15 drone
1117 1 1062 548 29 14 drone
1118 1 1061 546 29 14 drone
1119 1 1066 545 30 14 drone
1120 1 1069 546 30 14 drone
1121 1 1066 546 31 14 drone
1122 1 1077 545 30 14 drone
1123 1 1079 543 30 14 drone
1124 1 1082 543 29 13 drone
1125 1 1083 546 30 14 drone
1126 1 1086 548 29 13 drone
1127 1 1087 548 30 14 drone
1128 1 1082 545 30 14 drone
1129 1 1091 546 33 14 drone
1130 1 1093 547 32 13 drone
1131 1 1095 547 32 13 drone
1132 1 1090 546 34 14 drone
1133 1 1106 547 35 15 drone
1134 1 1108 548 33 14 drone
1135 1 1111 549 31 13 drone
1136 1 1113 549 29 13 drone
1137 1 1115 548 30 13 drone
1138 1 1111 548 30 13 drone
1139 1 1117 551 30 13 drone
1140 1 1119 552 29 12 drone
1141 1 1121 551 29 13 drone
1142 1 1124 548 31 13 drone
1143 1 1126 549 31 13 drone
1144 1 1126 551 33 15 drone
1145 1 1127 551 33 15 drone
1146 1 1127 550 33 15 drone
1147 1 1136 548 32 15 drone
1148 1 1137 549 33 16 drone
1149 1 1136 550 32 15 drone
1150 1 1142 550 32 15 drone
1151 1 1143 551 36 16 drone
1152 1 1144 551 37 16 drone
1153 1 1143 552 36 16 drone
1154 1 1152 554 35 16 drone
1155 1 1152 553 35 16 drone
1156 1 1157 550 36 16 drone
1157 1 1159 551 34 15 drone
1158 1 1160 553 31 14 drone
1159 1 1160 555 30 14 drone
1160 1 1156 553 31 14 drone
1161 1 1162 553 30 13 drone
1162 1 1161 553 30 13 drone
1163 1 1158 555 32 14 drone
1164 1 1163 558 30 13 drone
1165 1 1164 557 31 13 drone
1166 1 1166 555 30 13 drone
1167 1 1170 557 31 12 drone
1168 1 1170 558 31 12 drone
1169 1 1171 558 31 12 drone
1170 1 1172 557 31 12 drone
1171 1 1161 557 36 14 drone
1172 1 1173 555 35 15 drone
1173 1 1174 557 34 15 drone
1174 1 1176 557 34 15 drone
1175 1 1166 555 40 17 drone
1176 1 1176 553 37 18 drone
1177 1 1177 553 37 18 drone
1178 1 1179 554 36 18 drone
1179 1 1181 554 37 18 drone
1180 1 1181 554 37 18 drone
1181 1 1182 554 37 18 drone
1182 1 1182 554 38 19 drone
1183 1 1189 556 32 17 drone
1184 1 1190 556 32 17 drone
1185 1 1192 556 32 17 drone
1186 1 1194 556 32 17 drone
1187 1 1195 557 32 17 drone
1188 1 1200 557 29 15 drone
1189 1 1201 557 29 15 drone
1190 1 1203 557 29 15 drone
1191 1 1205 558 29 15 drone
1192 1 1210 558 29 15 drone
1193 1 1212 558 29 15 drone
1194 1 1213 558 29 15 drone
1195 1 1215 558 29 15 drone
1196 1 1205 558 34 17 drone
1197 1 1214 560 34 16 drone
1198 1 1216 560 33 16 drone
1199 1 1218 559 33 16 drone
1200 1 1219 559 35 15 drone
1201 1 1221 560 34 14 drone
1202 1 1222 560 34 15 drone
1203 1 1224 560 35 15 drone
1204 1 1225 561 35 15 drone
1205 1 1228 561 34 15 drone
1206 1 1230 562 34 15 drone
1207 1 1232 563 34 15 drone
1208 1 1224 563 37 16 drone
1209 1 1240 563 27 14 drone
1210 1 1241 563 27 14 drone
1211 1 1244 563 27 14 drone
1212 1 1248 563 29 16 drone
1213 1 1249 563 28 16 drone
1214 1 1248 563 29 16 drone
1215 1 1248 562 29 16 drone
1216 1 1251 563 29 16 drone
1217 1 1253 564 28 16 drone
1218 1 1255 565 27 15 drone
1219 1 1251 564 29 16 drone
1220 1 1258 563 29 16 drone
1221 1 1260 563 28 15 drone
1222 1 1262 564 28 15 drone
1223 1 1264 564 28 16 drone
1224 1 1268 564 29 16 drone
1225 1 1270 564 28 16 drone
1226 1 1272 564 30 16 drone
1227 1 1273 564 31 17 drone
1228 1 1276 568 28 14 drone
1229 1 1277 568 28 14 drone
1230 1 1280 567 27 13 drone
1231 1 1282 568 27 14 drone
1232 1 1287 569 26 13 drone
1233 1 1288 569 26 13 drone
1234 1 1290 568 27 13 drone
1235 1 1292 568 25 13 drone
1236 1 1294 569 26 15 drone
1237 1 1295 570 26 15 drone
1238 1 1297 571 26 15 drone
1239 1 1293 569 30 16 drone
1240 1 1292 569 30 16 drone
1241 1 1289 569 31 16 drone
1242 1 1275 570 28 15 drone
1243 1 1222 571 30 16 drone
1244 1 1187 570 29 16 drone
1245 1 1188 571 30 17 drone
1246 1 1194 572 28 16 drone
1247 1 1189 571 30 16 drone
1248 1 1198 569 29 16 drone
1249 1 1199 570 30 17 drone
1250 1 1203 571 29 16 drone
1251 1 1205 575 29 14 drone
1252 1 1205 573 30 15 drone
1253 1 1204 571 30 15 drone
1254 1 1209 570 29 14 drone
1255 1 1219 569 30 15 drone
1256 1 1220 571 30 15 drone
1257 1 1225 572 27 14 drone
1258 1 1226 571 27 14 drone
1259 1 1226 571 26 14 drone
1260 1 1228 568 27 14 drone
1261 1 1228 567 28 14 drone
1262 1 1228 566 27 14 drone
1263 1 1228 562 27 17 drone
1264 1 1228 561 28 18 drone
1265 1 1228 562 29 18 drone
1266 1 1232 564 27 17 drone
1267 1 1232 564 28 18 drone
1268 1 1232 563 28 17 drone
1269 1 1240 560 25 16 drone
1270 1 1240 560 26 17 drone
1271 1 1240 561 27 18 drone
1272 1 1240 562 25 16 drone
1273 1 1240 562 25 16 drone
1274 1 1251 560 25 16 drone
1275 1 1256 561 25 16 drone
1276 1 1262 564 26 16 drone
1277 1 1268 567 26 17 drone
1278 1 1275 567 27 17 drone
1279 1 1282 566 27 17 drone
1280 1 1287 569 26 17 drone
1281 1 1300 569 26 16 drone
1282 1 1307 572 26 16 drone
1283 1 1313 572 27 17 drone
1284 1 1321 570 28 17 drone
1285 1 1327 571 27 17 drone
1286 1 1333 576 27 17 drone
1287 1 1335 579 28 17 drone
1288 1 1336 579 28 17 drone
1289 1 1336 575 29 18 drone
1290 1 1336 572 29 18 drone
1291 1 1336 571 29 18 drone
1292 1 1336 572 29 18 drone
1293 1 1337 572 29 18 drone
1294 1 1337 571 30 18 drone
1295 1 1336 570 29 18 drone
1296 1 1336 572 29 18 drone
1297 1 1340 580 28 17 drone
1298 1 1339 583 29 18 drone
1299 1 1339 578 28 17 drone
1300 1 1340 575 28 17 drone
1301 1 1338 582 31 13 drone
1302 1 1338 588 31 13 drone
1303 1 1338 588 31 13 drone
1304 1 1338 580 31 13 drone
1305 1 1338 576 31 13 drone
1306 1 1340 580 24 10 drone
1307 1 1339 587 24 10 drone
1308 1 1339 589 24 10 drone
1309 1 1342 585 24 10 drone
1310 1 1346 583 24 10 drone
1311 1 1352 587 24 10 drone
1312 1 1354 591 26 11 drone
1313 1 1353 592 27 11 drone
1314 1 1353 589 26 11 drone
1315 1 1352 584 29 17 drone
1316 1 1352 582 29 17 drone
1317 1 1352 583 30 17 drone
1318 1 1352 586 30 17 drone
1319 1 1351 586 30 18 drone
1320 1 1351 581 31 18 drone
1321 1 1350 575 31 18 drone
1322 1 1350 574 31 18 drone
1323 1 1349 580 31 18 drone
1324 1 1349 587 28 16 drone
1325 1 1348 584 28 17 drone
1326 1 1348 579 27 16 drone
1327 1 1350 574 28 16 drone
1328 1 1349 578 28 16 drone
1329 1 1348 582 29 16 drone
1330 1 1346 577 32 19 drone
1331 1 1346 572 32 19 drone
1332 1 1347 570 32 19 drone
1333 1 1349 573 32 19 drone
1334 1 1350 575 32 19 drone
1335 1 1345 578 31 18 drone
1336 1 1345 575 31 18 drone
1337 1 1355 569 31 18 drone
1338 1 1355 569 31 18 drone
1339 1 1357 570 31 18 drone
1340 1 1353 568 37 21 drone
1341 1 1363 568 28 19 drone
1342 1 1364 566 28 19 drone
1343 1 1366 565 28 19 drone
1344 1 1362 567 28 19 drone
1345 1 1362 565 27 19 drone
1346 1 1371 556 28 19 drone
1347 1 1373 555 28 19 drone
1348 1 1375 556 28 19 drone
1349 1 1377 559 27 18 drone
1350 1 1378 557 28 19 drone
1351 1 1380 553 28 19 drone
1352 1 1382 550 28 19 drone
1353 1 1382 552 31 19 drone
1354 1 1385 554 31 19 drone
1355 1 1387 554 31 19 drone
1356 1 1380 553 30 18 drone
1357 1 1393 546 30 19 drone
1358 1 1395 543 30 19 drone
1359 1 1396 544 31 19 drone
1360 1 1397 546 30 19 drone
1361 1 1392 547 32 19 drone
1362 1 1381 543 32 19 drone
1363 1 1381 543 32 19 drone
1364 1 1311 537 32 19 drone
1365 1 1303 542 29 17 drone
1366 1 1297 544 31 19 drone
1367 1 1288 540 32 19 drone
1368 1 1270 533 33 19 drone
1369 1 1244 530 30 18 drone
1370 1 1221 532 30 18 drone
1371 1 1221 532 30 18 drone
1372 1 1220 531 30 18 drone
1373 1 1219 526 31 18 drone
1374 1 1219 524 31 18 drone
1375 1 1220 526 30 18 drone
1376 1 1219 526 30 18 drone
1377 1 1221 521 30 18 drone
1378 1 1223 513 30 18 drone
1379 1 1225 512 30 18 drone
1380 1 1227 514 30 18 drone
1381 1 1229 515 29 18 drone
1382 1 1232 512 30 18 drone
1383 1 1234 507 31 18 drone
1384 1 1236 505 30 18 drone
1385 1 1235 506 31 19 drone
1386 1 1235 507 31 19 drone
1387 1 1246 502 31 19 drone
1388 1 1246 502 31 19 drone
1389 1 1253 497 31 13 drone
1390 1 1253 496 32 13 drone
1391 1 1253 496 31 13 drone
1392 1 1263 489 31 13 drone
1393 1 1266 486 31 13 drone
1394 1 1270 482 30 12 drone
1395 1 1271 477 29 12 drone
1396 1 1274 476 29 12 drone
1397 1 1277 477 31 11 drone
1398 1 1280 477 31 11 drone
1399 1 1283 473 32 11 drone
1400 1 1285 467 32 11 drone
1401 1 1287 464 31 11 drone
1402 1 1287 465 31 11 drone
1403 1 1287 466 31 11 drone
1404 1 1281 464 31 11 drone
1405 1 1264 458 30 11 drone
1406 1 1224 453 30 11 drone
1407 1 1191 452 32 11 drone
1408 1 1179 454 28 10 drone
1409 1 1171 450 37 14 drone
1410 1 1158 448 37 14 drone
1411 1 1140 445 37 14 drone
1412 1 1133 444 37 14 drone
1413 1 1132 445 37 14 drone
1414 1 1132 446 37 14 drone
1415 1 1131 443 37 14 drone
1416 1 1131 435 37 14 drone
1417 1 1132 430 37 14 drone
1418 1 1131 433 37 14 drone
1419 1 1132 437 36 14 drone
1420 1 1132 435 37 14 drone
1421 1 1132 426 37 14 drone
1422 1 1132 418 38 14 drone
1423 1 1134 419 36 14 drone
1424 1 1134 425 37 14 drone
1425 1 1133 426 39 15 drone
1426 1 1133 420 42 16 drone
1427 1 1133 412 42 16 drone
1428 1 1147 409 35 14 drone
1429 1 1149 413 36 14 drone
1430 1 1151 415 35 14 drone
1431 1 1147 416 36 14 drone
1432 1 1147 410 32 13 drone
1433 1 1159 397 32 13 drone
1434 1 1159 399 34 14 drone
1435 1 1162 401 32 13 drone
1436 1 1165 401 33 13 drone
1437 1 1170 398 28 11 drone
1438 1 1172 396 28 11 drone
1439 1 1173 395 31 13 drone
1440 1 1175 397 30 12 drone
1441 1 1175 398 34 14 drone
1442 1 1182 391 33 18 drone
1443 1 1184 388 32 18 drone
1444 1 1188 385 32 17 drone
1445 1 1189 390 31 10 drone
1446 1 1190 391 33 11 drone
1447 1 1194 392 32 10 drone
1448 1 1197 392 31 10 drone
1449 1 1199 393 31 10 drone
1450 1 1201 397 31 10 drone
1451 1 1203 402 34 14 drone
1452 1 1206 406 34 14 drone
1453 1 1208 404 34 14 drone
1454 1 1211 397 35 15 drone
1455 1 1212 392 37 15 drone
1456 1 1212 392 39 16 drone
1457 1 1218 396 34 17 drone
1458 1 1220 396 33 16 drone
1459 1 1218 394 33 17 drone
1460 1 1227 388 30 14 drone
1461 1 1229 389 30 14 drone
1462 1 1233 392 30 14 drone
1463 1 1233 389 32 15 drone
1464 1 1240 386 25 10 drone
1465 1 1241 383 27 11 drone
1466 1 1244 384 27 11 drone
1467 1 1245 386 27 11 drone
1468 1 1247 385 28 11 drone
1469 1 1250 380 28 11 drone
1470 1 1254 372 27 15 drone
1471 1 1256 372 27 15 drone
1472 1 1258 375 27 15 drone
1473 1 1259 378 32 15 drone
1474 1 1262 381 33 15 drone
1475 1 1265 390 34 16 drone
1476 1 1265 407 34 16 drone
1477 1 1268 420 34 16 drone
1478 1 1271 435 34 16 drone
1479 1 1274 444 34 16 drone
1480 1 1268 457 35 16 drone
1481 1 1280 463 34 16 drone
1482 1 1282 472 34 16 drone
1483 1 1285 475 34 16 drone
1484 1 1286 475 36 17 drone
1485 1 1289 476 37 14 drone
1486 1 1291 481 37 14 drone
1487 1 1294 484 38 14 drone
1488 1 1298 482 36 13 drone
1489 1 1301 479 34 12 drone
1490 1 1304 477 35 13 drone
1491 1 1304 477 37 13 drone
1492 1 1306 476 37 13 drone
1493 1 1307 474 39 14 drone
1494 1 1307 471 43 16 drone
1495 1 1317 466 34 16 drone
1496 1 1319 463 34 16 drone
1497 1 1322 460 35 16 drone
1498 1 1322 456 37 17 drone
1499 1 1323 455 38 18 drone
1500 1 1326 455 38 18 drone
1501 1 1328 453 39 18 drone
1502 1 1327 451 42 20 drone
1503 1 1338 449 34 17 drone
1504 1 1341 447 34 17 drone
1505 1 1343 445 34 17 drone
1506 1 1344 442 35 17 drone
1507 1 1345 440 38 19 drone
1508 1 1351 441 34 18 drone
1509 1 1352 440 34 18 drone
1510 1 1354 435 34 18 drone
1511 1 1355 431 35 19 drone
1512 1 1354 430 36 19 drone
1513 1 1353 430 37 16 drone
1514 1 1341 429 40 17 drone
1515 0
1516 0
1517 1 1193 422 31 16 drone
1518 1 1189 422 31 16 drone
1519 1 1181 420 32 16 drone
1520 1 1158 417 33 17 drone
1521 1 1123 415 32 16 drone
1522 1 1101 415 36 19 drone
1523 1 1101 416 34 11 drone
1524 1 1103 412 33 14 drone
1525 1 1104 408 33 14 drone
1526 1 1106 404 32 14 drone
1527 1 1108 402 32 14 drone
1528 1 1108 402 33 14 drone
1529 1 1109 401 34 14 drone
1530 1 1108 398 37 16 drone
1531 1 1120 396 25 12 drone
1532 1 1122 396 24 11 drone
1533 1 1125 395 24 11 drone
1534 1 1128 393 23 11 drone
1535 1 1130 391 23 11 drone
1536 1 1120 397 25 12 drone
1537 1 1120 396 25 12 drone
1538 1 1135 382 25 11 drone
1539 1 1137 380 25 11 drone
1540 1 1138 379 27 12 drone
1541 1 1140 379 27 12 drone
1542 1 1142 379 27 12 drone
1543 1 1144 377 30 13 drone
1544 1 1147 374 35 12 drone
1545 1 1149 373 33 11 drone
1546 1 1151 371 35 12 drone
1547 1 1153 370 35 12 drone
1548 1 1155 370 32 13 drone
1549 1 1156 374 32 13 drone
1550 1 1159 388 32 13 drone
1551 1 1162 410 31 12 drone
1552 1 1163 426 31 13 drone
1553 1 1166 439 31 12 drone
1554 1 1170 450 34 15 drone
1555 1 1172 459 34 15 drone
1556 1 1175 468 34 15 drone
1557 1 1178 480 32 14 drone
1558 1 1180 495 30 13 drone
1559 1 1183 505 26 17 drone
1560 1 1185 511 26 17 drone
1561 1 1187 513 26 17 drone
1562 1 1189 513 26 17 drone
1563 1 1191 513 28 13 drone
1564 1 1193 511 29 13 drone
1565 1 1195 508 28 13 drone
1566 1 1195 501 29 14 drone
1567 1 1198 499 29 13 drone
1568 1 1200 502 29 14 drone
1569 1 1201 505 29 13 drone
1570 1 1204 504 28 13 drone
1571 1 1205 497 28 13 drone
1572 1 1207 494 29 13 drone
1573 1 1209 496 28 13 drone
1574 1 1214 495 27 15 drone
1575 1 1216 492 27 15 drone
1576 1 1218 484 27 15 drone
1577 1 1219 479 27 15 drone
1578 1 1223 481 26 14 drone
1579 1 1225 484 26 15 drone
1580 1 1227 482 26 14 drone
1581 1 1227 474 29 16 drone
1582 1 1227 470 32 18 drone
1583 1 1227 471 33 18 drone
1584 1 1237 474 28 16 drone
1585 1 1238 472 28 16 drone
1586 1 1235 472 25 14 drone
1587 1 1232 462 31 13 drone
1588 0
1589 0
1590 1 1106 461 27 11 drone
1591 1 1102 458 27 11 drone
1592 1 1095 456 27 11 drone
1593 1 1076 455 27 11 drone
1594 1 1049 454 28 11 drone
1595 1 1020 450 32 13 drone
1596 1 1002 444 37 14 drone
1597 1 997 443 36 14 drone
1598 1 995 443 37 14 drone
1599 1 994 442 36 14 drone
1600 1 993 439 35 13 drone
1601 1 992 437 35 13 drone
1602 1 991 436 34 13 drone
1603 1 991 436 34 13 drone
1604 1 992 435 34 13 drone
1605 1 993 431 34 13 drone
1606 1 994 429 34 13 drone
1607 1 995 429 34 13 drone
1608 1 996 429 34 13 drone
1609 1 998 428 34 13 drone
1610 1 999 424 35 13 drone
1611 1 1001 421 35 13 drone
1612 1 1003 421 34 13 drone
1613 1 1004 421 34 13 drone
1614 1 1006 418 35 13 drone
1615 1 1007 416 35 13 drone
1616 1 1008 414 37 14 drone
1617 1 1008 414 38 14 drone
1618 1 1008 415 40 15 drone
1619 1 1018 413 33 11 drone
1620 1 1020 412 33 11 drone
1621 1 1023 414 33 11 drone
1622 1 1025 424 32 11 drone
1623 1 1027 445 33 11 drone
1624 1 1029 466 32 11 drone
1625 1 1030 477 33 11 drone
1626 1 1032 486 33 11 drone
1627 1 1034 500 33 11 drone
1628 1 1037 516 32 11 drone
1629 1 1039 529 32 11 drone
1630 1 1040 541 32 11 drone
1631 1 1041 553 32 11 drone
1632 1 1043 561 33 11 drone
1633 1 1046 568 32 11 drone
1634 1 1048 572 32 12 drone
1635 1 1050 574 32 12 drone
1636 1 1052 573 32 12 drone
1637 1 1054 571 31 12 drone
1638 1 1056 573 32 12 drone
1639 1 1062 576 29 14 drone
1640 1 1064 575 29 14 drone
1641 1 1066 570 29 14 drone
1642 1 1067 566 30 14 drone
1643 1 1069 569 30 14 drone
1644 1 1071 572 29 14 drone
1645 1 1072 569 28 14 drone
1646 1 1075 562 27 13 drone
1647 1 1076 558 28 13 drone
1648 1 1078 558 28 14 drone
1649 1 1079 561 29 14 drone
1650 1 1080 559 29 15 drone
1651 1 1081 553 31 14 drone
1652 1 1080 552 32 15 drone
1653 1 1079 553 32 15 drone
1654 1 1077 553 32 14 drone
1655 1 1074 549 32 14 drone
1656 1 1035 546 36 16 drone
1657 1 971 541 34 15 drone
1658 1 946 540 37 16 drone
1659 1 941 540 37 15 drone
1660 1 928 541 38 15 drone
1661 1 904 539 45 18 drone
1662 1 871 535 48 19 drone
1663 1 844 533 40 17 drone
1664 1 821 532 40 17 drone
1665 1 801 532 39 16 drone
1666 1 775 531 41 18 drone
1667 1 758 531 40 17 drone
1668 1 747 531 41 17 drone
1669 1 746 525 32 19 drone
1670 1 735 525 33 20 drone
1671 1 722 522 32 19 drone
1672 1 716 518 32 19 drone
1673 1 713 515 32 19 drone
1674 1 712 515 33 20 drone
1675 1 715 514 29 15 drone
1676 1 715 514 29 15 drone
1677 1 716 512 30 15 drone
1678 1 718 508 30 15 drone
1679 1 719 507 29 15 drone
1680 1 721 508 29 15 drone
1681 1 722 508 29 15 drone
1682 1 723 506 30 15 drone
1683 1 723 502 32 17 drone
1684 1 722 501 33 17 drone
1685 1 722 501 33 17 drone
1686 1 722 501 33 17 drone
1687 1 731 495 33 17 drone
1688 1 733 496 31 16 drone
1689 1 735 495 29 15 drone
1690 1 737 493 29 15 drone
1691 1 739 488 28 15 drone
1692 1 735 491 29 15 drone
1693 1 735 492 29 15 drone
1694 1 747 487 26 13 drone
1695 1 749 486 25 13 drone
1696 1 751 482 26 13 drone
1697 1 747 486 26 13 drone
1698 1 747 486 26 13 drone
1699 1 758 479 27 17 drone
1700 1 759 479 28 17 drone
1701 1 760 479 29 18 drone
1702 1 759 492 25 16 drone
1703 1 766 518 32 14 drone
1704 1 767 546 33 14 drone
1705 1 769 566 32 14 drone
1706 1 771 582 33 14 drone
1707 1 773 599 32 14 drone
1708 1 774 613 33 14 drone
1709 1 766 636 34 15 drone
1710 1 773 646 35 14 drone
1711 1 775 662 35 14 drone
1712 1 778 675 34 13 drone
1713 1 779 684 35 14 drone
1714 1 782 694 34 13 drone
1715 1 783 709 33 13 drone
1716 1 785 723 32 13 drone
1717 1 788 733 32 13 drone
1718 1 790 734 30 12 drone
1719 1 792 734 30 12 drone
1720 1 794 734 30 12 drone
1721 1 796 734 30 12 drone
1722 1 798 734 30 12 drone
1723 1 800 733 30 12 drone
1724 1 802 732 29 12 drone
1725 1 804 732 28 11 drone
1726 1 806 730 28 11 drone
1727 1 808 728 28 11 drone
1728 1 810 727 28 11 drone
1729 1 811 726 28 11 drone
1730 1 813 726 28 11 drone
1731 1 815 725 27 11 drone
1732 1 816 725 28 11 drone
1733 1 818 723 28 11 drone
1734 1 819 720 29 12 drone
1735 1 820 716 29 14 drone
1736 1 821 715 29 14 drone
1737 1 821 714 32 15 drone
1738 1 821 718 29 14 drone
1739 1 820 718 29 14 drone
1740 1 825 714 29 14 drone
1741 1 826 713 30 15 drone
1742 1 825 712 33 16 drone
1743 1 836 711 34 17 drone
1744 1 840 707 34 17 drone
1745 1 841 707 33 16 drone
1746 1 845 704 34 17 drone
1747 1 847 703 32 16 drone
1748 1 846 704 33 16 drone
1749 1 853 705 25 12 drone
1750 1 854 706 24 11 drone
1751 1 853 706 24 11 drone
1752 1 861 703 24 12 drone
1753 1 863 702 22 11 drone
1754 1 865 704 21 10 drone
1755 1 867 706 20 10 drone
1756 1 869 703 21 13 drone
1757 1 871 702 19 12 drone
1758 1 872 700 18 11 drone
1759 1 873 697 26 13 drone
1760 1 874 699 25 13 drone
1761 1 872 701 26 13 drone
1762 0
1763 1 880 691 27 13 drone
1764 1 882 688 26 12 drone
1765 1 885 688 26 13 drone
1766 1 885 687 28 14 drone
1767 1 886 687 28 14 drone
1768 1 881 690 26 12 drone
1769 1 895 686 27 14 drone
1770 1 895 684 27 14 drone
1771 1 895 684 26 14 drone
1772 1 896 681 26 14 drone
1773 1 897 681 25 13 drone
1774 1 902 678 25 14 drone
1775 1 903 677 25 14 drone
1776 1 902 669 26 15 drone
1777 1 904 667 27 15 drone
1778 1 904 666 28 16 drone
1779 1 908 671 27 13 drone
1780 1 909 670 28 13 drone
1781 1 910 669 28 14 drone
1782 1 910 666 27 13 drone
1783 1 915 666 28 13 drone
1784 1 917 665 29 13 drone
1785 1 917 664 30 14 drone
1786 1 921 665 27 12 drone
1787 1 918 663 34 15 drone
1788 1 919 663 35 15 drone
1789 1 920 662 36 16 drone
1790 1 923 661 34 18 drone
1791 1 933 652 34 18 drone
1792 1 935 651 33 17 drone
1793 1 936 649 29 17 drone
1794 1 940 650 27 16 drone
1795 1 943 651 24 14 drone
1796 1 942 646 29 14 drone
1797 1 942 642 30 15 drone
1798 1 945 642 29 14 drone
1799 1 944 650 29 14 drone
1800 1 944 652 29 14 drone
1801 1 944 652 28 14 drone
1802 1 953 642 28 13 drone
1803 1 958 638 27 14 drone
1804 1 959 636 29 15 drone
1805 1 962 635 27 14 drone
1806 1 962 634 27 14 drone
1807 1 964 632 25 13 drone
1808 1 966 632 24 13 drone
1809 1 968 629 26 13 drone
1810 1 968 629 27 14 drone
1811 1 972 623 27 14 drone
1812 1 974 623 27 14 drone
1813 1 975 623 26 13 drone
1814 1 978 621 27 14 drone
1815 1 980 618 27 14 drone
1816 1 983 613 25 13 drone
1817 1 984 614 25 13 drone
1818 1 986 616 25 13 drone
1819 1 983 619 24 13 drone
1820 1 986 611 25 13 drone
1821 1 987 608 25 13 drone
1822 1 991 608 25 14 drone
1823 1 993 609 25 14 drone
1824 1 995 608 25 14 drone
1825 1 996 604 25 14 drone
1826 1 998 599 25 14 drone
1827 1 1000 599 25 14 drone
1828 1 1000 603 24 12 drone
1829 1 1001 605 24 12 drone
1830 1 1002 602 25 13 drone
1831 1 1004 596 25 13 drone
1832 1 1006 596 24 13 drone
1833 1 1008 596 24 15 drone
1834 1 1010 598 24 15 drone
1835 1 1011 596 24 15 drone
1836 1 1013 591 25 16 drone
1837 1 1014 585 25 14 drone
1838 1 1015 584 25 14 drone
1839 1 1016 582 25 14 drone
1840 1 1018 582 25 14 drone
1841 1 1020 583 25 14 drone
1842 1 1021 584 26 15 drone
1843 1 1021 582 28 16 drone
1844 1 1023 574 27 16 drone
1845 1 1024 572 27 16 drone
1846 1 1028 574 27 16 drone
1847 1 1029 578 27 16 drone
1848 1 1036 577 21 16 drone
1849 1 1037 571 20 15 drone
1850 1 1040 569 20 15 drone
1851 1 1043 570 19 14 drone
1852 1 1039 571 22 13 drone
1853 1 1040 570 23 13 drone
1854 1 1042 563 22 13 drone
1855 1 1045 561 22 13 drone
1856 1 1045 561 23 13 drone
1857 1 1046 563 22 13 drone
1858 1 1038 572 23 13 drone
1859 1 1053 563 20 14 drone
1860 1 1055 559 20 14 drone
1861 1 1056 554 19 14 drone
1862 1 1058 553 19 14 drone
1863 1 1059 552 19 13 drone
1864 1 1062 554 19 13 drone
1865 1 1062 554 19 14 drone
1866 1 1063 551 20 14 drone
1867 1 1064 544 20 14 drone
1868 1 1065 539 27 12 drone
1869 1 1066 539 27 12 drone
1870 1 1067 542 28 12 drone
1871 1 1069 541 27 12 drone
1872 1 1071 536 27 12 drone
1873 1 1067 541 25 11 drone
1874 1 1075 534 26 14 drone
1875 1 1076 536 27 14 drone
1876 1 1078 533 27 14 drone
1877 1 1080 528 26 14 drone
1878 1 1082 527 26 14 drone
1879 1 1083 529 26 14 drone
1880 1 1083 531 26 14 drone
1881 1 1085 526 26 14 drone
1882 1 1087 519 26 14 drone
1883 1 1088 517 27 15 drone
1884 1 1089 520 27 15 drone
1885 1 1088 522 28 15 drone
1886 1 1090 520 29 16 drone
1887 1 1091 515 29 16 drone
1888 1 1092 513 30 16 drone
1889 1 1093 513 29 16 drone
1890 1 1097 510 29 16 drone
1891 1 1100 508 28 16 drone
1892 1 1101 507 28 16 drone
1893 1 1102 506 28 16 drone
1894 1 1100 510 27 15 drone
1895 1 1105 502 26 14 drone
1896 1 1106 500 27 14 drone
1897 1 1107 500 26 14 drone
1898 1 1108 500 27 14 drone
1899 1 1107 503 25 13 drone
1900 1 1115 496 26 12 drone
1901 1 1116 495 27 12 drone
1902 1 1117 494 28 13 drone
1903 1 1119 492 26 12 drone
1904 1 1122 489 25 11 drone
1905 1 1124 487 24 11 drone
1906 1 1124 485 27 12 drone
1907 1 1125 486 27 12 drone
1908 1 1127 487 27 12 drone
1909 1 1130 488 27 12 drone
1910 1 1135 484 26 14 drone
1911 1 1139 482 26 14 drone
1912 1 1143 482 27 14 drone
1913 1 1148 483 25 14 drone
1914 1 1149 480 27 14 drone
1915 1 1153 475 27 14 drone
1916 1 1157 470 27 14 drone
1917 1 1162 468 27 14 drone
1918 1 1167 469 27 14 drone
1919 1 1172 471 27 14 drone
1920 1 1178 470 28 14 drone
1921 1 1183 465 36 14 drone
1922 1 1188 462 36 14 drone
1923 1 1193 461 40 16 drone
1924 1 1197 460 42 16 drone
1925 1 1204 456 40 15 drone
1926 1 1212 454 37 14 drone
1927 1 1213 454 36 14 drone
1928 1 1214 454 36 14 drone
1929 1 1216 453 36 14 drone
1930 1 1219 449 36 14 drone
1931 1 1221 445 36 14 drone
1932 1 1221 446 37 14 drone
1933 1 1223 449 37 14 drone
1934 1 1227 448 36 14 drone
1935 1 1229 440 36 14 drone
1936 1 1231 434 36 14 drone
1937 1 1233 435 35 14 drone
1938 1 1235 438 36 14 drone
1939 1 1236 438 37 14 drone
1940 1 1238 432 37 14 drone
1941 1 1239 429 37 14 drone
1942 1 1240 430 38 15 drone
1943 1 1240 432 41 16 drone
1944 1 1240 431 42 17 drone
1945 1 1248 428 36 14 drone
1946 1 1249 427 37 15 drone
1947 1 1250 428 39 15 drone
1948 1 1250 427 42 16 drone
1949 1 1258 421 41 16 drone
1950 1 1260 418 41 16 drone
1951 1 1264 420 39 15 drone
1952 1 1263 418 40 16 drone
1953 1 1264 417 41 16 drone
1954 1 1267 413 41 16 drone
1955 1 1270 409 40 16 drone
1956 1 1270 407 40 16 drone
1957 1 1269 408 42 17 drone
1958 1 1269 416 43 17 drone
1959 1 1273 417 45 18 drone
1960 1 1269 415 45 18 drone
1961 1 1265 410 44 17 drone
1962 1 1261 407 45 18 drone
1963 1 1262 409 40 16 drone
1964 1 1256 414 42 17 drone
1965 1 1241 412 44 18 drone
1966 1 1241 412 44 18 drone
1967 0
1968 0
1969 0
1970 0
1971 0
1972 0
1973 0
1974 0
1975 0
1976 1 1015 393 32 15 drone
1977 1 1014 385 34 16 drone
1978 1 1016 389 31 14 drone
1979 1 1013 401 33 15 drone
1980 1 1013 400 33 16 drone
1981 1 1025 383 32 15 drone
1982 1 1024 369 32 15 drone
1983 1 1025 370 32 15 drone
1984 1 1025 384 33 15 drone
1985 1 1025 391 35 16 drone
1986 1 1035 380 36 17 drone
1987 1 1035 366 36 17 drone
1988 1 1034 357 37 17 drone
1989 1 1027 359 45 21 drone
1990 1 1042 371 30 16 drone
1991 1 1044 376 29 15 drone
1992 1 1046 368 25 14 drone
1993 1 1046 356 25 13 drone
1994 1 1048 353 27 14 drone
1995 1 1051 360 26 14 drone
1996 1 1054 366 29 14 drone
1997 1 1057 364 27 13 drone
1998 1 1058 353 30 14 drone
1999 1 1061 346 29 14 drone
2000 1 1062 350 29 14 drone
2001 1 1064 362 29 14 drone
2002 1 1065 367 28 14 drone
2003 1 1069 361 27 13 drone
2004 1 1070 353 28 13 drone
2005 1 1072 359 27 13 drone
2006 1 1074 372 27 13 drone
2007 1 1076 395 26 12 drone
2008 1 1078 421 25 12 drone
2009 1 1079 429 26 12 drone
2010 1 1081 437 26 13 drone
2011 1 1082 444 27 13 drone
2012 1 1083 441 27 13 drone
2013 1 1085 432 27 13 drone
2014 1 1086 429 27 13 drone
2015 1 1089 435 27 13 drone
2016 1 1090 441 27 13 drone
2017 1 1091 440 27 13 drone
2018 1 1093 434 27 13 drone
2019 1 1096 433 27 13 drone
2020 1 1098 435 27 13 drone
2021 1 1099 435 27 13 drone
2022 1 1101 430 27 13 drone
2023 1 1103 425 27 13 drone
2024 1 1104 426 27 13 drone
2025 1 1105 425 27 13 drone
2026 1 1107 420 27 13 drone
2027 1 1110 414 28 13 drone
2028 1 1111 414 28 13 drone
2029 1 1113 417 28 13 drone
2030 1 1114 417 28 14 drone
2031 1 1116 414 28 13 drone
2032 1 1118 412 28 13 drone
2033 1 1119 412 28 14 drone
2034 1 1120 411 28 13 drone
2035 1 1122 409 28 13 drone
2036 1 1125 406 28 13 drone
2037 1 1127 407 27 13 drone
2038 1 1128 410 27 13 drone
2039 1 1129 413 27 13 drone
2040 1 1131 418 27 13 drone
2041 1 1134 434 27 13 drone
2042 1 1135 456 27 13 drone
2043 1 1135 482 27 13 drone
2044 1 1135 508 34 11 drone
2045 1 1137 528 34 11 drone
2046 1 1138 546 34 11 drone
2047 1 1139 565 36 12 drone
2048 1 1141 578 37 12 drone
2049 1 1143 578 35 11 drone
2050 1 1145 575 35 11 drone
2051 1 1147 573 36 12 drone
2052 1 1147 577 38 12 drone
2053 1 1149 581 39 13 drone
2054 1 1150 579 39 13 drone
2055 1 1152 573 39 13 drone
2056 1 1155 572 39 12 drone
2057 1 1156 576 38 12 drone
2058 1 1158 579 38 12 drone
2059 1 1160 574 40 13 drone
2060 1 1161 565 41 13 drone
2061 1 1163 562 41 13 drone
2062 1 1164 568 40 13 drone
2063 1 1167 574 40 13 drone
2064 1 1168 571 40 13 drone
2065 1 1171 561 40 13 drone
2066 1 1173 556 39 13 drone
2067 1 1174 561 40 13 drone
2068 1 1179 568 34 12 drone
2069 1 1181 564 34 12 drone
2070 1 1183 551 34 12 drone
2071 1 1185 547 34 12 drone
2072 1 1187 553 34 12 drone
2073 1 1188 558 34 12 drone
2074 1 1190 551 34 12 drone
