0 0
1 1 862 259 56 38 drone
2 1 860 259 56 38 drone
3 1 856 259 58 39 drone
4 1 853 260 56 38 drone
5 1 849 260 56 38 drone
6 1 845 261 54 37 drone
7 1 840 261 56 38 drone
8 1 835 262 55 37 drone
9 1 830 262 55 37 drone
10 1 825 262 56 38 drone
11 1 821 263 54 37 drone
12 1 816 262 56 38 drone
13 1 816 262 55 38 drone
14 1 816 262 55 37 drone
15 1 816 262 55 38 drone
16 1 815 262 55 38 drone
17 1 794 265 55 38 drone
18 1 790 270 55 32 drone
19 1 790 269 47 32 drone
20 1 794 269 47 32 drone
21 1 792 270 47 32 drone
22 1 789 270 47 32 drone
23 1 787 271 47 32 drone
24 1 786 272 47 32 drone
25 1 782 273 47 32 drone
26 1 783 272 47 32 drone
27 1 781 273 47 32 drone
28 1 782 274 47 32 drone
29 1 780 274 47 32 drone
30 1 782 273 47 32 drone
31 1 782 274 47 32 drone
32 1 780 276 47 32 drone
33 1 781 275 47 32 drone
34 1 780 276 47 32 drone
35 1 780 276 47 32 drone
36 1 781 279 45 30 drone
37 1 780 280 45 30 drone
38 1 780 279 45 30 drone
39 1 781 281 45 30 drone
40 1 781 280 45 30 drone
41 1 783 282 45 30 drone
42 1 783 282 45 30 drone
43 1 784 282 45 30 drone
44 1 783 284 45 30 drone
45 1 782 284 45 30 drone
46 1 784 283 45 30 drone
47 1 784 285 45 30 drone
48 1 784 286 45 30 drone
49 1 783 286 45 30 drone
50 1 784 285 45 30 drone
51 1 781 281 45 30 drone
52 1 777 278 43 29 drone
53 1 777 277 43 29 drone
54 1 777 277 43 29 drone
55 1 776 278 43 29 drone
56 1 777 278 41 28 drone
57 1 777 279 41 28 drone
58 1 777 280 41 28 drone
59 1 776 280 41 28 drone
60 1 776 281 41 28 drone
61 1 776 281 41 28 drone
62 1 776 282 41 28 drone
63 1 776 282 41 28 drone
64 1 778 282 41 28 drone
65 1 777 282 41 28 drone
66 1 778 281 41 28 drone
67 1 779 281 41 28 drone
68 1 778 281 41 28 drone
69 1 780 280 41 28 drone
70 1 779 280 41 28 drone
71 1 780 281 41 28 drone
72 1 780 282 41 28 drone
73 1 780 284 41 28 drone
74 1 781 283 41 28 drone
75 1 780 285 41 28 drone
76 1 781 285 41 28 drone
77 1 780 285 41 28 drone
78 1 780 287 41 28 drone
79 1 781 287 41 28 drone
80 1 782 286 41 28 drone
81 1 780 288 41 28 drone
82 1 781 288 41 28 drone
83 1 781 289 41 28 drone
84 1 781 290 41 28 drone
85 1 781 290 41 28 drone
86 1 782 291 41 28 drone
87 1 782 292 41 28 drone
88 1 784 294 41 28 drone
89 1 784 293 41 28 drone
90 1 785 293 41 28 drone
91 1 786 294 41 28 drone
92 1 787 295 41 28 drone
93 1 788 297 41 28 drone
94 1 788 298 41 28 drone
95 1 787 299 41 28 drone
96 1 788 299 41 28 drone
97 1 790 300 41 28 drone
98 1 789 301 41 28 drone
99 1 791 300 41 28 drone
100 1 790 301 41 28 drone
101 1 792 303 39 26 drone
102 1 792 302 39 26 drone
103 1 794 303 39 26 drone
104 1 793 305 39 26 drone
105 1 792 304 39 26 drone
106 1 791 304 41 28 drone
107 1 792 304 41 28 drone
108 1 791 306 41 28 drone
109 1 792 306 41 28 drone
110 1 792 305 41 28 drone
111 1 792 307 41 28 drone
112 1 791 306 41 28 drone
113 1 792 308 41 28 drone
114 1 792 309 41 28 drone
115 1 793 308 41 28 drone
116 1 794 310 39 26 drone
117 1 793 310 39 26 drone
118 1 792 309 41 28 drone
119 1 792 310 41 28 drone
120 1 791 311 41 28 drone
121 1 790 310 41 28 drone
122 1 790 310 41 28 drone
123 1 790 311 41 28 drone
124 1 789 312 41 28 drone
125 1 790 312 41 28 drone
126 1 790 312 41 28 drone
127 1 788 312 41 28 drone
128 1 789 312 41 28 drone
129 1 789 311 41 28 drone
130 1 788 311 41 28 drone
131 1 783 309 41 28 drone
132 1 780 304 41 28 drone
133 1 775 300 43 29 drone
134 1 774 300 43 29 drone
135 1 772 299 43 29 drone
136 1 771 299 43 29 drone
137 1 771 298 43 29 drone
138 1 771 298 43 29 drone
139 1 771 298 43 29 drone
140 1 769 298 43 29 drone
141 1 766 297 43 29 drone
142 1 768 298 43 29 drone
143 1 768 298 43 29 drone
144 1 766 297 43 29 drone
145 1 767 299 43 29 drone
146 1 767 298 43 29 drone
147 1 766 300 43 29 drone
148 1 767 299 43 29 drone
149 1 765 300 43 29 drone
150 1 767 299 43 29 drone
151 1 766 299 43 29 drone
152 1 765 301 43 29 drone
153 1 765 300 43 29 drone
154 1 765 301 43 29 drone
155 1 765 301 43 29 drone
156 1 764 301 43 29 drone
157 1 764 300 43 29 drone
158 1 765 300 43 29 drone
159 1 766 301 43 29 drone
160 1 766 300 43 29 drone
161 1 764 301 43 29 drone
162 1 764 300 43 29 drone
163 1 766 301 43 29 drone
164 1 763 302 43 29 drone
165 1 764 300 43 29 drone
166 1 765 301 43 29 drone
167 1 763 301 43 29 drone
168 1 763 302 43 29 drone
169 1 765 301 43 29 drone
170 1 765 302 43 29 drone
171 1 764 302 43 29 drone
172 1 763 301 46 29 drone
173 1 763 301 46 29 drone
174 1 763 301 46 29 drone
175 1 763 301 46 29 drone
176 1 763 302 46 29 drone
177 1 763 302 46 29 drone
178 1 764 302 46 29 drone
179 1 763 300 46 29 drone
180 1 764 301 46 29 drone
181 1 764 301 46 29 drone
182 1 763 300 46 29 drone
183 1 763 301 46 29 drone
184 1 763 299 46 29 drone
185 1 763 300 46 29 drone
186 1 763 301 46 29 drone
187 1 763 301 46 29 drone
188 1 762 300 46 29 drone
189 1 763 300 46 29 drone
190 1 763 300 46 29 drone
191 1 764 300 46 29 drone
192 1 762 300 46 29 drone
193 1 762 298 46 29 drone
194 1 762 298 46 29 drone
195 1 764 298 46 29 drone
196 1 763 300 46 29 drone
197 1 763 298 46 29 drone
198 1 764 298 46 29 drone
199 1 763 297 46 29 drone
200 1 764 298 46 29 drone
201 1 763 298 46 29 drone
202 1 762 299 46 29 drone
203 1 763 299 46 29 drone
204 1 765 298 46 29 drone
205 1 764 299 46 29 drone
206 1 763 299 46 29 drone
207 1 764 298 46 29 drone
208 1 764 300 46 29 drone
209 1 764 299 46 29 drone
210 1 765 299 46 29 drone
211 1 765 299 46 29 drone
212 1 764 299 46 29 drone
213 1 765 300 46 29 drone
214 1 765 299 46 29 drone
215 1 765 300 46 29 drone
216 1 764 300 46 29 drone
217 1 765 300 46 29 drone
218 1 764 300 46 29 drone
219 1 765 300 46 29 drone
220 1 766 300 46 29 drone
221 1 765 300 46 29 drone
222 1 765 300 46 29 drone
223 1 765 300 46 29 drone
224 1 765 299 46 29 drone
225 1 765 301 46 29 drone
226 1 765 300 46 29 drone
227 1 766 300 46 29 drone
228 1 765 301 46 29 drone
229 1 765 300 46 29 drone
230 1 766 300 46 29 drone
231 1 766 301 46 29 drone
232 1 766 301 46 29 drone
233 1 765 301 46 29 drone
234 1 764 300 46 29 drone
235 1 764 301 46 29 drone
236 1 765 301 46 29 drone
237 1 765 301 46 29 drone
238 1 764 300 46 29 drone
239 1 764 300 46 29 drone
240 1 764 299 46 29 drone
241 1 763 299 46 29 drone
242 1 763 298 46 29 drone
243 1 764 298 46 29 drone
244 1 763 298 46 29 drone
245 1 763 298 46 29 drone
246 1 763 298 46 29 drone
247 1 763 297 46 29 drone
248 1 764 295 46 29 drone
249 1 762 295 46 29 drone
250 1 761 295 46 29 drone
251 1 761 296 46 29 drone
252 1 761 294 48 30 drone
253 1 762 294 48 30 drone
254 1 760 294 48 30 drone
255 1 760 294 48 30 drone
256 1 760 293 48 30 drone
257 1 759 293 48 30 drone
258 1 759 292 48 30 drone
259 1 759 292 48 30 drone
260 1 760 293 48 30 drone
261 1 760 290 48 30 drone
262 1 759 291 48 30 drone
263 1 760 291 48 30 drone
264 1 758 290 48 30 drone
265 1 760 290 48 30 drone
266 1 758 289 48 30 drone
267 1 759 290 48 30 drone
268 1 759 289 48 30 drone
269 1 760 288 48 30 drone
270 1 760 289 48 30 drone
271 1 759 289 48 30 drone
272 1 760 288 48 30 drone
273 1 760 287 48 30 drone
274 1 762 288 48 30 drone
275 1 762 288 48 30 drone
276 1 763 287 48 30 drone
277 1 761 287 48 30 drone
278 1 763 288 48 30 drone
279 1 763 287 48 30 drone
280 1 763 288 48 30 drone
281 1 762 287 48 30 drone
282 1 762 288 48 30 drone
283 1 763 287 48 30 drone
284 1 763 286 48 30 drone
285 1 764 286 48 30 drone
286 1 764 286 48 30 drone
287 1 764 288 48 30 drone
288 1 764 288 48 30 drone
289 1 763 286 48 30 drone
290 1 764 286 48 30 drone
291 1 764 286 48 30 drone
292 1 765 285 48 30 drone
293 1 764 284 48 30 drone
294 1 766 284 48 30 drone
295 1 766 284 48 30 drone
296 1 764 284 48 30 drone
297 1 766 283 48 30 drone
298 1 764 282 48 30 drone
299 1 765 283 48 30 drone
300 1 765 282 48 30 drone
301 1 766 280 48 30 drone
302 1 765 280 48 30 drone
303 1 765 280 48 30 drone
304 1 764 280 48 30 drone
305 1 766 279 48 30 drone
306 1 765 278 48 30 drone
307 1 767 277 48 30 drone
308 1 767 275 48 30 drone
309 1 767 282 48 30 drone
310 1 774 285 48 30 drone
311 1 780 300 51 32 drone
312 1 787 317 51 32 drone
313 1 797 320 48 30 drone
314 1 895 318 48 30 drone
315 1 1059 320 48 30 drone
316 1 1044 321 48 30 drone
317 1 1041 321 48 30 drone
318 1 1045 320 48 30 drone
319 1 1044 320 48 30 drone
320 1 1041 320 48 30 drone
321 1 1043 317 48 30 drone
322 1 1045 316 48 30 drone
323 1 1045 316 48 30 drone
324 1 1045 317 48 30 drone
325 1 1046 316 48 30 drone
326 1 1049 316 46 29 drone
327 1 1050 316 46 29 drone
328 1 1050 315 46 29 drone
329 1 1047 316 46 29 drone
330 1 1050 314 46 29 drone
331 1 1051 315 46 29 drone
332 1 1051 314 46 29 drone
333 1 1051 314 46 29 drone
334 1 1052 315 46 29 drone
335 1 1050 313 46 29 drone
336 1 1050 313 46 29 drone
337 1 1051 314 46 29 drone
338 1 1050 313 46 29 drone
339 1 1051 312 46 29 drone
340 1 1052 312 46 29 drone
341 1 1052 311 46 29 drone
342 1 1050 312 46 29 drone
343 1 1050 313 48 30 drone
344 1 1049 310 48 30 drone
345 1 1049 309 48 30 drone
346 1 1049 310 48 30 drone
347 1 1048 310 46 29 drone
348 1 1049 309 46 29 drone
349 1 1049 309 46 29 drone
350 1 1048 308 46 29 drone
351 1 1045 307 46 29 drone
352 1 1045 306 46 29 drone
353 1 1043 306 46 29 drone
354 1 1043 305 46 29 drone
355 1 1041 305 46 29 drone
356 1 1040 303 46 29 drone
357 1 1040 303 46 29 drone
358 1 1040 302 46 29 drone
359 1 1040 301 46 29 drone
360 1 1039 301 46 29 drone
361 1 1040 299 46 29 drone
362 1 1038 301 46 29 drone
363 1 1039 299 46 29 drone
364 1 1038 300 46 29 drone
365 1 1038 299 46 29 drone
366 1 1038 298 46 29 drone
367 1 1037 298 46 29 drone
368 1 1039 297 46 29 drone
369 1 1037 296 46 29 drone
370 1 1038 296 46 29 drone
371 1 1038 296 46 29 drone
372 1 1038 296 46 29 drone
373 1 1035 295 48 30 drone
374 1 1036 293 48 30 drone
375 1 1034 293 48 30 drone
376 1 1033 292 48 30 drone
377 1 1035 292 48 30 drone
378 1 1034 291 48 30 drone
379 1 1034 292 48 30 drone
380 1 1033 291 48 30 drone
381 1 1032 291 48 30 drone
382 1 1033 290 48 30 drone
383 1 1032 291 48 30 drone
384 1 1029 289 48 30 drone
385 1 1020 289 48 30 drone
386 1 969 285 50 31 drone
387 1 799 288 50 31 drone
388 1 727 289 52 33 drone
389 1 721 289 52 33 drone
390 1 709 290 52 33 drone
391 1 707 290 52 33 drone
392 1 705 290 52 33 drone
393 1 703 289 52 33 drone
394 1 705 288 52 33 drone
395 1 702 289 52 33 drone
396 1 703 291 52 33 drone
397 1 703 291 52 33 drone
398 1 702 291 55 35 drone
399 1 702 292 55 35 drone
400 1 702 295 55 35 drone
401 1 703 299 55 35 drone
402 1 704 301 55 35 drone
403 1 705 305 52 33 drone
404 1 705 308 52 33 drone
405 1 705 310 52 33 drone
406 1 704 314 52 33 drone
407 1 704 318 52 33 drone
408 1 703 322 52 33 drone
409 1 705 326 52 33 drone
410 1 703 330 52 33 drone
411 1 705 332 52 33 drone
412 1 705 337 52 33 drone
413 1 705 338 52 33 drone
414 1 707 338 52 33 drone
415 1 707 340 52 33 drone
416 1 709 343 52 33 drone
417 1 707 345 52 33 drone
418 1 712 344 52 33 drone
419 1 719 345 52 33 drone
420 1 727 345 52 33 drone
421 1 739 346 55 35 drone
422 1 815 344 55 35 drone
423 1 892 348 55 35 drone
424 1 894 348 50 36 drone
425 1 897 349 50 36 drone
426 1 899 350 50 36 drone
427 1 898 352 50 36 drone
428 1 898 354 50 36 drone
429 1 902 356 50 36 drone
430 1 905 359 48 34 drone
431 1 905 362 48 34 drone
432 1 905 364 48 34 drone
433 1 904 365 48 34 drone
434 1 906 368 48 34 drone
435 1 906 369 48 34 drone
436 1 907 371 48 34 drone
437 1 906 374 48 34 drone
438 1 907 375 48 34 drone
439 1 909 376 48 34 drone
440 1 911 377 48 34 drone
441 1 912 379 48 34 drone
442 1 912 382 48 34 drone
443 1 916 383 48 34 drone
444 1 916 385 48 34 drone
445 1 915 390 48 34 drone
446 1 914 393 48 34 drone
447 1 916 397 48 34 drone
448 1 916 401 48 34 drone
449 1 917 404 48 34 drone
450 1 917 407 48 34 drone
451 1 918 411 48 34 drone
452 1 919 416 48 34 drone
453 1 919 420 48 34 drone
454 1 919 425 48 34 drone
455 1 920 411 48 34 drone
456 1 916 194 48 34 drone
457 1 918 -4 48 34 drone
458 0
459 0
460 0
461 0
462 0
463 0
464 0
465 0
466 0
467 0
468 0
469 0
470 0
471 0
472 0
473 0
474 0
475 0
476 0
477 0
478 0
479 0
480 0
481 0
482 0
483 0
484 0
485 0
486 0
487 0
488 0
489 0
490 0
491 0
492 0
493 0
494 0
495 0
496 0
497 0
498 0
499 0
500 0
501 0
502 0
503 0
504 0
505 0
506 0
507 0
508 0
509 0
510 0
511 0
512 0
513 0
514 0
515 0
516 0
517 0
518 0
519 0
520 0
521 0
522 0
523 1 922 48 55 37 drone
524 1 921 109 52 37 drone
525 1 922 170 52 37 drone
526 1 920 232 55 39 drone
527 1 919 267 55 39 drone
528 1 921 269 55 39 drone
529 1 922 272 55 39 drone
530 1 924 276 55 39 drone
531 1 923 281 55 39 drone
532 1 923 287 55 39 drone
533 1 923 292 52 37 drone
534 1 922 297 52 37 drone
535 1 921 303 52 37 drone
536 1 923 306 52 37 drone
537 1 923 309 52 37 drone
538 1 923 313 52 37 drone
539 1 923 317 52 37 drone
540 1 922 319 52 37 drone
541 1 920 322 52 37 drone
542 1 921 325 52 37 drone
543 1 922 327 52 37 drone
544 1 921 330 52 37 drone
545 1 923 332 52 37 drone
546 1 924 333 52 37 drone
547 1 924 334 52 37 drone
548 1 923 335 55 39 drone
549 1 925 336 52 37 drone
550 1 925 336 52 37 drone
551 1 924 338 52 37 drone
552 1 927 337 52 37 drone
553 1 923 337 55 39 drone
554 1 925 339 52 37 drone
555 1 924 340 52 37 drone
556 1 924 338 52 37 drone
557 1 925 336 52 37 drone
558 1 923 334 52 37 drone
559 1 923 331 52 37 drone
560 1 925 333 52 37 drone
561 1 925 332 52 37 drone
562 1 918 333 52 37 drone
563 1 918 332 52 37 drone
564 1 919 333 52 37 drone
565 1 919 333 52 37 drone
566 1 917 334 52 37 drone
567 1 914 335 52 37 drone
568 1 912 337 52 37 drone
569 1 914 338 52 37 drone
570 1 912 341 52 37 drone
571 1 909 342 52 37 drone
572 1 908 346 52 37 drone
573 1 908 350 52 37 drone
574 1 909 352 52 37 drone
575 1 911 355 52 37 drone
576 1 911 360 52 37 drone
577 1 912 363 52 37 drone
578 1 910 370 52 37 drone
579 1 911 376 52 37 drone
580 1 911 382 52 37 drone
581 1 913 388 52 37 drone
582 1 913 392 52 37 drone
583 1 912 396 52 37 drone
584 1 911 399 52 37 drone
585 1 913 401 52 37 drone
586 1 912 403 52 37 drone
587 1 911 405 52 37 drone
588 1 909 407 52 37 drone
589 1 910 407 52 37 drone
590 1 908 410 52 37 drone
591 1 909 410 52 37 drone
592 1 909 410 52 37 drone
593 1 909 409 52 37 drone
594 1 910 410 52 37 drone
595 1 908 409 55 39 drone
596 1 910 410 52 37 drone
597 1 909 408 52 37 drone
598 1 910 408 52 37 drone
599 1 910 406 52 37 drone
600 1 907 405 52 37 drone
601 1 906 402 55 39 drone
602 1 905 402 55 39 drone
603 1 904 400 55 39 drone
604 1 905 400 55 39 drone
605 1 906 399 55 39 drone
606 1 905 398 55 39 drone
607 1 907 398 55 39 drone
608 1 906 397 55 39 drone
609 1 906 395 55 39 drone
610 1 908 394 55 39 drone
611 1 908 395 55 39 drone
612 1 909 393 55 39 drone
613 1 908 393 55 39 drone
614 1 908 393 55 39 drone
615 1 908 394 55 39 drone
616 1 909 393 55 39 drone
617 1 909 392 55 39 drone
618 1 909 391 55 39 drone
619 1 910 392 55 39 drone
620 1 910 391 55 39 drone
621 1 911 391 55 39 drone
622 1 912 392 55 39 drone
623 1 913 391 55 39 drone
624 1 913 392 55 39 drone
625 1 913 391 55 39 drone
626 1 916 392 52 37 drone
627 1 917 392 52 37 drone
628 1 917 392 52 37 drone
629 1 918 393 52 37 drone
630 1 917 392 52 37 drone
631 1 918 393 52 37 drone
632 1 920 392 52 37 drone
633 1 920 391 52 37 drone
634 1 919 391 52 37 drone
635 1 920 391 52 37 drone
636 1 921 391 52 37 drone
637 1 920 392 52 37 drone
638 1 920 392 52 37 drone
639 1 921 391 52 37 drone
640 1 921 392 52 37 drone
641 1 920 389 55 39 drone
642 1 919 390 55 39 drone
643 1 920 389 55 39 drone
644 1 920 389 55 39 drone
645 1 919 390 55 39 drone
646 1 920 389 55 39 drone
647 1 920 388 55 39 drone
648 1 919 387 55 39 drone
649 1 919 386 55 39 drone
650 1 918 384 55 39 drone
651 1 918 384 55 39 drone
652 1 918 382 55 39 drone
653 1 916 382 55 39 drone
654 1 916 380 55 39 drone
655 1 916 378 55 39 drone
656 1 917 378 55 39 drone
657 1 917 377 55 39 drone
658 1 915 376 55 39 drone
659 1 914 374 55 39 drone
660 1 914 375 55 39 drone
661 1 913 373 55 39 drone
662 1 914 373 55 39 drone
663 1 914 373 55 39 drone
664 1 912 371 55 39 drone
665 1 913 370 55 39 drone
666 1 911 370 55 39 drone
667 1 911 370 55 39 drone
668 1 911 370 55 39 drone
669 1 911 371 55 39 drone
670 1 912 370 55 39 drone
671 1 912 370 55 39 drone
672 1 912 370 55 39 drone
673 1 912 369 55 39 drone
674 1 910 369 55 39 drone
675 1 913 370 55 39 drone
676 1 912 369 55 39 drone
677 1 912 371 55 39 drone
678 1 913 370 55 39 drone
679 1 912 371 55 39 drone
680 1 912 371 55 39 drone
681 1 913 372 55 39 drone
682 1 914 372 55 39 drone
683 1 914 373 55 39 drone
684 1 913 373 55 39 drone
685 1 914 374 55 39 drone
686 1 913 373 55 39 drone
687 1 916 373 55 39 drone
688 1 915 374 55 39 drone
689 1 915 375 55 39 drone
690 1 916 374 55 39 drone
691 1 916 375 55 39 drone
692 1 916 375 55 39 drone
693 1 916 375 55 39 drone
694 1 918 376 55 39 drone
695 1 917 375 55 39 drone
696 1 917 375 55 39 drone
697 1 917 375 55 39 drone
698 1 917 375 55 39 drone
699 1 917 376 55 39 drone
700 1 917 376 55 39 drone
701 1 918 376 55 39 drone
702 1 917 376 55 39 drone
703 1 917 374 55 39 drone
704 1 919 374 55 39 drone
705 1 919 374 55 39 drone
706 1 920 375 55 39 drone
707 1 922 374 55 39 drone
708 1 921 373 55 39 drone
709 1 923 372 55 39 drone
710 1 923 373 55 39 drone
711 1 922 372 55 39 drone
712 1 924 373 55 39 drone
713 1 925 372 55 39 drone
714 1 925 372 55 39 drone
715 1 926 371 55 39 drone
716 1 928 370 55 39 drone
717 1 927 370 55 39 drone
718 1 929 371 55 39 drone
719 1 932 371 55 39 drone
720 1 931 370 55 39 drone
721 1 934 369 55 39 drone
722 1 936 368 55 39 drone
723 1 936 368 55 39 drone
724 1 939 365 55 39 drone
725 1 941 365 55 39 drone
726 1 942 362 55 39 drone
727 1 941 362 55 39 drone
728 1 941 359 55 39 drone
729 1 941 357 55 39 drone
730 1 943 356 55 39 drone
731 1 945 353 55 39 drone
732 1 946 351 58 41 drone
733 1 946 350 58 41 drone
734 1 948 351 58 41 drone
735 1 948 352 58 41 drone
736 1 948 350 61 43 drone
737 1 951 350 61 43 drone
738 1 951 350 61 43 drone
739 1 950 353 61 43 drone
740 1 952 353 61 43 drone
741 1 953 353 61 43 drone
742 1 953 352 61 43 drone
743 1 954 353 61 43 drone
744 1 955 354 61 43 drone
745 1 954 355 61 43 drone
746 1 955 355 61 43 drone
747 1 957 355 61 43 drone
748 1 957 355 61 43 drone
749 1 957 355 61 43 drone
750 1 959 355 61 43 drone
751 1 960 356 61 43 drone
752 1 959 354 61 43 drone
753 1 960 354 61 43 drone
754 1 960 355 61 43 drone
755 1 960 355 61 43 drone
756 1 961 355 61 43 drone
757 1 961 355 61 43 drone
758 1 961 355 61 43 drone
759 1 961 354 61 43 drone
760 1 964 355 61 43 drone
761 1 962 355 61 43 drone
762 1 963 355 61 43 drone
763 1 962 355 61 43 drone
764 1 962 354 61 43 drone
765 1 964 354 61 43 drone
766 1 964 354 61 43 drone
767 1 964 354 61 43 drone
768 1 963 354 61 43 drone
769 1 963 354 61 43 drone
770 1 964 355 61 43 drone
771 1 963 356 61 43 drone
772 1 964 356 61 43 drone
773 1 965 355 61 43 drone
774 1 964 355 61 43 drone
775 1 966 356 61 43 drone
776 1 963 357 61 43 drone
777 1 963 357 61 43 drone
778 1 964 357 61 43 drone
779 1 966 358 61 43 drone
780 1 964 357 61 43 drone
781 1 966 358 61 43 drone
782 1 965 359 61 43 drone
783 1 966 358 61 43 drone
784 1 966 358 61 43 drone
785 1 966 359 61 43 drone
786 1 964 359 61 43 drone
787 1 965 360 61 43 drone
788 1 965 361 61 43 drone
789 1 964 360 61 43 drone
790 1 964 361 61 43 drone
791 1 965 360 61 43 drone
792 1 965 362 61 43 drone
793 1 964 361 61 43 drone
794 1 963 362 61 43 drone
795 1 964 363 61 43 drone
796 1 964 362 61 43 drone
797 1 963 363 61 43 drone
798 1 962 363 61 43 drone
799 1 963 363 61 43 drone
800 1 964 365 61 43 drone
801 1 962 366 61 43 drone
802 1 963 367 61 43 drone
803 1 964 366 61 43 drone
804 1 964 368 61 43 drone
805 1 963 368 61 43 drone
806 1 962 368 61 43 drone
807 1 963 368 61 43 drone
808 1 961 370 61 43 drone
809 1 962 370 61 43 drone
810 1 961 370 61 43 drone
811 1 960 371 61 43 drone
812 1 961 370 61 43 drone
813 1 960 371 61 43 drone
814 1 962 369 61 43 drone
815 1 962 369 61 43 drone
816 1 962 368 61 43 drone
817 1 963 369 61 43 drone
818 1 962 369 61 43 drone
819 1 963 369 61 43 drone
820 1 961 370 61 43 drone
821 1 961 370 61 43 drone
822 1 962 370 61 43 drone
823 1 961 369 61 43 drone
824 1 960 371 61 43 drone
825 1 959 369 61 43 drone
826 1 958 369 61 43 drone
827 1 957 371 61 43 drone
828 1 957 371 61 43 drone
829 1 955 370 61 43 drone
830 1 955 369 61 43 drone
831 1 954 369 61 43 drone
832 1 951 370 61 43 drone
833 1 951 370 61 43 drone
834 1 950 369 61 43 drone
835 1 947 370 61 43 drone
836 1 947 371 61 43 drone
837 1 946 370 61 43 drone
838 1 945 370 61 43 drone
839 1 946 369 61 43 drone
840 1 944 369 61 43 drone
841 1 944 368 61 43 drone
842 1 943 369 61 43 drone
843 1 944 369 61 43 drone
844 1 943 368 61 43 drone
845 1 942 369 61 43 drone
846 1 944 370 61 43 drone
847 1 942 368 61 43 drone
848 1 943 368 61 43 drone
849 1 942 367 61 43 drone
850 1 940 363 64 45 drone
851 1 939 361 64 45 drone
852 1 939 358 64 45 drone
853 1 941 358 64 45 drone
854 1 941 355 64 45 drone
855 1 942 353 64 45 drone
856 1 943 350 64 45 drone
857 1 944 350 64 45 drone
858 1 944 350 64 45 drone
859 1 944 350 64 45 drone
860 1 944 350 64 45 drone
861 1 944 350 64 45 drone
862 1 944 351 64 45 drone
863 1 944 351 64 45 drone
864 1 944 350 64 45 drone
865 1 944 350 64 45 drone
866 1 946 349 64 45 drone
867 1 944 349 64 45 drone
868 1 944 350 64 45 drone
869 1 944 349 64 45 drone
870 1 943 348 64 45 drone
871 1 945 348 64 45 drone
872 1 944 350 64 45 drone
873 1 944 349 64 45 drone
874 1 944 348 64 45 drone
875 1 941 347 67 47 drone
876 1 941 347 67 47 drone
877 1 940 347 67 47 drone
878 1 938 347 67 47 drone
879 1 936 345 67 47 drone
880 1 936 344 67 47 drone
881 1 934 342 67 47 drone
882 1 933 340 67 47 drone
883 1 932 339 67 47 drone
884 1 931 339 67 47 drone
885 1 931 339 67 47 drone
886 1 930 340 67 47 drone
887 1 930 339 67 47 drone
888 1 930 339 67 47 drone
889 1 932 339 67 47 drone
890 1 933 338 67 47 drone
891 1 932 339 67 47 drone
892 1 933 339 67 47 drone
893 1 933 339 67 47 drone
894 1 934 338 67 47 drone
895 1 934 337 67 47 drone
896 1 932 337 70 50 drone
897 1 933 335 70 50 drone
898 1 934 335 70 50 drone
899 1 934 335 70 50 drone
900 1 935 334 70 50 drone
901 1 935 334 70 50 drone
902 1 938 334 70 50 drone
903 1 939 333 70 50 drone
904 1 938 333 70 50 drone
905 1 940 332 70 50 drone
906 1 940 332 70 50 drone
907 1 940 331 70 50 drone
908 1 938 331 70 50 drone
909 1 939 330 70 50 drone
910 1 940 330 70 50 drone
911 1 940 329 70 50 drone
912 1 941 329 70 50 drone
913 1 941 328 70 50 drone
914 1 942 327 70 50 drone
915 1 943 327 70 50 drone
916 1 943 327 70 50 drone
917 1 945 326 70 50 drone
918 1 942 326 70 50 drone
919 1 943 326 70 50 drone
920 1 943 325 70 50 drone
921 1 944 326 70 50 drone
922 1 944 324 70 50 drone
923 1 944 325 70 50 drone
924 1 943 324 70 50 drone
925 1 945 323 70 50 drone
926 1 945 323 70 50 drone
927 1 944 323 70 50 drone
928 1 945 323 70 50 drone
929 1 945 323 70 50 drone
930 1 944 322 70 50 drone
931 1 944 322 70 50 drone
932 1 946 322 70 50 drone
933 1 947 321 70 50 drone
934 1 946 322 70 50 drone
935 1 947 321 70 50 drone
936 1 948 320 70 50 drone
937 1 946 321 70 50 drone
938 1 947 321 70 50 drone
939 1 947 322 70 50 drone
940 1 948 323 70 50 drone
941 1 948 323 70 50 drone
942 1 949 326 70 50 drone
943 1 950 327 70 50 drone
944 1 949 327 70 50 drone
945 1 949 329 70 50 drone
946 1 949 331 70 50 drone
947 1 949 333 70 50 drone
948 1 949 333 70 50 drone
949 1 950 335 70 50 drone
950 1 951 338 70 50 drone
951 1 951 339 70 50 drone
952 1 951 342 70 50 drone
953 1 952 344 70 50 drone
954 1 952 346 70 50 drone
955 1 950 349 70 50 drone
956 1 951 350 70 50 drone
957 1 951 352 70 50 drone
958 1 952 354 70 50 drone
959 1 952 356 70 50 drone
960 1 953 357 70 50 drone
961 1 953 358 70 50 drone
962 1 954 360 70 50 drone
963 1 954 361 70 50 drone
964 1 954 362 70 50 drone
965 1 955 364 70 50 drone
966 1 954 366 70 50 drone
967 1 955 369 70 50 drone
968 1 956 374 70 50 drone
969 1 955 376 70 50 drone
970 1 954 380 70 50 drone
971 1 952 384 70 50 drone
972 1 951 388 70 50 drone
973 1 953 395 67 47 drone
974 1 952 400 67 47 drone
975 1 954 404 67 47 drone
976 1 954 408 67 47 drone
977 1 954 412 67 47 drone
978 1 955 419 67 47 drone
979 1 954 424 67 47 drone
980 1 955 430 67 47 drone
981 1 955 430 70 50 drone
982 1 954 436 70 50 drone
983 1 956 440 70 50 drone
984 1 957 446 70 50 drone
985 1 956 450 70 50 drone
986 1 956 451 70 50 drone
987 1 956 454 70 50 drone
988 1 956 458 70 50 drone
989 1 957 462 70 50 drone
990 1 957 464 70 50 drone
991 1 957 464 70 50 drone
992 1 959 464 70 50 drone
993 1 960 468 70 50 drone
994 1 959 470 70 50 drone
995 1 961 471 70 50 drone
996 1 959 471 70 50 drone
997 1 959 471 70 50 drone
998 1 959 471 70 50 drone
999 1 960 472 70 50 drone
1000 1 959 474 70 50 drone
1001 1 960 475 70 50 drone
1002 1 961 474 70 50 drone
1003 1 961 475 70 50 drone
1004 1 962 479 70 50 drone
1005 1 961 483 70 50 drone
1006 1 962 484 70 50 drone
1007 1 964 487 70 50 drone
1008 1 965 492 70 50 drone
1009 1 965 497 70 50 drone
1010 1 966 500 70 50 drone
1011 1 967 503 70 50 drone
1012 1 968 507 70 50 drone
1013 1 968 512 70 50 drone
1014 1 970 518 70 50 drone
1015 1 970 521 70 50 drone
1016 1 970 522 70 50 drone
1017 1 970 525 70 50 drone
1018 1 971 526 70 50 drone
1019 1 971 529 70 50 drone
1020 1 973 532 70 50 drone
1021 1 973 533 70 50 drone
1022 1 974 533 70 50 drone
1023 1 974 533 70 50 drone
1024 1 974 536 70 50 drone
1025 1 974 539 70 50 drone
1026 1 974 542 70 50 drone
1027 1 974 543 70 50 drone
1028 1 976 548 70 50 drone
1029 1 976 552 70 50 drone
1030 1 976 555 70 50 drone
1031 1 974 557 70 50 drone
1032 1 971 563 70 50 drone
1033 1 974 567 70 50 drone
1034 1 975 572 70 50 drone
1035 1 975 576 70 50 drone
1036 1 977 579 70 50 drone
1037 1 977 581 70 50 drone
1038 1 977 586 70 50 drone
1039 1 977 588 70 50 drone
1040 1 978 591 70 50 drone
1041 1 980 596 70 50 drone
1042 1 980 600 70 50 drone
1043 1 983 603 70 50 drone
1044 1 985 606 70 50 drone
1045 1 985 610 70 50 drone
1046 1 983 616 70 50 drone
1047 1 983 619 70 50 drone
1048 1 981 622 70 50 drone
1049 1 981 625 70 50 drone
1050 1 981 631 70 50 drone
1051 1 986 634 70 50 drone
1052 1 983 639 70 50 drone
1053 1 984 644 70 50 drone
1054 1 984 647 70 50 drone
1055 1 987 660 70 50 drone
1056 1 986 659 70 50 drone
1057 1 988 659 70 50 drone
1058 1 989 654 70 50 drone
1059 1 989 641 70 50 drone
1060 1 990 540 71 36 drone
1061 1 988 519 71 36 drone
1062 1 991 521 71 36 drone
1063 1 991 528 71 65 drone
1064 1 992 529 71 65 drone
1065 1 994 532 71 65 drone
1066 1 996 536 71 65 drone
1067 1 995 543 71 65 drone
1068 1 996 547 71 65 drone
1069 1 995 552 71 65 drone
1070 1 994 559 71 65 drone
1071 1 992 564 71 65 drone
1072 1 995 567 71 65 drone
1073 1 994 573 71 65 drone
1074 1 997 576 71 65 drone
1075 1 995 582 71 65 drone
1076 1 995 588 71 65 drone
1077 1 996 593 71 65 drone
1078 1 996 596 71 65 drone
1079 1 996 603 71 65 drone
1080 1 998 606 71 65 drone
1081 1 999 613 71 65 drone
1082 1 1001 619 71 65 drone
1083 1 1000 625 71 65 drone
1084 1 1001 629 71 65 drone
1085 1 1002 633 71 65 drone
1086 1 1002 638 71 65 drone
1087 1 1003 643 71 65 drone
1088 1 1007 634 71 65 drone
1089 1 999 560 75 57 drone
1090 1 1005 459 75 57 drone
1091 1 1002 395 71 54 drone
1092 1 1004 327 71 54 drone
1093 1 1006 291 71 54 drone
1094 1 1007 294 71 54 drone
1095 1 1008 299 71 54 drone
1096 1 1008 304 71 54 drone
1097 1 1007 307 71 54 drone
1098 1 1009 310 71 54 drone
1099 1 1005 313 71 54 drone
1100 1 1008 315 71 54 drone
1101 1 1006 319 71 54 drone
1102 1 1006 322 71 54 drone
1103 1 1008 326 71 54 drone
1104 1 1011 329 71 54 drone
1105 1 1010 334 71 54 drone
1106 1 1010 337 71 54 drone
1107 1 1013 340 71 54 drone
1108 1 1012 342 71 54 drone
1109 1 1012 347 71 54 drone
1110 1 1014 350 71 54 drone
1111 1 1015 355 71 54 drone
1112 1 1016 360 71 54 drone
1113 1 1018 363 71 54 drone
1114 1 1018 366 71 54 drone
1115 1 1017 369 71 54 drone
1116 1 1016 375 71 54 drone
1117 1 1017 380 71 54 drone
1118 1 1017 386 68 51 drone
1119 1 1018 388 68 51 drone
1120 1 1018 391 68 51 drone
1121 1 1017 394 71 54 drone
1122 1 1018 397 71 54 drone
1123 1 1019 401 71 54 drone
1124 1 1018 401 71 54 drone
1125 1 1018 400 71 54 drone
1126 1 1011 388 80 55 drone
1127 1 1014 326 76 52 drone
1128 1 1015 270 76 52 drone
1129 1 1015 235 76 52 drone
1130 1 1015 227 76 52 drone
1131 1 1018 227 76 52 drone
1132 1 1018 229 76 52 drone
1133 1 1017 230 76 52 drone
1134 1 1016 229 76 52 drone
1135 1 1015 231 76 52 drone
1136 1 1015 232 76 52 drone
1137 1 1017 236 76 52 drone
1138 1 1016 237 76 52 drone
1139 1 1015 239 76 52 drone
1140 1 1016 240 72 50 drone
1141 1 1015 243 72 50 drone
1142 1 1014 245 72 50 drone
1143 1 1013 243 76 52 drone
1144 1 1014 245 76 52 drone
1145 1 1011 245 76 52 drone
1146 1 1012 246 76 52 drone
1147 1 1013 247 76 52 drone
1148 1 1011 246 76 52 drone
1149 1 1010 245 76 52 drone
1150 1 1014 246 72 50 drone
1151 1 1015 247 72 50 drone
1152 1 1013 249 72 50 drone
1153 1 1011 246 72 50 drone
1154 1 1010 245 76 52 drone
1155 1 1010 245 76 52 drone
1156 1 1011 247 76 52 drone
1157 1 1012 248 76 52 drone
1158 1 1011 246 76 52 drone
1159 1 1011 243 76 52 drone
1160 1 1011 245 76 52 drone
1161 1 1011 248 76 52 drone
1162 1 1008 240 76 52 drone
1163 1 1006 182 76 52 drone
1164 1 1010 84 76 52 drone
1165 1 1005 30 76 52 drone
1166 1 1011 -18 76 52 drone
1167 0
1168 0
1169 0
1170 0
1171 0
1172 0
1173 0
1174 0
1175 0
1176 0
1177 0
1178 0
1179 0
1180 0
1181 0
1182 0
1183 0
1184 0
1185 0
1186 0
1187 0
1188 0
1189 0
1190 0
1191 0
1192 0
1193 0
1194 0
1195 0
1196 0
1197 0
1198 0
1199 0
1200 0
1201 0
1202 0
1203 0
1204 0
1205 0
1206 0
1207 0
1208 0
1209 0
1210 0
1211 0
1212 0
1213 0
1214 0
1215 0
1216 0
1217 0
1218 0
1219 0
1220 1 984 4 77 50 drone
1221 1 992 82 78 52 drone
1222 1 987 124 82 55 drone
1223 1 987 171 86 57 drone
1224 1 989 178 82 55 drone
1225 1 986 177 82 55 drone
1226 1 987 178 82 55 drone
1227 1 986 180 82 55 drone
1228 1 987 177 82 55 drone
1229 1 984 175 82 55 drone
1230 1 985 175 82 55 drone
1231 1 985 176 82 55 drone
1232 1 984 176 82 55 drone
1233 1 986 174 82 55 drone
1234 1 984 173 82 55 drone
1235 1 981 171 82 55 drone
1236 1 984 172 82 55 drone
1237 1 982 172 82 55 drone
1238 1 980 174 82 55 drone
1239 1 981 170 82 55 drone
1240 1 980 168 82 55 drone
1241 1 982 168 82 55 drone
1242 1 982 168 82 55 drone
1243 1 982 171 82 55 drone
1244 1 982 169 82 55 drone
1245 1 981 166 82 55 drone
1246 1 982 166 82 55 drone
1247 1 982 169 82 55 drone
1248 1 981 170 82 55 drone
1249 1 980 169 86 57 drone
1250 1 981 168 86 57 drone
1251 1 980 169 86 57 drone
1252 1 981 168 86 57 drone
1253 1 983 170 82 55 drone
1254 1 983 170 82 55 drone
1255 1 984 169 82 55 drone
1256 1 983 170 82 55 drone
1257 1 987 181 82 55 drone
1258 1 987 256 86 55 drone
1259 1 985 350 88 56 drone
1260 1 983 400 92 59 drone
1261 1 982 464 92 59 drone
1262 1 981 477 92 59 drone
1263 1 982 476 92 59 drone
1264 1 983 475 92 59 drone
1265 1 982 475 92 59 drone
1266 1 983 475 92 59 drone
1267 1 983 478 92 59 drone
1268 1 985 478 92 59 drone
1269 1 985 477 92 59 drone
1270 1 986 478 92 59 drone
1271 1 985 478 92 59 drone
1272 1 987 482 92 59 drone
1273 1 987 480 92 59 drone
1274 1 988 481 92 59 drone
1275 1 989 481 92 59 drone
1276 1 991 481 92 59 drone
1277 1 990 483 92 59 drone
1278 1 991 483 92 59 drone
1279 1 991 483 92 59 drone
1280 1 991 482 92 59 drone
1281 1 989 483 92 59 drone
1282 1 990 484 92 59 drone
1283 1 992 485 92 59 drone
1284 1 994 483 92 59 drone
1285 1 992 484 92 59 drone
1286 1 991 485 92 59 drone
1287 1 992 486 92 59 drone
1288 1 997 493 92 59 drone
1289 1 994 491 92 59 drone
1290 1 995 487 92 59 drone
1291 1 993 490 92 59 drone
1292 1 992 489 92 59 drone
1293 1 991 489 92 59 drone
1294 1 992 489 92 59 drone
1295 1 993 490 92 59 drone
1296 1 993 490 92 59 drone
1297 1 992 489 92 59 drone
1298 1 991 488 97 62 drone
1299 1 990 488 97 62 drone
1300 1 989 488 97 62 drone
1301 1 994 490 92 59 drone
1302 1 993 489 92 59 drone
1303 1 994 490 92 59 drone
1304 1 993 489 92 59 drone
1305 1 992 488 92 59 drone
1306 1 993 489 92 59 drone
1307 1 992 491 92 59 drone
1308 1 989 491 92 59 drone
1309 1 992 491 92 59 drone
1310 1 989 489 92 59 drone
1311 1 991 491 92 59 drone
1312 1 991 490 92 59 drone
1313 1 992 490 92 59 drone
1314 1 993 489 92 59 drone
1315 1 991 490 92 59 drone
1316 1 990 490 92 59 drone
1317 1 991 491 92 59 drone
1318 1 991 490 92 59 drone
1319 1 990 492 92 59 drone
1320 1 990 492 92 59 drone
1321 1 992 491 92 59 drone
1322 1 992 492 92 59 drone
1323 1 992 493 92 59 drone
1324 1 991 493 92 59 drone
1325 1 994 495 92 59 drone
1326 1 993 495 92 59 drone
1327 1 992 496 92 59 drone
1328 1 990 496 92 59 drone
1329 1 992 496 92 59 drone
1330 1 991 497 92 59 drone
1331 1 992 497 92 59 drone
1332 1 1001 507 84 52 drone
1333 1 1000 504 84 52 drone
1334 1 998 505 84 52 drone
1335 1 1000 506 80 50 drone
1336 1 998 506 84 52 drone
1337 1 998 508 84 52 drone
1338 1 996 508 84 52 drone
1339 1 997 510 84 52 drone
1340 1 996 510 84 52 drone
1341 1 995 509 84 52 drone
1342 1 997 511 84 52 drone
1343 1 996 511 84 52 drone
1344 1 1000 513 80 50 drone
1345 1 999 513 80 50 drone
1346 1 999 513 80 50 drone
1347 1 1000 515 80 50 drone
1348 1 998 516 84 52 drone
1349 1 998 515 84 52 drone
1350 1 998 512 88 55 drone
1351 1 998 514 88 55 drone
1352 1 998 515 88 55 drone
1353 1 995 516 88 55 drone
1354 1 997 515 88 55 drone
1355 1 998 516 88 55 drone
1356 1 998 516 88 55 drone
1357 1 997 516 88 55 drone
1358 1 997 517 88 55 drone
1359 1 995 518 88 55 drone
1360 1 996 516 88 55 drone
1361 1 996 517 88 55 drone
1362 1 995 517 88 55 drone
1363 1 995 517 88 55 drone
1364 1 995 518 88 55 drone
1365 1 995 516 88 55 drone
1366 1 995 518 88 55 drone
1367 1 995 517 88 55 drone
1368 1 996 517 88 55 drone
1369 1 996 518 88 55 drone
1370 1 996 517 88 55 drone
1371 1 996 517 88 55 drone
1372 1 996 517 88 55 drone
1373 1 996 518 88 55 drone
1374 1 996 518 88 55 drone
1375 1 996 517 88 55 drone
1376 1 994 518 88 55 drone
1377 1 997 518 88 55 drone
1378 1 997 519 88 55 drone
1379 1 996 519 88 55 drone
1380 1 996 519 88 55 drone
1381 1 994 519 88 55 drone
1382 1 995 518 88 55 drone
1383 1 996 520 88 55 drone
1384 1 998 519 88 55 drone
1385 1 997 519 88 55 drone
1386 1 997 519 88 55 drone
1387 1 998 519 88 55 drone
1388 1 997 518 88 55 drone
1389 1 997 517 88 55 drone
1390 1 999 518 88 55 drone
1391 1 998 518 88 55 drone
1392 1 999 517 88 55 drone
1393 1 998 519 88 55 drone
1394 1 998 519 88 55 drone
1395 1 1000 518 88 55 drone
1396 1 1000 518 88 55 drone
1397 1 1001 518 88 55 drone
1398 1 1000 519 88 55 drone
1399 1 1000 521 88 55 drone
1400 1 1001 520 88 55 drone
1401 1 1002 519 88 55 drone
1402 1 1002 520 88 55 drone
1403 1 1001 520 88 55 drone
1404 1 1001 521 88 55 drone
1405 1 1000 521 88 55 drone
1406 1 1001 521 88 55 drone
1407 1 1001 521 88 55 drone
1408 1 1003 521 88 55 drone
1409 1 1004 522 88 55 drone
1410 1 1004 523 88 55 drone
1411 1 1005 523 88 55 drone
1412 1 1005 523 88 55 drone
1413 1 1006 523 88 55 drone
1414 1 1004 525 88 55 drone
1415 1 1006 525 88 55 drone
1416 1 1005 525 88 55 drone
1417 1 1005 526 88 55 drone
1418 1 1005 525 88 55 drone
1419 1 1005 525 88 55 drone
1420 1 1004 525 88 55 drone
1421 1 1005 526 88 55 drone
1422 1 1006 527 88 55 drone
1423 1 1007 527 88 55 drone
1424 1 1007 528 88 55 drone
1425 1 1007 528 88 55 drone
1426 1 1008 530 88 55 drone
1427 1 1009 530 88 55 drone
1428 1 1008 531 88 55 drone
1429 1 1008 530 88 55 drone
1430 1 1006 531 88 55 drone
1431 1 1008 531 88 55 drone
1432 1 1007 533 88 55 drone
1433 1 1007 533 88 55 drone
1434 1 1006 534 88 55 drone
1435 1 1007 534 88 55 drone
1436 1 1007 534 88 55 drone
1437 1 1007 535 88 55 drone
1438 1 1007 534 88 55 drone
1439 1 1008 535 88 55 drone
1440 1 1008 534 88 55 drone
1441 1 1009 534 88 55 drone
1442 1 1008 536 88 55 drone
1443 1 1008 534 88 55 drone
1444 1 1009 534 88 55 drone
1445 1 1008 534 88 55 drone
1446 1 1012 538 84 52 drone
1447 1 1011 539 84 52 drone
1448 1 1010 537 88 55 drone
1449 1 1009 537 88 55 drone
1450 1 1009 538 88 55 drone
1451 1 1010 537 88 55 drone
1452 1 1010 538 88 55 drone
1453 1 1009 538 88 55 drone
1454 1 1009 539 88 55 drone
1455 1 1010 540 88 55 drone
1456 1 1011 540 88 55 drone
1457 1 1010 541 88 55 drone
1458 1 1009 542 88 55 drone
1459 1 1010 542 88 55 drone
1460 1 1009 541 88 55 drone
1461 1 1010 542 88 55 drone
1462 1 1011 542 88 55 drone
1463 1 1009 542 88 55 drone
1464 1 1010 542 88 55 drone
1465 1 1007 542 88 55 drone
1466 1 1009 542 88 55 drone
1467 1 1009 543 88 55 drone
1468 1 1007 545 88 55 drone
1469 1 1009 544 88 55 drone
1470 1 1010 546 88 55 drone
1471 1 1008 545 88 55 drone
1472 1 1009 548 88 55 drone
1473 1 1008 550 88 55 drone
1474 1 1009 549 88 55 drone
1475 1 1008 551 88 55 drone
1476 1 1008 550 88 55 drone
1477 1 1011 554 84 52 drone
1478 1 1012 557 84 52 drone
1479 1 1012 558 84 52 drone
1480 1 1011 558 84 52 drone
1481 1 1012 558 84 52 drone
1482 1 1011 559 84 52 drone
1483 1 1011 559 84 52 drone
1484 1 1009 559 88 55 drone
1485 1 1010 559 88 55 drone
1486 1 1009 560 88 55 drone
1487 1 1007 561 88 55 drone
1488 1 1010 563 88 55 drone
1489 1 1010 564 88 55 drone
1490 1 1011 565 88 55 drone
1491 1 1009 565 88 55 drone
1492 1 1009 565 88 55 drone
1493 1 1010 568 88 55 drone
1494 1 1011 571 88 55 drone
1495 1 1011 571 88 55 drone
1496 1 1009 571 88 55 drone
1497 1 1008 572 88 55 drone
1498 1 1010 571 88 55 drone
1499 1 1008 575 88 55 drone
1500 1 1009 577 84 52 drone
1501 1 1009 578 84 52 drone
1502 1 1007 579 84 52 drone
1503 1 1009 579 84 52 drone
1504 1 1008 580 84 52 drone
1505 1 1005 583 84 52 drone
1506 1 1005 584 84 52 drone
1507 1 1007 586 84 52 drone
1508 1 1008 586 84 52 drone
1509 1 1006 586 84 52 drone
1510 1 1008 586 84 52 drone
1511 1 1007 588 84 52 drone
1512 1 1007 590 84 52 drone
1513 1 1020 599 69 50 drone
1514 1 1017 598 69 50 drone
1515 1 1014 598 69 50 drone
1516 1 1015 597 69 50 drone
1517 1 1016 599 69 50 drone
1518 1 1014 598 69 50 drone
1519 1 1013 599 69 50 drone
1520 1 1015 600 69 50 drone
1521 1 1014 602 69 50 drone
1522 1 1015 601 69 50 drone
1523 1 1013 602 69 50 drone
1524 1 1014 602 69 50 drone
1525 1 1014 601 69 50 drone
1526 1 1013 601 69 50 drone
1527 1 1015 602 69 50 drone
1528 1 1014 603 69 50 drone
1529 1 1016 603 69 50 drone
1530 1 1014 602 69 50 drone
1531 1 1014 603 69 50 drone
1532 1 1014 602 69 50 drone
1533 1 1015 604 69 50 drone
1534 1 1012 605 69 50 drone
1535 1 1013 605 69 50 drone
1536 1 1011 606 69 50 drone
1537 1 1012 604 69 50 drone
1538 1 1012 605 69 50 drone
1539 1 1012 606 69 50 drone
1540 1 1014 605 69 50 drone
1541 1 1014 607 69 50 drone
1542 1 1013 605 69 50 drone
1543 1 1012 606 69 50 drone
1544 1 1015 608 66 48 drone
1545 1 1014 609 66 48 drone
1546 1 1015 609 66 48 drone
1547 1 1015 610 66 48 drone
1548 1 1014 611 66 48 drone
1549 1 1012 610 69 50 drone
1550 1 1015 611 66 48 drone
1551 1 1014 612 66 48 drone
1552 1 1015 612 66 48 drone
1553 1 1013 612 66 48 drone
1554 1 1014 614 66 48 drone
1555 1 1011 615 66 48 drone
1556 1 1011 616 66 48 drone
1557 1 1013 616 66 48 drone
1558 1 1012 618 66 48 drone
1559 1 1014 619 66 48 drone
1560 1 1014 619 66 48 drone
1561 1 1012 620 66 48 drone
1562 1 1013 620 66 48 drone
1563 1 1011 622 66 48 drone
1564 1 1011 625 66 48 drone
1565 1 1011 626 66 48 drone
1566 1 1010 628 66 48 drone
1567 1 1010 628 66 48 drone
1568 1 1011 630 66 48 drone
1569 1 1008 632 66 48 drone
1570 1 1008 633 66 48 drone
1571 1 1009 633 66 48 drone
1572 1 1008 634 66 48 drone
1573 1 1008 634 66 48 drone
1574 1 1007 635 66 48 drone
1575 1 1007 637 66 48 drone
1576 1 1004 637 66 48 drone
1577 1 1005 637 66 48 drone
1578 1 1005 638 66 48 drone
1579 1 1003 640 66 48 drone
1580 1 1001 641 66 48 drone
1581 1 999 641 66 48 drone
1582 1 997 643 66 48 drone
1583 1 995 643 66 48 drone
1584 1 992 645 66 48 drone
1585 1 987 645 69 50 drone
1586 1 983 647 69 50 drone
1587 1 978 648 69 50 drone
1588 1 973 650 69 50 drone
1589 1 969 652 69 50 drone
1590 1 967 652 63 65 drone
1591 1 959 651 63 65 drone
1592 1 950 651 63 65 drone
1593 1 938 653 63 65 drone
1594 1 927 655 60 62 drone
1595 1 915 657 60 62 drone
1596 1 900 658 60 62 drone
1597 1 884 657 60 62 drone
1598 1 868 658 60 62 drone
1599 1 854 655 60 62 drone
1600 1 835 654 63 65 drone
1601 1 794 651 89 68 drone
1602 1 782 652 89 68 drone
1603 1 763 652 89 68 drone
1604 1 732 659 89 68 drone
1605 1 716 655 93 71 drone
1606 1 691 653 93 71 drone
1607 1 671 650 93 71 drone
1608 1 649 649 93 71 drone
1609 1 626 649 93 71 drone
1610 1 601 651 89 68 drone
1611 1 571 647 89 68 drone
1612 1 548 646 89 68 drone
1613 1 524 643 85 65 drone
1614 1 498 644 85 65 drone
1615 1 472 639 85 65 drone
1616 1 443 635 89 68 drone
1617 1 415 631 89 68 drone
1618 1 387 629 89 68 drone
1619 1 362 625 89 68 drone
1620 1 330 622 93 71 drone
1621 1 314 619 93 71 drone
1622 1 304 616 93 71 drone
1623 1 305 616 89 68 drone
1624 1 669 611 89 68 drone
1625 1 850 607 89 68 drone
1626 1 821 605 89 68 drone
1627 1 776 601 89 68 drone
1628 1 752 601 89 68 drone
1629 1 732 596 89 68 drone
1630 1 698 599 71 62 drone
1631 1 662 596 71 62 drone
1632 1 641 594 71 62 drone
1633 1 615 588 71 62 drone
1634 1 564 584 84 62 drone
1635 1 529 582 84 62 drone
1636 1 505 580 84 62 drone
1637 1 473 575 84 62 drone
1638 1 442 571 84 62 drone
1639 1 407 572 80 59 drone
1640 1 377 568 80 59 drone
1641 1 346 564 80 59 drone
1642 1 313 559 80 59 drone
1643 1 279 557 80 59 drone
1644 1 248 552 80 59 drone
1645 1 214 550 80 59 drone
1646 1 180 546 84 62 drone
1647 1 150 541 84 62 drone
1648 1 120 537 80 59 drone
1649 1 87 532 80 59 drone
1650 1 120 531 80 59 drone
1651 1 415 529 80 59 drone
1652 1 646 520 80 59 drone
1653 1 682 514 84 62 drone
1654 1 825 511 84 62 drone
1655 1 864 507 84 62 drone
1656 1 844 504 84 62 drone
1657 1 799 497 84 62 drone
1658 1 778 494 84 62 drone
1659 1 727 486 84 62 drone
1660 1 716 483 84 62 drone
1661 1 679 475 88 65 drone
1662 1 645 467 88 65 drone
1663 1 610 468 88 65 drone
1664 1 596 463 88 65 drone
1665 1 567 456 88 65 drone
1666 1 546 453 76 61 drone
1667 1 531 447 76 61 drone
1668 1 488 443 80 64 drone
1669 1 472 439 76 61 drone
1670 1 441 432 73 58 drone
1671 1 428 426 73 58 drone
1672 1 411 417 73 58 drone
1673 1 378 415 73 58 drone
1674 1 369 408 73 58 drone
1675 1 335 404 77 61 drone
1676 1 326 397 81 64 drone
1677 1 309 390 81 64 drone
1678 1 276 386 81 64 drone
1679 1 257 377 81 64 drone
1680 1 238 372 81 64 drone
1681 1 218 366 81 64 drone
1682 1 255 360 81 64 drone
1683 1 589 348 81 64 drone
1684 1 989 345 81 64 drone
1685 1 1089 339 81 58 drone
1686 1 1285 331 77 55 drone
1687 1 1499 325 77 55 drone
1688 1 1464 318 77 55 drone
1689 1 1448 309 77 55 drone
1690 1 1444 299 77 55 drone
1691 1 1437 290 77 55 drone
1692 1 1425 283 77 55 drone
1693 1 1416 276 73 52 drone
1694 1 1416 266 73 52 drone
1695 1 1408 252 77 55 drone
1696 1 1409 245 73 52 drone
1697 1 1404 238 73 52 drone
1698 1 1406 228 73 52 drone
1699 1 1404 218 73 52 drone
1700 1 1403 210 73 52 drone
1701 1 1399 197 77 55 drone
1702 1 1400 189 77 55 drone
1703 1 1408 177 77 55 drone
1704 1 1414 166 77 55 drone
1705 1 1415 155 77 55 drone
1706 1 1421 147 77 55 drone
1707 1 1434 140 77 55 drone
1708 1 1444 132 77 55 drone
1709 1 1457 120 73 52 drone
1710 1 1464 110 73 52 drone
1711 1 1477 98 73 52 drone
1712 1 1487 84 77 55 drone
1713 1 1510 75 77 55 drone
1714 1 1520 65 77 55 drone
1715 1 1537 57 73 52 drone
1716 1 1558 45 73 52 drone
1717 1 1575 35 73 52 drone
1718 1 1598 21 77 55 drone
1719 1 1615 10 77 55 drone
1720 1 1637 3 77 55 drone
1721 1 1662 -1 77 55 drone
1722 1 1685 -1 77 55 drone
1723 1 1722 -1 75 45 drone
1724 1 1748 130 79 47 drone
1725 1 1774 431 83 49 drone
1726 1 1795 604 87 51 drone
1727 1 1848 817 61 51 drone
1728 0
1729 0
1730 0
1731 0
1732 0
1733 0
1734 0
1735 0
1736 0
1737 0
1738 0
1739 0
1740 0
1741 0
1742 0
1743 0
1744 0
1745 0
1746 0
1747 0
1748 0
1749 0
1750 0
1751 0
1752 0
1753 0
1754 0
1755 0
1756 0
1757 0
1758 0
1759 0
1760 0
1761 0
1762 0
1763 0
1764 0
1765 0
1766 0
1767 0
1768 0
1769 0
1770 0
1771 0
1772 0
1773 0
1774 0
1775 0
1776 0
1777 0
1778 0
1779 0
1780 0
1781 0
1782 0
1783 0
1784 0
1785 0
1786 0
1787 0
1788 0
1789 0
1790 0
1791 0
1792 0
1793 0
1794 0
1795 0
1796 0
1797 0
1798 0
1799 0
1800 0
1801 0
1802 0
1803 0
1804 0
1805 0
1806 0
1807 0
1808 0
1809 0
1810 0
1811 0
1812 0
1813 0
1814 0
1815 0
1816 0
1817 0
1818 0
1819 0
1820 0
1821 0
1822 0
1823 0
1824 0
1825 0
1826 0
1827 0
1828 0
1829 0
1830 0
1831 0
1832 0
1833 0
1834 0
1835 0
1836 0
1837 0
1838 0
1839 0
1840 0
1841 0
1842 0
1843 0
1844 0
1845 0
1846 0
1847 0
1848 0
1849 0
1850 0
1851 0
1852 0
1853 0
1854 0
1855 0
1856 0
1857 0
1858 0
1859 0
1860 0
1861 0
1862 0
1863 0
1864 0
1865 0
1866 0
1867 0
1868 0
1869 0
1870 0
1871 0
1872 0
1873 0
1874 0
1875 0
1876 0
1877 0
1878 0
1879 0
1880 0
1881 0
1882 0
1883 0
1884 0
1885 0
1886 0
1887 0
1888 0
1889 0
1890 0
1891 0
1892 0
1893 0
1894 0
1895 0
1896 0
1897 0
1898 0
1899 0
1900 0
1901 0
1902 0
1903 0
1904 0
1905 0
1906 0
1907 0
1908 0
1909 0
1910 0
1911 0
1912 0
1913 0
1914 0
1915 0
1916 0
1917 0
1918 0
1919 0
1920 0
1921 0
1922 0
1923 0
1924 0
1925 0
1926 0
1927 0
1928 0
1929 0
1930 0
1931 0
1932 0
1933 0
1934 0
1935 0
1936 0
1937 0
1938 0
1939 0
1940 0
1941 0
1942 0
1943 0
1944 0
1945 0
1946 0
1947 0
1948 0
1949 0
1950 0
1951 0
1952 0
1953 0
1954 0
1955 0
1956 0
1957 0
1958 0
1959 0
1960 0
1961 0
1962 0
1963 0
1964 0
1965 0
1966 0
1967 0
1968 0
1969 0
1970 0
1971 0
1972 0
1973 0
1974 0
1975 0
1976 0
1977 0
1978 0
1979 0
1980 0
1981 0
1982 0
1983 0
1984 0
1985 0
1986 0
1987 0
1988 0
1989 0
1990 0
1991 0
1992 0
1993 0
1994 0
1995 0
1996 0
1997 0
1998 0
1999 0
2000 0
2001 0
2002 0
2003 0
2004 0
2005 0
2006 0
2007 0
2008 0
2009 0
2010 0
2011 0
2012 0
2013 0
2014 0
2015 0
2016 0
2017 0
2018 0
2019 0
2020 0
2021 0
2022 0
2023 0
2024 0
2025 0
2026 0
2027 0
2028 0
2029 0
2030 0
2031 0
2032 0
2033 0
2034 0
2035 0
2036 0
2037 0
2038 0
2039 0
2040 0
2041 0
2042 0
2043 0
2044 0
2045 0
2046 0
2047 0
2048 0
2049 0
2050 0
2051 0
2052 0
2053 0
2054 0
2055 0
2056 0
2057 0
2058 0
2059 0
2060 0
2061 0
2062 0
2063 0
2064 1 1446 193 69 40 drone
2065 1 1283 196 65 41 drone
2066 1 1069 195 65 41 drone
2067 1 731 199 62 39 drone
2068 1 752 197 62 39 drone
2069 1 730 195 59 37 drone
2070 1 701 195 59 37 drone
2071 1 676 194 59 37 drone
2072 1 643 189 62 39 drone
2073 1 615 186 62 39 drone
2074 1 584 183 65 41 drone
2075 1 556 183 65 41 drone
2076 1 526 182 62 39 drone
2077 1 493 183 65 41 drone
2078 1 463 178 65 41 drone
2079 1 435 175 65 41 drone
2080 1 409 173 65 41 drone
2081 1 377 172 65 41 drone
2082 1 347 170 65 41 drone
2083 1 314 167 68 43 drone
2084 1 285 166 68 43 drone
2085 1 259 162 68 43 drone
2086 1 227 161 72 45 drone
2087 1 198 158 75 47 drone
2088 1 168 154 75 47 drone
2089 1 135 153 75 47 drone
2090 1 110 153 58 44 drone
2091 1 88 152 61 46 drone
2092 1 57 151 61 46 drone
2093 1 32 146 61 46 drone
2094 1 2 143 61 46 drone
2095 1 -31 141 61 46 drone
2096 0
2097 0
2098 0
2099 0
2100 0
2101 1 351 129 50 38 drone
2102 1 446 126 50 38 drone
2103 1 592 125 50 38 drone
2104 1 821 118 52 40 drone
2105 1 791 116 52 40 drone
2106 1 786 116 52 40 drone
2107 1 761 110 52 40 drone
2108 1 728 106 55 42 drone
2109 1 706 104 55 42 drone
2110 1 690 100 55 42 drone
2111 1 668 95 57 44 drone
2112 1 643 94 57 44 drone
2113 1 626 90 57 44 drone
2114 1 606 88 57 44 drone
2115 1 588 83 57 44 drone
2116 1 573 82 57 44 drone
2117 1 554 81 57 44 drone
2118 1 538 76 57 44 drone
2119 1 520 69 60 46 drone
2120 1 507 68 60 46 drone
2121 1 491 65 57 44 drone
2122 1 476 61 57 44 drone
2123 1 459 59 57 44 drone
2124 1 448 57 57 44 drone
2125 1 438 55 55 42 drone
2126 1 427 50 55 42 drone
2127 1 415 48 55 42 drone
2128 1 406 45 55 42 drone
2129 1 393 39 55 42 drone
2130 1 382 36 55 42 drone
2131 1 375 32 55 42 drone
2132 1 367 34 52 40 drone
2133 1 349 102 52 40 drone
2134 1 341 245 55 42 drone
2135 1 333 319 55 42 drone
2136 1 326 406 54 43 drone
2137 1 323 459 54 43 drone
2138 1 323 455 54 43 drone
2139 1 318 449 54 43 drone
2140 1 316 447 51 41 drone
2141 1 314 443 51 41 drone
2142 1 307 437 51 41 drone
2143 1 303 433 51 41 drone
2144 1 303 430 51 41 drone
2145 1 307 428 51 41 drone
2146 1 305 426 49 39 drone
2147 1 304 422 49 39 drone
2148 1 310 418 49 39 drone
2149 1 310 414 49 39 drone
2150 1 312 410 49 39 drone
2151 1 317 406 49 39 drone
2152 1 319 403 49 39 drone
2153 1 327 400 49 39 drone
2154 1 331 394 49 39 drone
2155 1 339 391 49 39 drone
2156 1 344 384 49 39 drone
2157 1 352 380 49 39 drone
2158 1 357 376 49 39 drone
2159 1 366 372 49 39 drone
2160 1 373 369 49 39 drone
2161 1 382 364 51 41 drone
2162 1 394 360 54 43 drone
2163 1 405 358 54 43 drone
2164 1 419 355 54 43 drone
2165 1 429 350 54 43 drone
2166 1 442 345 54 43 drone
2167 1 456 343 54 43 drone
2168 1 466 338 57 45 drone
2169 1 481 336 57 45 drone
2170 1 499 335 57 45 drone
2171 1 521 334 60 47 drone
2172 1 542 335 57 45 drone
2173 1 552 331 57 45 drone
2174 1 560 328 54 43 drone
2175 1 574 324 54 43 drone
2176 1 600 321 51 41 drone
2177 1 620 320 51 41 drone
2178 1 635 316 51 41 drone
2179 1 653 310 51 41 drone
2180 1 670 308 51 41 drone
2181 1 691 304 51 41 drone
2182 1 711 299 51 41 drone
2183 1 730 297 51 41 drone
2184 1 749 294 51 41 drone
2185 1 773 291 51 41 drone
2186 1 795 285 51 41 drone
2187 1 802 284 51 41 drone
2188 1 801 282 51 41 drone
2189 1 577 279 54 34 drone
2190 1 380 282 51 32 drone
2191 1 401 280 51 32 drone
2192 1 369 277 49 30 drone
2193 1 378 267 56 38 drone
2194 1 400 264 56 38 drone
2195 1 424 260 56 38 drone
2196 1 457 261 56 38 drone
2197 1 482 259 59 40 drone
2198 1 511 253 56 38 drone
2199 1 538 249 59 40 drone
2200 1 563 246 59 40 drone
2201 1 587 238 59 40 drone
2202 1 619 237 59 40 drone
2203 1 649 232 59 40 drone
2204 1 680 229 59 40 drone
2205 1 714 224 59 40 drone
2206 1 742 223 59 40 drone
2207 1 775 216 62 42 drone
2208 1 806 214 62 42 drone
2209 1 840 211 65 44 drone
2210 1 868 207 65 44 drone
2211 1 902 204 65 44 drone
2212 1 938 202 68 46 drone
2213 1 969 198 71 48 drone
2214 1 1001 193 71 48 drone
2215 1 1050 195 60 44 drone
2216 1 1085 189 60 44 drone
2217 1 1124 189 58 35 drone
2218 1 1149 185 58 35 drone
2219 1 1202 181 43 38 drone
2220 1 1229 177 57 38 drone
2221 1 1271 174 54 36 drone
2222 1 1306 170 54 36 drone
2223 1 1351 169 54 36 drone
2224 1 1388 166 54 36 drone
2225 1 1430 162 54 36 drone
2226 1 1468 158 54 36 drone
2227 1 1510 155 54 36 drone
2228 1 1549 152 54 36 drone
2229 1 1574 146 54 36 drone
2230 1 1630 147 54 36 drone
2231 1 1672 140 54 36 drone
2232 1 1716 139 54 36 drone
2233 1 1757 131 54 36 drone
2234 1 1804 130 54 36 drone
2235 1 1848 128 54 36 drone
2236 1 1880 121 54 36 drone
2237 0
2238 0
2239 0
2240 0
2241 0
2242 0
2243 0
2244 0
2245 0
2246 0
2247 0
2248 0
2249 0
2250 1 1665 89 47 37 drone
2251 1 1564 85 47 37 drone
2252 1 1266 81 47 37 drone
2253 1 1031 85 45 35 drone
2254 1 975 79 45 35 drone
2255 1 815 79 45 35 drone
2256 1 623 79 45 35 drone
2257 1 505 78 43 33 drone
2258 1 501 78 45 35 drone
2259 1 536 73 43 33 drone
2260 1 595 72 41 31 drone
2261 1 643 70 41 31 drone
2262 1 683 70 41 31 drone
2263 1 727 65 41 31 drone
2264 1 776 64 41 31 drone
2265 1 822 62 41 31 drone
2266 1 861 63 41 31 drone
2267 1 906 61 41 31 drone
2268 1 952 57 41 31 drone
2269 1 991 53 47 40 drone
2270 1 1028 51 47 40 drone
2271 1 1070 50 47 40 drone
2272 1 1110 49 47 40 drone
2273 1 1154 48 47 40 drone
2274 1 1191 47 47 40 drone
2275 1 1234 46 47 40 drone
2276 1 1270 43 47 40 drone
2277 1 1311 42 47 40 drone
2278 1 1352 41 47 40 drone
2279 1 1387 41 47 40 drone
2280 1 1424 39 47 40 drone
2281 1 1459 39 47 40 drone
2282 1 1497 39 47 40 drone
2283 1 1536 36 47 40 drone
2284 1 1560 36 47 40 drone
2285 1 1604 35 47 40 drone
2286 1 1635 34 47 40 drone
2287 1 1667 34 47 40 drone
2288 1 1690 32 49 42 drone
2289 1 1705 32 49 42 drone
2290 1 1659 32 49 42 drone
2291 1 1495 31 49 42 drone
2292 1 1293 28 51 44 drone
2293 1 1172 35 51 35 drone
2294 1 1023 34 51 35 drone
2295 1 848 31 51 35 drone
2296 1 869 28 51 35 drone
2297 1 892 29 51 35 drone
2298 1 924 26 54 37 drone
2299 1 961 25 56 39 drone
2300 1 987 25 56 39 drone
2301 1 1014 22 56 39 drone
2302 1 1034 22 56 39 drone
2303 1 1073 19 54 37 drone
2304 1 1099 19 56 39 drone
2305 1 1126 19 56 39 drone
2306 1 1152 18 56 39 drone
2307 1 1183 18 56 39 drone
2308 1 1208 17 59 41 drone
2309 1 1230 14 59 41 drone
2310 1 1259 14 59 41 drone
2311 1 1285 13 59 41 drone
2312 1 1311 12 59 41 drone
2313 1 1338 11 59 41 drone
2314 1 1359 12 59 41 drone
2315 1 1386 11 59 41 drone
2316 1 1411 8 59 41 drone
2317 1 1435 8 59 41 drone
2318 1 1460 8 59 41 drone
2319 1 1483 7 59 41 drone
2320 1 1508 6 59 41 drone
2321 1 1530 3 59 41 drone
2322 1 1552 4 59 41 drone
2323 1 1556 5 56 39 drone
2324 1 1395 6 55 37 drone
2325 1 1075 4 55 37 drone
2326 1 943 3 55 37 drone
2327 1 800 3 55 37 drone
2328 1 596 3 51 36 drone
2329 1 648 4 51 36 drone
2330 1 668 3 49 34 drone
2331 1 686 4 49 34 drone
2332 1 709 3 49 34 drone
2333 1 731 3 49 34 drone
2334 1 752 3 49 34 drone
2335 1 769 2 49 34 drone
2336 1 788 3 49 34 drone
2337 1 808 0 49 34 drone
2338 1 826 2 49 34 drone
2339 1 845 1 49 34 drone
2340 1 861 0 49 34 drone
2341 1 875 -1 49 34 drone
2342 1 894 0 49 34 drone
2343 1 910 -1 49 34 drone
2344 1 927 0 49 34 drone
2345 1 945 0 49 34 drone
2346 1 961 -1 49 34 drone
2347 1 976 -1 49 34 drone
2348 1 989 -1 49 34 drone
2349 1 1003 0 49 34 drone
2350 1 1019 -1 49 34 drone
2351 1 1035 -1 51 36 drone
2352 1 1046 0 54 38 drone
2353 1 1058 -1 54 38 drone
2354 1 1070 0 54 38 drone
2355 1 1083 0 51 36 drone
2356 1 1094 -1 51 36 drone
2357 1 1092 0 49 34 drone
2358 1 1023 -2 49 34 drone
2359 1 786 -4 49 34 drone
2360 1 707 -1 49 34 drone
2361 1 679 0 50 33 drone
2362 1 668 0 52 35 drone
2363 1 673 1 50 33 drone
2364 1 682 0 48 31 drone
2365 1 691 0 48 31 drone
2366 1 698 1 48 31 drone
2367 1 709 0 50 33 drone
2368 1 721 1 48 31 drone
2369 1 727 0 48 31 drone
2370 1 733 0 50 33 drone
2371 1 740 0 50 33 drone
2372 1 744 -1 50 33 drone
2373 1 753 -1 48 31 drone
2374 1 758 -1 48 31 drone
2375 1 762 0 48 31 drone
2376 1 768 -1 48 31 drone
2377 1 773 -1 48 31 drone
2378 1 776 0 48 31 drone
2379 1 781 0 50 33 drone
2380 1 784 0 50 33 drone
2381 1 787 -1 50 33 drone
2382 1 791 0 50 33 drone
2383 1 797 0 48 31 drone
2384 1 799 0 48 31 drone
2385 1 802 0 48 31 drone
2386 1 803 -1 48 31 drone
2387 1 805 0 50 33 drone
2388 1 805 -1 50 33 drone
2389 1 808 0 50 33 drone
2390 1 818 15 50 33 drone
2391 1 804 185 50 33 drone
2392 1 805 263 50 33 drone
2393 1 806 339 50 33 drone
2394 1 805 385 52 35 drone
2395 1 805 385 47 35 drone
2396 1 803 384 47 35 drone
2397 1 800 384 47 35 drone
2398 1 799 384 47 35 drone
2399 1 796 384 47 35 drone
2400 1 793 384 47 35 drone
2401 1 790 383 47 35 drone
2402 1 787 382 47 35 drone
2403 1 781 382 47 35 drone
2404 1 777 383 47 35 drone
2405 1 774 381 47 35 drone
2406 1 768 381 47 35 drone
2407 1 758 382 47 35 drone
2408 1 755 382 47 35 drone
2409 1 750 382 47 35 drone
2410 1 743 383 47 35 drone
2411 1 738 383 47 35 drone
2412 1 729 383 47 35 drone
2413 1 721 384 47 35 drone
2414 1 714 384 47 35 drone
2415 1 705 385 47 35 drone
2416 1 698 383 47 35 drone
2417 1 689 384 47 35 drone
2418 1 684 384 47 35 drone
2419 1 675 384 47 35 drone
2420 1 667 384 47 35 drone
2421 1 656 383 47 35 drone
2422 1 648 384 47 35 drone
2423 1 637 384 47 35 drone
2424 1 626 386 47 35 drone
2425 1 618 386 47 35 drone
2426 1 607 386 47 35 drone
2427 1 608 387 47 35 drone
2428 1 611 387 47 35 drone
2429 1 693 386 49 37 drone
2430 1 852 386 49 37 drone
2431 1 909 387 49 37 drone
2432 1 951 390 49 37 drone
2433 1 1109 389 49 37 drone
2434 1 1329 389 49 37 drone
2435 1 1428 388 49 37 drone
2436 1 1511 392 49 37 drone
2437 1 1680 393 47 35 drone
2438 1 1773 391 47 35 drone
2439 1 1756 391 47 35 drone
2440 1 1732 392 47 35 drone
2441 1 1722 391 47 35 drone
2442 1 1712 392 47 35 drone
2443 1 1694 393 47 35 drone
2444 1 1677 395 47 35 drone
2445 1 1663 399 47 35 drone
2446 1 1653 398 49 37 drone
2447 1 1643 399 49 37 drone
2448 1 1630 398 49 37 drone
2449 1 1611 401 47 35 drone
2450 1 1597 403 47 35 drone
2451 1 1583 403 47 35 drone
2452 1 1566 401 49 37 drone
2453 1 1547 402 49 37 drone
2454 1 1528 405 49 37 drone
2455 1 1511 405 49 37 drone
2456 1 1495 406 49 37 drone
2457 1 1476 407 52 39 drone
2458 1 1458 406 52 39 drone
2459 1 1439 408 52 39 drone
2460 1 1423 407 52 39 drone
2461 1 1403 407 52 39 drone
2462 1 1383 407 52 39 drone
2463 1 1365 408 52 39 drone
2464 1 1348 408 52 39 drone
2465 1 1327 409 52 39 drone
2466 1 1306 410 52 39 drone
2467 1 1288 409 52 39 drone
2468 1 1268 407 52 39 drone
2469 1 1245 408 52 39 drone
2470 1 1225 411 52 39 drone
2471 1 1203 411 52 39 drone
2472 1 1186 413 52 39 drone
2473 1 1171 412 52 39 drone
2474 1 1156 413 49 37 drone
2475 1 1158 414 49 37 drone
2476 1 1210 410 52 39 drone
2477 1 1265 414 50 37 drone
2478 1 1275 414 50 37 drone
2479 1 1287 415 50 37 drone
2480 1 1326 414 50 37 drone
2481 1 1387 411 50 37 drone
2482 1 1373 411 50 37 drone
2483 1 1352 410 50 37 drone
2484 1 1327 407 48 35 drone
2485 1 1298 409 48 35 drone
2486 1 1270 412 48 35 drone
2487 1 1247 413 48 35 drone
2488 1 1225 414 45 34 drone
2489 1 1200 413 48 35 drone
2490 1 1171 412 48 35 drone
2491 1 1143 409 50 37 drone
2492 1 1116 411 50 37 drone
2493 1 1087 408 50 37 drone
2494 1 1066 410 48 35 drone
2495 1 1033 411 48 35 drone
2496 1 1005 411 48 35 drone
2497 1 981 411 48 35 drone
2498 1 951 410 48 35 drone
2499 1 922 409 50 37 drone
2500 1 892 407 52 39 drone
2501 1 863 403 55 41 drone
2502 1 830 403 58 43 drone
2503 1 799 406 55 41 drone
2504 1 774 407 55 41 drone
2505 1 750 407 55 41 drone
2506 1 728 405 52 39 drone
2507 1 718 404 52 39 drone
2508 1 749 407 50 37 drone
2509 1 869 407 48 35 drone
2510 1 892 410 48 35 drone
2511 1 882 408 46 33 drone
2512 1 886 406 46 33 drone
2513 1 963 406 46 33 drone
2514 1 1052 409 46 33 drone
2515 1 1053 408 46 33 drone
2516 1 1038 405 46 33 drone
2517 1 1019 405 46 33 drone
2518 1 1019 404 46 33 drone
2519 1 1029 405 46 33 drone
2520 1 1055 405 46 33 drone
2521 1 1060 403 46 33 drone
2522 1 1032 402 46 33 drone
2523 1 1004 402 46 33 drone
2524 1 975 401 48 35 drone
2525 1 947 401 48 35 drone
2526 1 914 401 51 36 drone
2527 1 884 401 51 36 drone
2528 1 855 400 53 38 drone
2529 1 825 397 53 38 drone
2530 1 793 398 56 40 drone
2531 1 764 396 56 40 drone
2532 1 735 395 56 40 drone
2533 1 708 399 53 38 drone
2534 1 677 398 53 38 drone
2535 1 649 397 53 38 drone
2536 1 622 396 56 40 drone
2537 1 593 395 56 40 drone
2538 1 572 395 53 38 drone
2539 1 545 395 53 38 drone
2540 1 528 394 53 38 drone
2541 1 526 394 53 38 drone
2542 1 596 393 53 38 drone
2543 1 758 393 53 38 drone
2544 1 760 394 53 38 drone
2545 1 740 393 53 38 drone
2546 1 727 393 53 38 drone
2547 1 745 395 53 38 drone
2548 1 837 393 53 38 drone
2549 1 889 392 53 38 drone
2550 1 871 392 53 38 drone
2551 1 856 399 53 38 drone
2552 1 890 391 53 38 drone
2553 1 995 384 50 36 drone
2554 1 1039 384 50 36 drone
2555 1 1016 385 50 36 drone
2556 1 990 385 50 36 drone
2557 1 969 384 50 36 drone
2558 1 942 383 50 36 drone
2559 1 940 382 50 36 drone
2560 1 928 382 50 36 drone
2561 1 922 383 50 36 drone
2562 1 920 380 50 36 drone
2563 1 910 375 52 38 drone
2564 1 906 374 50 36 drone
2565 1 890 373 52 38 drone
2566 1 865 374 52 38 drone
2567 1 834 376 55 40 drone
2568 1 799 366 58 42 drone
2569 1 770 362 58 42 drone
2570 1 742 364 58 42 drone
2571 1 707 365 50 44 drone
2572 1 672 364 50 44 drone
2573 1 645 362 52 46 drone
2574 1 606 360 45 38 drone
2575 1 580 360 47 40 drone
2576 1 551 362 47 40 drone
2577 1 533 360 47 40 drone
2578 1 523 353 47 40 drone
2579 1 598 351 47 40 drone
2580 1 769 348 49 42 drone
2581 1 750 348 49 42 drone
2582 1 736 346 49 42 drone
2583 1 726 346 49 42 drone
2584 1 769 344 47 40 drone
2585 1 892 336 47 40 drone
2586 1 885 340 47 40 drone
2587 1 877 340 47 40 drone
2588 1 896 339 47 40 drone
2589 1 1008 333 47 40 drone
2590 1 1051 328 49 42 drone
2591 1 1035 330 47 40 drone
2592 1 1034 329 47 40 drone
2593 1 1109 328 47 40 drone
2594 1 1208 326 47 40 drone
2595 1 1196 323 47 40 drone
2596 1 1184 322 47 40 drone
2597 1 1192 322 47 40 drone
2598 1 1170 322 47 40 drone
2599 1 1142 318 47 40 drone
2600 1 1111 316 47 40 drone
2601 1 1076 313 49 42 drone
2602 1 1044 311 49 42 drone
2603 1 1012 309 52 44 drone
2604 1 978 306 52 44 drone
2605 1 947 305 54 46 drone
2606 1 916 305 52 44 drone
2607 1 884 304 52 44 drone
2608 1 853 305 52 44 drone
2609 1 821 300 52 44 drone
2610 1 786 296 54 46 drone
2611 1 757 298 54 46 drone
2612 1 732 298 52 44 drone
2613 1 691 296 49 42 drone
2614 1 671 296 49 42 drone
2615 1 630 290 49 42 drone
2616 1 606 289 49 42 drone
2617 1 573 291 49 42 drone
2618 1 551 291 49 42 drone
2619 1 517 289 44 37 drone
2620 1 495 289 44 37 drone
2621 1 461 286 44 37 drone
2622 1 453 288 44 37 drone
2623 1 447 285 44 37 drone
2624 1 468 280 44 37 drone
2625 1 646 276 46 39 drone
2626 1 714 279 44 37 drone
2627 1 690 278 46 39 drone
2628 1 673 275 44 37 drone
2629 1 673 273 44 37 drone
2630 1 702 269 47 37 drone
2631 1 820 263 47 37 drone
2632 1 846 266 47 37 drone
2633 1 834 263 47 37 drone
2634 1 831 260 45 35 drone
2635 1 855 259 45 35 drone
2636 1 980 257 43 34 drone
2637 1 990 259 41 32 drone
2638 1 973 258 41 32 drone
2639 1 946 256 41 32 drone
2640 1 924 251 41 32 drone
2641 1 908 250 41 32 drone
2642 1 890 251 39 31 drone
2643 1 874 249 39 31 drone
2644 1 856 246 41 32 drone
2645 1 834 243 41 32 drone
2646 1 819 243 41 32 drone
2647 1 805 243 41 32 drone
2648 1 788 239 41 32 drone
2649 1 776 237 41 32 drone
2650 1 760 234 41 32 drone
2651 1 746 235 41 32 drone
2652 1 732 233 41 32 drone
2653 1 722 232 41 32 drone
2654 1 709 230 41 32 drone
2655 1 697 226 41 32 drone
2656 1 686 224 41 32 drone
2657 1 675 224 41 32 drone
2658 1 666 220 41 32 drone
2659 1 654 219 41 32 drone
2660 1 648 216 41 32 drone
2661 1 644 216 41 32 drone
2662 1 641 214 41 32 drone
2663 1 650 214 41 32 drone
2664 1 684 209 41 32 drone
2665 1 809 204 41 32 drone
2666 1 889 202 41 32 drone
2667 1 894 200 43 34 drone
2668 1 922 200 43 34 drone
2669 1 1023 194 45 35 drone
2670 1 1176 195 45 35 drone
2671 1 1199 192 45 35 drone
2672 1 1221 189 45 35 drone
2673 1 1319 182 45 35 drone
2674 1 1494 180 45 35 drone
2675 1 1542 182 45 35 drone
2676 1 1541 179 45 35 drone
2677 1 1537 177 45 35 drone
2678 1 1539 175 43 33 drone
2679 1 1540 172 43 33 drone
2680 1 1541 169 43 33 drone
2681 1 1542 167 43 33 drone
2682 1 1543 164 43 33 drone
2683 1 1547 162 43 33 drone
2684 1 1549 158 45 35 drone
2685 1 1554 155 43 33 drone
2686 1 1557 152 43 33 drone
2687 1 1561 150 43 33 drone
2688 1 1567 148 43 33 drone
2689 1 1571 145 43 33 drone
2690 1 1576 141 43 33 drone
2691 1 1583 137 43 33 drone
2692 1 1589 135 43 33 drone
2693 1 1597 133 43 33 drone
2694 1 1605 132 43 33 drone
2695 1 1612 128 43 33 drone
2696 1 1621 125 43 33 drone
2697 1 1630 122 43 33 drone
2698 1 1640 120 43 33 drone
2699 1 1640 117 43 33 drone
2700 1 1634 115 43 33 drone
2701 1 1598 113 45 35 drone
2702 1 1278 114 45 35 drone
2703 1 1074 113 47 37 drone
2704 1 1099 111 47 37 drone
2705 1 1116 110 47 37 drone
2706 1 1123 108 47 37 drone
2707 1 1139 104 49 39 drone
2708 1 1158 100 49 39 drone
2709 1 1173 99 49 39 drone
2710 1 1186 95 49 39 drone
2711 1 1204 94 47 37 drone
2712 1 1223 92 47 37 drone
2713 1 1242 91 47 37 drone
2714 1 1260 88 47 37 drone
2715 1 1278 84 47 37 drone
2716 1 1295 80 49 39 drone
2717 1 1317 79 49 39 drone
2718 1 1327 79 49 39 drone
2719 1 1347 88 47 37 drone
2720 1 1017 73 45 35 drone
2721 1 937 71 47 37 drone
2722 1 941 71 47 37 drone
2723 1 886 64 47 37 drone
2724 1 817 64 47 37 drone
2725 1 828 64 47 37 drone
2726 1 820 60 47 37 drone
2727 1 732 57 47 37 drone
2728 1 719 57 45 35 drone
2729 1 742 54 47 37 drone
2730 1 775 51 49 39 drone
2731 1 807 46 49 39 drone
2732 1 831 44 49 39 drone
2733 1 860 42 49 39 drone
2734 1 889 38 49 39 drone
2735 1 920 36 49 39 drone
2736 1 956 36 49 39 drone
2737 1 979 41 52 41 drone
2738 1 1012 161 52 41 drone
2739 1 1045 269 52 37 drone
2740 1 1079 344 46 36 drone
2741 1 1112 427 46 36 drone
2742 1 1145 500 46 36 drone
2743 1 1180 630 48 38 drone
2744 1 1219 760 48 38 drone
2745 1 1248 883 48 38 drone
2746 1 1282 1014 48 38 drone
2747 0
2748 0
2749 0
