0 1 705 440 32 19 drone
1 1 705 446 33 19 drone
2 1 705 456 32 19 drone
3 1 705 458 32 19 drone
4 1 704 454 32 19 drone
5 1 706 447 31 19 drone
6 1 706 448 32 19 drone
7 1 707 459 32 19 drone
8 1 706 466 32 19 drone
9 1 706 466 33 19 drone
10 1 706 459 32 19 drone
11 1 706 456 32 19 drone
12 1 707 463 31 18 drone
13 1 708 469 30 18 drone
14 1 707 471 32 19 drone
15 1 707 470 31 19 drone
16 1 707 468 32 19 drone
17 1 706 471 32 19 drone
18 1 707 475 33 19 drone
19 1 708 481 32 19 drone
20 1 707 482 32 19 drone
21 1 708 482 32 19 drone
22 1 707 481 32 19 drone
23 1 707 483 31 19 drone
24 1 707 488 32 19 drone
25 1 708 489 33 20 drone
26 1 708 490 33 20 drone
27 1 707 489 33 19 drone
28 1 707 490 33 19 drone
29 1 708 492 33 19 drone
30 1 709 495 32 19 drone
31 1 708 497 33 20 drone
32 1 709 498 32 19 drone
33 1 708 496 32 19 drone
34 1 709 496 32 19 drone
35 1 709 498 31 19 drone
36 1 711 503 31 19 drone
37 1 711 506 32 19 drone
38 1 709 507 33 20 drone
39 1 710 507 32 19 drone
40 1 709 507 32 19 drone
41 1 710 509 32 19 drone
42 1 711 514 31 18 drone
43 1 710 515 32 19 drone
44 1 710 515 32 19 drone
45 1 717 523 31 18 drone
46 1 726 527 31 18 drone
47 1 737 533 30 18 drone
48 1 748 538 30 18 drone
49 1 879 536 30 18 drone
50 1 1120 539 29 17 drone
51 1 1109 544 29 17 drone
52 1 1115 555 29 17 drone
53 1 1117 563 28 17 drone
54 1 1108 565 30 17 drone
55 1 1108 564 30 17 drone
56 1 1111 565 29 17 drone
57 1 1113 572 28 17 drone
58 1 1111 578 29 17 drone
59 1 1111 580 29 17 drone
60 1 1111 578 30 17 drone
61 1 1112 576 30 17 drone
62 1 1111 580 31 18 drone
63 1 1111 585 29 17 drone
64 1 1112 588 30 17 drone
65 1 1113 590 29 13 drone
66 1 1113 590 29 13 drone
67 1 1113 591 29 13 drone
68 1 1113 595 29 13 drone
69 1 1115 599 29 13 drone
70 1 1115 599 29 13 drone
71 1 1114 597 29 13 drone
72 1 1114 598 30 13 drone
73 1 1115 600 29 13 drone
74 1 1115 603 29 13 drone
75 1 1114 604 29 13 drone
76 1 1115 603 29 13 drone
77 1 1114 604 30 14 drone
78 1 1115 607 28 13 drone
79 1 1115 609 30 13 drone
80 1 1116 612 28 13 drone
81 1 1116 612 29 13 drone
82 1 1116 612 29 13 drone
83 1 1116 612 30 13 drone
84 1 1116 614 30 13 drone
85 1 1117 618 29 13 drone
86 1 1118 621 29 13 drone
87 1 1117 622 29 13 drone
88 1 1116 620 30 13 drone
89 1 1116 619 28 13 drone
90 1 1115 621 29 13 drone
91 1 1117 626 26 12 drone
92 1 1117 627 27 12 drone
93 1 1116 625 27 12 drone
94 1 1116 622 28 13 drone
95 1 1117 628 26 12 drone
96 1 1117 634 28 12 drone
97 1 1116 637 27 12 drone
98 1 1117 632 27 12 drone
99 1 1118 626 26 12 drone
100 1 1118 626 27 12 drone
101 1 1117 634 27 12 drone
102 1 1118 640 26 12 drone
103 1 1118 639 27 12 drone
104 1 1118 635 27 12 drone
105 1 1118 635 27 12 drone
106 1 1118 639 25 11 drone
107 1 1119 644 26 12 drone
108 1 1119 643 26 12 drone
109 1 1118 641 28 12 drone
110 1 1117 639 28 13 drone
111 1 1119 642 26 12 drone
112 1 1119 645 27 12 drone
113 1 1119 647 28 13 drone
114 1 1119 646 27 12 drone
115 1 1119 645 27 12 drone
116 1 1119 646 26 11 drone
117 1 1120 650 26 12 drone
118 1 1119 653 28 12 drone
119 1 1119 654 27 12 drone
120 1 1120 651 26 12 drone
121 1 1120 649 27 12 drone
122 1 1120 649 27 12 drone
123 1 1120 655 27 12 drone
124 1 1120 659 29 13 drone
125 1 1120 659 28 13 drone
126 1 1119 656 28 13 drone
127 1 1120 653 26 12 drone
128 1 1119 654 28 12 drone
129 1 1121 660 28 12 drone
130 1 1122 664 27 12 drone
131 1 1121 664 27 12 drone
132 1 1120 659 28 12 drone
133 1 1120 658 27 12 drone
134 1 1121 661 27 12 drone
135 1 1122 667 26 12 drone
136 1 1121 669 27 12 drone
137 1 1122 666 26 12 drone
138 1 1121 662 28 13 drone
139 1 1121 664 27 12 drone
140 1 1123 671 27 12 drone
141 1 1123 674 27 12 drone
142 1 1122 673 27 12 drone
143 1 1121 668 27 12 drone
144 1 1121 664 28 12 drone
145 1 1123 668 27 12 drone
146 1 1121 674 27 12 drone
147 1 1122 678 28 13 drone
148 1 1122 668 29 13 drone
149 1 1122 634 29 13 drone
150 1 1121 423 29 13 drone
151 1 1123 256 29 13 drone
152 1 1124 127 29 13 drone
153 0
154 0
155 0
156 0
157 0
158 0
159 0
160 0
161 0
162 0
163 0
164 0
165 0
166 0
167 0
168 0
169 0
170 0
171 0
172 0
173 0
174 0
175 0
176 0
177 0
178 0
179 0
180 0
181 0
182 1 1129 8 30 20 drone
183 1 1132 40 26 17 drone
184 1 1132 48 26 17 drone
185 1 1132 47 26 17 drone
186 1 1134 46 26 17 drone
187 1 1134 50 26 17 drone
188 1 1133 56 25 16 drone
189 1 1132 56 26 17 drone
190 1 1134 49 26 17 drone
191 1 1135 44 26 17 drone
192 1 1134 48 26 17 drone
193 1 1133 59 27 18 drone
194 1 1134 66 26 17 drone
195 1 1135 63 26 17 drone
196 1 1136 57 27 17 drone
197 1 1136 56 26 17 drone
198 1 1135 63 26 17 drone
199 1 1136 69 26 17 drone
200 1 1139 69 25 16 drone
201 1 1138 65 26 17 drone
202 1 1137 64 26 17 drone
203 1 1136 65 26 17 drone
204 1 1137 69 26 17 drone
205 1 1138 72 26 17 drone
206 1 1136 71 27 17 drone
207 1 1139 71 26 17 drone
208 1 1140 75 26 17 drone
209 1 1139 81 26 17 drone
210 1 1139 83 26 17 drone
211 1 1138 78 26 17 drone
212 1 1141 73 25 16 drone
213 1 1139 73 26 17 drone
214 1 1139 83 25 17 drone
215 1 1140 92 25 16 drone
216 1 1140 91 26 17 drone
217 1 1141 80 25 17 drone
218 1 1140 76 26 17 drone
219 1 1140 86 25 17 drone
220 1 1141 100 25 16 drone
221 1 1141 100 25 16 drone
222 1 1143 90 25 17 drone
223 1 1141 83 25 17 drone
224 1 1141 91 25 16 drone
225 1 1142 103 25 16 drone
226 1 1142 107 26 17 drone
227 1 1144 107 26 17 drone
228 1 1142 105 25 17 drone
229 1 1142 105 26 17 drone
230 1 1141 104 26 17 drone
231 1 1142 102 26 17 drone
232 1 1142 100 26 17 drone
233 1 1142 101 26 17 drone
234 1 1142 105 25 17 drone
235 1 1142 106 26 17 drone
236 1 1143 106 26 17 drone
237 1 1143 108 26 17 drone
238 1 1144 117 25 16 drone
239 1 1142 125 26 17 drone
240 1 1144 120 25 17 drone
241 1 1143 107 25 16 drone
242 1 1144 101 24 16 drone
243 1 1144 112 25 17 drone
244 1 1146 126 25 17 drone
245 1 1146 131 24 16 drone
246 1 1145 124 24 16 drone
247 1 1146 113 24 16 drone
248 1 1146 107 24 15 drone
249 1 1146 118 24 15 drone
250 1 1147 134 24 16 drone
251 1 1147 138 23 15 drone
252 1 1146 126 24 16 drone
253 1 1147 114 23 15 drone
254 1 1146 116 23 15 drone
255 1 1145 133 23 15 drone
256 1 1146 145 23 15 drone
257 1 1147 138 23 15 drone
258 1 1146 122 23 15 drone
259 1 1146 119 23 15 drone
260 1 1145 127 24 16 drone
261 1 1147 138 23 15 drone
262 1 1148 139 23 15 drone
263 1 1148 134 22 15 drone
264 1 1146 126 23 15 drone
265 1 1147 128 23 15 drone
266 1 1149 136 23 15 drone
267 1 1148 142 25 16 drone
268 1 1148 140 24 15 drone
269 1 1148 133 24 16 drone
270 1 1148 129 23 15 drone
271 1 1148 132 24 15 drone
272 1 1149 139 23 15 drone
273 1 1148 142 24 16 drone
274 1 1149 139 24 16 drone
275 1 1148 133 23 15 drone
276 1 1148 132 24 16 drone
277 1 1149 137 24 15 drone
278 1 1150 144 23 15 drone
279 1 1150 144 24 16 drone
280 1 1149 139 24 16 drone
281 1 1149 135 23 15 drone
282 1 1149 138 23 15 drone
283 1 1149 143 24 16 drone
284 1 1151 145 23 15 drone
285 1 1150 142 23 15 drone
286 1 1150 136 23 15 drone
287 1 1150 137 23 15 drone
288 1 1150 142 23 15 drone
289 1 1150 146 23 15 drone
290 1 1150 145 23 15 drone
291 1 1150 142 24 16 drone
292 1 1150 141 23 15 drone
293 1 1151 140 24 15 drone
294 1 1151 141 24 15 drone
295 1 1150 143 23 15 drone
296 1 1150 144 24 15 drone
297 1 1150 144 23 15 drone
298 1 1150 143 23 15 drone
299 1 1152 144 23 15 drone
300 1 1151 144 24 15 drone
301 1 1151 148 22 15 drone
302 1 1151 150 24 15 drone
303 1 1152 153 23 15 drone
304 1 1153 155 23 15 drone
305 1 1151 160 24 16 drone
306 1 1151 159 23 15 drone
307 1 1150 156 23 15 drone
308 1 1151 154 23 15 drone
309 1 1153 158 24 15 drone
310 1 1152 158 24 16 drone
311 1 1154 159 22 15 drone
312 1 1151 159 23 15 drone
313 1 1152 159 23 15 drone
314 1 1153 157 23 15 drone
315 1 1154 158 24 15 drone
316 1 1154 167 22 15 drone
317 1 1153 172 23 15 drone
318 1 1152 173 23 15 drone
319 1 1153 169 22 14 drone
320 1 1153 165 23 15 drone
321 1 1153 168 22 14 drone
322 1 1153 171 23 15 drone
323 1 1152 169 23 15 drone
324 1 1153 167 24 16 drone
325 1 1153 166 23 15 drone
326 1 1154 170 23 15 drone
327 1 1154 174 23 15 drone
328 1 1154 173 24 16 drone
329 1 1154 169 23 15 drone
330 1 1155 165 23 15 drone
331 1 1155 166 23 15 drone
332 1 1155 170 23 15 drone
333 1 1120 174 22 14 drone
334 1 800 171 23 13 drone
335 1 253 168 23 13 drone
336 1 79 166 23 13 drone
337 0
338 0
339 0
340 0
341 0
342 0
343 0
344 0
345 0
346 0
347 0
348 0
349 0
350 0
351 0
352 0
353 0
354 0
355 0
356 0
357 0
358 0
359 0
360 0
361 0
362 0
363 0
364 0
365 0
366 0
367 0
368 0
369 0
370 0
371 0
372 0
373 0
374 0
375 0
376 0
377 0
378 0
379 0
380 0
381 0
382 0
383 0
384 0
385 0
386 0
387 0
388 0
389 0
390 0
391 0
392 0
393 0
394 0
395 0
396 0
397 0
398 1 44 204 24 10 drone
399 1 271 197 24 12 drone
400 1 391 194 27 13 drone
401 1 594 196 27 13 drone
402 1 819 201 27 13 drone
403 1 909 204 27 13 drone
404 1 905 200 27 13 drone
405 1 898 195 27 13 drone
406 1 899 193 27 13 drone
407 1 904 193 27 13 drone
408 1 904 198 26 13 drone
409 1 901 199 26 12 drone
410 1 901 196 28 13 drone
411 1 902 191 27 13 drone
412 1 903 190 26 13 drone
413 1 903 193 26 12 drone
414 1 902 196 25 12 drone
415 1 902 197 27 13 drone
416 1 903 193 26 13 drone
417 1 903 189 26 13 drone
418 1 903 190 27 13 drone
419 1 903 194 26 13 drone
420 1 904 196 27 13 drone
421 1 904 195 27 13 drone
422 1 903 193 27 13 drone
423 1 904 193 27 13 drone
424 1 905 200 26 13 drone
425 1 906 204 25 12 drone
426 1 906 202 26 13 drone
427 1 905 200 26 12 drone
428 1 905 200 27 13 drone
429 1 905 204 27 13 drone
430 1 907 207 27 13 drone
431 1 907 205 27 13 drone
432 1 906 202 27 13 drone
433 1 906 202 27 13 drone
434 1 907 203 27 13 drone
435 1 908 203 26 13 drone
436 1 907 202 27 13 drone
437 1 908 202 27 13 drone
438 1 908 202 28 13 drone
439 1 908 202 27 13 drone
440 1 909 203 27 13 drone
441 1 909 205 26 12 drone
442 1 909 204 27 13 drone
443 1 910 202 26 13 drone
444 1 910 198 26 13 drone
445 1 909 199 27 13 drone
446 1 910 205 27 13 drone
447 1 911 210 26 12 drone
448 1 911 209 28 13 drone
449 1 911 208 27 13 drone
450 1 911 209 27 13 drone
451 1 911 210 27 13 drone
452 1 910 208 28 13 drone
453 1 911 204 27 13 drone
454 1 911 204 26 13 drone
455 1 911 208 28 13 drone
456 1 912 213 27 13 drone
457 1 913 215 27 13 drone
458 1 912 211 27 13 drone
459 1 911 205 27 13 drone
460 1 911 205 29 14 drone
461 1 913 213 26 13 drone
462 1 914 219 27 13 drone
463 1 912 215 27 13 drone
464 1 912 209 28 13 drone
465 1 913 207 27 13 drone
466 1 913 210 27 13 drone
467 1 913 215 27 13 drone
468 1 913 216 27 13 drone
469 1 913 214 27 13 drone
470 1 913 211 27 13 drone
471 1 913 214 27 13 drone
472 1 913 217 26 13 drone
473 1 913 216 27 13 drone
474 1 914 214 25 12 drone
475 1 913 212 27 13 drone
476 1 913 214 27 13 drone
477 1 914 217 26 13 drone
478 1 914 218 27 13 drone
479 1 914 213 27 13 drone
480 1 914 213 27 13 drone
481 1 913 213 28 13 drone
482 1 914 217 26 13 drone
483 1 913 218 27 13 drone
484 1 913 218 28 13 drone
485 1 913 215 27 13 drone
486 1 913 215 27 13 drone
487 1 914 221 27 13 drone
488 1 914 224 27 13 drone
489 1 914 221 27 13 drone
490 1 915 217 26 13 drone
491 1 914 218 27 13 drone
492 1 914 224 25 12 drone
493 1 914 226 27 13 drone
494 1 913 225 25 12 drone
495 1 914 221 26 12 drone
496 1 914 221 27 13 drone
497 1 913 225 27 13 drone
498 1 913 228 27 13 drone
499 1 914 228 26 13 drone
500 1 915 227 25 12 drone
501 1 914 225 26 13 drone
502 1 914 228 26 13 drone
503 1 913 231 27 13 drone
504 1 915 231 26 13 drone
505 1 914 231 26 12 drone
506 1 914 232 25 12 drone
507 1 914 232 26 12 drone
508 1 915 235 26 13 drone
509 1 914 237 27 13 drone
510 1 914 237 27 13 drone
511 1 914 237 26 13 drone
512 1 914 237 27 13 drone
513 1 915 239 26 13 drone
514 1 914 245 26 13 drone
515 1 915 246 26 12 drone
516 1 915 242 27 13 drone
517 1 913 237 26 13 drone
518 1 913 238 26 13 drone
519 1 914 242 27 13 drone
520 1 914 246 27 13 drone
521 1 914 249 27 13 drone
522 1 913 255 26 13 drone
523 1 913 310 25 14 drone
524 1 915 379 25 14 drone
525 1 915 392 25 14 drone
526 1 915 393 25 14 drone
527 1 915 393 26 14 drone
528 1 915 393 25 14 drone
529 1 915 398 24 14 drone
530 1 915 401 25 14 drone
531 1 915 400 25 14 drone
532 1 913 394 25 14 drone
533 1 913 393 26 14 drone
534 1 913 396 25 14 drone
535 1 912 399 24 14 drone
536 1 911 400 25 14 drone
537 1 912 399 25 14 drone
538 1 912 399 25 14 drone
539 1 912 401 25 14 drone
540 1 913 403 25 14 drone
541 1 912 404 25 14 drone
542 1 912 406 26 14 drone
543 1 912 405 26 15 drone
544 1 912 407 26 15 drone
545 1 912 408 27 15 drone
546 1 912 409 26 15 drone
547 1 913 409 26 14 drone
548 1 913 410 25 14 drone
549 1 913 409 26 14 drone
550 1 912 411 26 14 drone
551 1 912 412 26 14 drone
552 1 912 415 25 14 drone
553 1 911 415 26 15 drone
554 1 912 414 25 14 drone
555 1 912 414 25 14 drone
556 1 912 416 25 14 drone
557 1 912 419 24 13 drone
558 1 912 419 25 14 drone
559 1 912 419 25 14 drone
560 1 912 419 25 14 drone
561 1 913 421 24 13 drone
562 1 913 424 25 14 drone
563 1 912 425 25 14 drone
564 1 913 424 25 14 drone
565 1 913 425 24 14 drone
566 1 913 426 23 13 drone
567 1 913 430 24 14 drone
568 1 912 432 24 14 drone
569 1 912 431 25 14 drone
570 1 912 430 24 14 drone
571 1 913 430 23 13 drone
572 1 914 434 24 13 drone
573 1 913 437 24 13 drone
574 1 914 437 24 14 drone
575 1 912 436 26 14 drone
576 1 913 435 24 13 drone
577 1 913 437 23 13 drone
578 1 914 439 23 13 drone
579 1 914 440 23 13 drone
580 1 913 438 24 13 drone
581 1 915 437 22 13 drone
582 1 914 440 22 13 drone
583 1 914 445 22 12 drone
584 1 915 446 23 13 drone
585 1 915 445 22 13 drone
586 1 915 446 23 13 drone
587 1 915 448 23 13 drone
588 1 914 449 24 13 drone
589 1 913 447 22 13 drone
590 1 914 442 23 13 drone
591 1 914 443 23 13 drone
592 1 916 448 21 12 drone
593 1 914 451 22 12 drone
594 1 915 447 22 12 drone
595 1 916 444 23 13 drone
596 1 916 447 23 13 drone
597 1 915 452 22 12 drone
598 1 914 453 23 13 drone
599 1 915 447 21 12 drone
600 1 916 444 22 12 drone
601 1 916 450 21 12 drone
602 1 916 456 20 11 drone
603 1 916 457 21 12 drone
604 1 917 452 20 11 drone
605 1 916 448 21 12 drone
606 1 916 452 20 11 drone
607 1 917 457 20 11 drone
608 1 917 457 20 11 drone
609 1 916 454 21 12 drone
610 1 915 451 21 12 drone
611 1 911 449 20 11 drone
612 1 910 451 20 11 drone
613 1 911 449 20 11 drone
614 1 912 449 20 11 drone
615 1 911 449 20 11 drone
616 1 911 450 20 11 drone
617 1 910 453 21 12 drone
618 1 911 453 19 11 drone
619 1 910 452 20 11 drone
620 1 910 452 20 11 drone
621 1 910 452 20 11 drone
622 1 910 453 21 12 drone
623 1 911 454 20 11 drone
624 1 911 454 20 11 drone
625 1 910 453 20 11 drone
626 1 909 453 21 12 drone
627 1 909 452 21 12 drone
628 1 909 454 21 12 drone
629 1 910 460 19 11 drone
630 1 909 459 21 12 drone
631 1 908 459 22 12 drone
632 1 908 457 20 11 drone
633 1 908 455 20 11 drone
634 1 907 455 21 12 drone
635 1 910 461 20 11 drone
636 1 908 464 20 11 drone
637 1 907 460 20 11 drone
638 1 907 452 20 11 drone
639 1 906 445 21 12 drone
640 1 905 449 21 12 drone
641 1 905 460 21 12 drone
642 1 905 464 21 12 drone
643 1 906 460 20 11 drone
644 1 906 457 20 11 drone
645 1 906 461 21 12 drone
646 1 906 468 20 11 drone
647 1 909 469 21 12 drone
648 1 908 464 20 11 drone
649 1 904 459 23 13 drone
650 1 903 457 23 13 drone
651 1 903 457 24 13 drone
652 1 905 463 21 12 drone
653 1 904 469 22 12 drone
654 1 903 468 22 12 drone
655 1 902 463 22 12 drone
656 1 903 461 23 13 drone
657 1 903 465 22 12 drone
658 1 903 470 22 12 drone
659 1 902 472 21 12 drone
660 1 902 465 21 12 drone
661 1 902 460 22 12 drone
662 1 901 463 22 13 drone
663 1 903 471 21 12 drone
664 1 903 474 21 12 drone
665 1 901 471 21 12 drone
666 1 898 465 22 12 drone
667 1 899 464 21 12 drone
668 1 901 469 21 12 drone
669 1 901 476 22 12 drone
670 1 900 474 22 12 drone
671 1 900 467 20 11 drone
672 1 900 457 21 12 drone
673 1 900 458 22 12 drone
674 1 902 468 20 11 drone
675 1 901 474 21 12 drone
676 1 900 468 21 12 drone
677 1 899 456 22 12 drone
678 1 899 453 21 12 drone
679 1 899 462 21 11 drone
680 1 900 475 20 11 drone
681 1 898 474 22 12 drone
682 1 898 464 21 12 drone
683 1 898 454 21 12 drone
684 1 897 458 21 12 drone
685 1 897 468 23 13 drone
686 1 898 476 20 11 drone
687 1 898 470 21 12 drone
688 1 898 459 21 12 drone
689 1 898 457 20 11 drone
690 1 899 466 19 11 drone
691 1 898 474 20 11 drone
692 1 898 474 21 12 drone
693 1 897 465 21 12 drone
694 1 897 458 21 12 drone
695 1 897 460 21 12 drone
696 1 897 468 20 11 drone
697 1 897 470 21 12 drone
698 1 897 464 21 12 drone
699 1 897 457 20 11 drone
700 1 896 458 20 11 drone
701 1 896 465 21 12 drone
702 1 896 469 22 12 drone
703 1 895 469 20 11 drone
704 1 896 463 19 11 drone
705 1 895 461 21 12 drone
706 1 895 465 20 11 drone
707 1 894 468 21 12 drone
708 1 895 469 20 11 drone
709 1 895 467 20 11 drone
710 1 894 465 21 12 drone
711 1 894 466 21 12 drone
712 1 895 470 19 11 drone
713 1 893 470 22 12 drone
714 1 892 469 22 12 drone
715 1 893 468 21 12 drone
716 1 893 466 22 12 drone
717 1 892 467 23 13 drone
718 1 893 470 21 12 drone
719 1 892 470 21 12 drone
720 1 892 468 21 12 drone
721 1 893 467 22 12 drone
722 1 893 468 20 11 drone
723 1 893 469 21 12 drone
724 1 893 469 22 12 drone
725 1 892 468 20 11 drone
726 1 892 467 21 12 drone
727 1 893 469 21 12 drone
728 1 893 472 19 11 drone
729 1 893 473 20 11 drone
730 1 893 471 20 11 drone
731 1 893 467 21 12 drone
732 1 893 468 21 12 drone
733 1 894 470 19 10 drone
734 1 894 470 19 11 drone
735 1 894 467 20 11 drone
736 1 894 467 19 11 drone
737 1 894 467 19 11 drone
738 1 893 468 19 11 drone
739 1 894 469 20 11 drone
740 1 893 467 20 11 drone
741 1 893 463 20 11 drone
742 1 893 462 19 11 drone
743 1 893 465 18 10 drone
744 1 894 469 18 10 drone
745 1 894 469 19 11 drone
746 1 893 464 20 11 drone
747 1 894 463 19 11 drone
748 1 893 465 19 11 drone
749 1 893 466 19 11 drone
750 1 892 464 20 11 drone
751 1 893 463 19 11 drone
752 1 893 461 19 11 drone
753 1 893 462 19 11 drone
754 1 894 465 19 11 drone
755 1 893 465 20 11 drone
756 1 893 463 20 11 drone
757 1 892 461 20 11 drone
758 1 892 461 21 12 drone
759 1 892 464 20 11 drone
760 1 892 465 19 10 drone
761 1 893 463 19 11 drone
762 1 893 462 19 11 drone
763 1 892 462 20 11 drone
764 1 892 463 19 11 drone
765 1 892 463 20 11 drone
766 1 892 462 20 11 drone
767 1 892 461 20 11 drone
768 1 892 463 20 11 drone
769 1 892 464 19 11 drone
770 1 890 463 20 11 drone
771 1 892 461 19 11 drone
772 1 892 459 19 11 drone
773 1 893 462 18 10 drone
774 1 892 465 18 10 drone
775 1 891 466 20 11 drone
776 1 891 464 19 11 drone
777 1 893 463 18 10 drone
778 1 892 463 21 12 drone
779 1 892 465 20 11 drone
780 1 893 468 18 10 drone
781 1 892 465 19 11 drone
782 1 892 461 19 11 drone
783 1 895 463 18 10 drone
784 1 892 468 18 10 drone
785 1 893 469 18 10 drone
786 1 893 468 18 10 drone
787 1 893 463 18 10 drone
788 1 891 461 18 10 drone
789 1 892 467 18 10 drone
790 1 891 473 18 10 drone
791 1 891 472 19 10 drone
792 1 892 467 18 10 drone
793 1 891 465 18 10 drone
794 1 893 470 18 10 drone
795 1 892 479 18 10 drone
796 1 891 482 18 10 drone
797 1 892 480 19 11 drone
798 1 893 477 18 10 drone
799 1 892 477 18 10 drone
800 1 890 478 20 11 drone
801 1 891 483 18 10 drone
802 1 890 486 19 11 drone
803 1 891 485 18 10 drone
804 1 889 482 19 11 drone
805 1 891 481 19 11 drone
806 1 891 481 19 10 drone
807 1 891 486 18 10 drone
808 1 890 488 19 11 drone
809 1 890 487 19 11 drone
810 1 889 482 20 11 drone
811 1 889 480 20 11 drone
812 1 887 483 21 11 drone
813 1 887 488 22 12 drone
814 1 888 488 21 12 drone
815 1 886 485 21 12 drone
816 1 887 484 21 12 drone
817 1 887 487 20 11 drone
818 1 888 493 20 11 drone
819 1 888 492 21 12 drone
820 1 886 487 21 12 drone
821 1 888 485 22 12 drone
822 1 888 490 20 11 drone
823 1 885 496 23 13 drone
824 1 889 499 21 12 drone
825 1 888 492 21 12 drone
826 1 889 487 24 14 drone
827 1 886 488 21 12 drone
828 1 886 496 21 12 drone
829 1 890 501 19 11 drone
830 1 889 493 19 10 drone
831 1 890 491 20 11 drone
832 1 886 492 20 11 drone
833 1 888 498 19 11 drone
834 1 889 501 20 11 drone
835 1 892 497 18 10 drone
836 1 887 494 22 13 drone
837 1 886 498 21 12 drone
838 1 885 503 21 12 drone
839 1 890 507 21 12 drone
840 1 893 506 21 12 drone
841 1 887 503 19 11 drone
842 1 885 493 21 12 drone
843 1 886 493 22 12 drone
844 1 889 506 19 11 drone
845 1 886 515 19 11 drone
846 1 883 512 20 11 drone
847 1 885 494 20 11 drone
848 1 889 483 20 11 drone
849 1 887 488 19 11 drone
850 1 885 501 20 11 drone
851 1 888 507 21 12 drone
852 1 889 498 19 10 drone
853 1 887 491 19 10 drone
854 1 885 494 20 11 drone
855 1 886 500 20 11 drone
856 1 887 501 20 11 drone
857 1 889 500 20 11 drone
858 1 886 495 20 11 drone
859 1 885 497 21 12 drone
860 1 885 503 19 11 drone
861 1 887 505 21 12 drone
862 1 885 505 21 12 drone
863 1 885 500 21 12 drone
864 1 886 493 19 11 drone
865 1 885 491 21 12 drone
866 1 883 500 21 12 drone
867 1 883 507 20 11 drone
868 1 887 505 19 11 drone
869 1 887 498 20 11 drone
870 1 885 497 21 12 drone
871 1 885 503 19 10 drone
872 1 885 508 19 11 drone
873 1 885 507 21 12 drone
874 1 886 503 22 12 drone
875 1 885 503 20 11 drone
876 1 885 507 20 11 drone
877 1 885 510 20 11 drone
878 1 885 509 21 12 drone
879 1 885 508 20 11 drone
880 1 885 511 20 11 drone
881 1 885 515 20 11 drone
882 1 885 512 20 11 drone
883 1 886 511 19 11 drone
884 1 885 510 20 11 drone
885 1 886 509 20 11 drone
886 1 884 506 21 12 drone
887 1 883 506 22 12 drone
888 1 885 506 20 11 drone
889 1 885 509 20 11 drone
890 1 885 517 20 11 drone
891 1 885 519 19 11 drone
892 1 886 513 20 11 drone
893 1 884 508 20 11 drone
894 1 884 511 20 11 drone
895 1 884 519 23 13 drone
896 1 886 521 21 12 drone
897 1 885 514 22 12 drone
898 1 884 510 20 11 drone
899 1 884 510 22 12 drone
900 1 887 517 20 11 drone
901 1 886 522 19 11 drone
902 1 885 517 21 12 drone
903 1 886 511 22 12 drone
904 1 887 517 21 12 drone
905 1 883 522 22 13 drone
906 1 885 526 20 11 drone
907 1 884 519 20 11 drone
908 1 884 512 20 11 drone
909 1 885 513 21 12 drone
910 1 885 516 21 12 drone
911 1 884 513 22 12 drone
912 1 885 504 21 12 drone
913 1 885 504 22 13 drone
914 1 886 511 20 11 drone
915 1 885 513 21 12 drone
916 1 887 508 19 10 drone
917 1 887 504 20 11 drone
918 1 885 510 20 11 drone
919 1 887 520 19 10 drone
920 1 886 515 19 11 drone
921 1 886 505 20 11 drone
922 1 884 498 21 12 drone
923 1 887 503 19 10 drone
924 1 886 508 20 11 drone
925 1 886 508 20 11 drone
926 1 886 506 19 11 drone
927 1 886 501 20 11 drone
928 1 887 503 20 11 drone
929 1 889 505 19 11 drone
930 1 886 504 22 12 drone
931 1 886 500 19 10 drone
932 1 887 498 19 11 drone
933 1 888 501 19 11 drone
934 1 887 504 19 11 drone
935 1 887 504 19 11 drone
936 1 888 502 19 10 drone
937 1 888 498 19 11 drone
938 1 887 498 19 11 drone
939 1 886 498 20 11 drone
940 1 886 500 21 12 drone
941 1 887 501 21 12 drone
942 1 887 503 20 11 drone
943 1 886 503 22 13 drone
944 1 886 503 21 12 drone
945 1 887 503 21 12 drone
946 1 888 505 20 11 drone
947 1 888 511 18 10 drone
948 1 888 511 19 11 drone
949 1 888 511 19 11 drone
950 1 888 510 20 11 drone
951 1 888 511 20 11 drone
952 1 888 512 20 11 drone
953 1 889 514 19 10 drone
954 1 889 514 20 11 drone
955 1 884 524 20 11 drone
956 1 882 526 19 10 drone
957 1 878 529 19 11 drone
958 1 873 531 19 10 drone
959 1 867 536 19 11 drone
960 1 863 538 18 10 drone
961 1 855 540 18 10 drone
962 1 843 543 18 10 drone
963 1 833 547 18 10 drone
964 1 828 556 20 11 drone
965 1 821 563 23 10 drone
966 1 819 557 23 10 drone
967 1 818 550 23 10 drone
968 1 815 554 23 10 drone
969 1 812 570 23 10 drone
970 1 811 576 23 10 drone
971 1 811 572 23 10 drone
972 1 809 565 23 10 drone
973 1 809 568 23 10 drone
974 1 811 579 23 10 drone
975 1 807 585 23 10 drone
976 1 807 580 23 10 drone
977 1 806 573 23 10 drone
978 1 806 574 23 10 drone
979 1 806 584 23 10 drone
980 1 805 590 23 10 drone
981 1 804 589 23 10 drone
982 1 804 583 23 10 drone
983 1 804 582 23 10 drone
984 1 802 588 23 10 drone
985 1 803 597 23 10 drone
986 1 803 601 23 10 drone
987 1 802 598 23 10 drone
988 1 804 593 23 10 drone
989 1 802 595 23 10 drone
990 1 801 603 23 10 drone
991 1 801 608 23 10 drone
992 1 801 610 23 10 drone
993 1 801 609 23 10 drone
994 1 801 610 23 10 drone
995 1 801 615 23 10 drone
996 1 801 620 23 10 drone
997 1 800 623 23 10 drone
998 1 800 624 23 10 drone
999 1 799 627 23 10 drone
1000 1 800 631 23 10 drone
1001 1 802 634 23 10 drone
1002 1 804 635 23 10 drone
1003 1 806 632 23 10 drone
1004 1 805 636 23 10 drone
1005 1 806 640 23 10 drone
1006 1 816 636 23 10 drone
1007 1 817 638 23 10 drone
1008 1 819 637 23 10 drone
1009 1 818 640 23 10 drone
1010 1 815 644 23 10 drone
1011 1 815 645 23 10 drone
1012 1 817 645 23 10 drone
1013 1 817 647 23 10 drone
1014 1 817 653 23 10 drone
1015 1 814 657 23 10 drone
1016 1 816 660 23 10 drone
1017 1 818 660 23 10 drone
1018 1 818 662 23 10 drone
1019 1 817 665 23 10 drone
1020 1 817 670 23 10 drone
1021 1 817 673 23 10 drone
1022 1 818 676 23 10 drone
1023 1 817 680 23 10 drone
1024 1 818 682 23 10 drone
1025 1 820 684 23 10 drone
1026 1 820 687 23 10 drone
1027 1 820 689 23 10 drone
1028 1 819 695 23 10 drone
1029 1 819 700 23 10 drone
1030 1 819 700 23 10 drone
1031 1 818 697 23 10 drone
1032 1 819 696 23 10 drone
1033 1 820 701 23 10 drone
1034 1 820 711 23 10 drone
1035 1 819 718 23 10 drone
1036 1 817 718 23 10 drone
1037 1 819 714 23 10 drone
1038 1 818 714 23 10 drone
1039 1 820 719 23 10 drone
1040 1 818 727 23 10 drone
1041 1 818 731 23 10 drone
1042 1 818 727 23 10 drone
1043 1 819 725 23 10 drone
1044 1 819 727 23 10 drone
1045 1 822 733 23 10 drone
1046 1 822 736 24 10 drone
1047 1 823 736 23 10 drone
1048 1 824 732 23 10 drone
1049 1 822 734 23 10 drone
1050 1 819 741 25 11 drone
1051 1 819 746 26 11 drone
1052 1 823 748 23 10 drone
1053 1 823 748 23 10 drone
1054 1 824 751 23 10 drone
1055 1 821 757 26 11 drone
1056 1 822 761 25 11 drone
1057 1 822 763 23 10 drone
1058 1 822 764 23 10 drone
1059 1 822 767 23 10 drone
1060 1 824 774 23 10 drone
1061 1 822 779 23 10 drone
1062 1 822 781 23 10 drone
1063 1 822 785 23 10 drone
1064 1 821 790 23 10 drone
1065 1 822 797 23 10 drone
1066 1 821 801 23 10 drone
1067 1 822 804 23 10 drone
1068 1 821 807 23 10 drone
1069 1 824 814 23 10 drone
1070 1 824 825 23 10 drone
1071 1 824 830 23 10 drone
1072 1 822 833 23 10 drone
1073 1 821 836 23 10 drone
1074 1 821 841 23 10 drone
1075 1 823 848 23 10 drone
1076 1 823 855 23 10 drone
1077 1 823 860 23 10 drone
1078 1 823 863 23 10 drone
1079 1 824 867 23 10 drone
1080 1 825 873 23 10 drone
1081 1 823 878 23 10 drone
1082 1 823 881 23 10 drone
1083 1 824 884 23 10 drone
1084 1 824 888 23 10 drone
1085 1 824 892 23 10 drone
1086 1 824 895 23 10 drone
1087 1 824 897 23 10 drone
1088 1 825 900 23 10 drone
1089 1 824 906 23 10 drone
1090 1 824 909 23 10 drone
1091 1 825 910 23 10 drone
1092 1 827 910 23 10 drone
1093 1 825 910 23 10 drone
1094 1 824 916 24 10 drone
1095 1 826 921 23 10 drone
1096 1 827 923 23 10 drone
1097 1 827 920 23 10 drone
1098 1 828 916 23 10 drone
1099 1 829 919 23 10 drone
1100 1 828 926 23 10 drone
1101 1 833 930 23 10 drone
1102 1 830 930 23 10 drone
1103 1 829 927 23 10 drone
1104 1 830 917 23 10 drone
1105 1 831 827 20 12 drone
1106 1 833 663 20 12 drone
1107 1 831 561 19 13 drone
1108 1 833 485 19 13 drone
1109 1 833 485 19 13 drone
1110 1 834 489 18 13 drone
1111 1 833 491 19 13 drone
1112 1 833 490 19 13 drone
1113 1 833 488 18 12 drone
1114 1 832 488 19 13 drone
1115 1 833 491 18 12 drone
1116 1 835 495 19 13 drone
1117 1 832 496 20 14 drone
1118 1 832 496 21 14 drone
1119 1 833 496 20 14 drone
1120 1 832 496 21 14 drone
1121 1 833 501 18 12 drone
1122 1 832 502 19 13 drone
1123 1 832 502 20 13 drone
1124 1 832 499 21 14 drone
1125 1 832 499 20 13 drone
1126 1 830 503 21 14 drone
1127 1 831 504 21 14 drone
1128 1 832 507 18 13 drone
1129 1 831 507 18 13 drone
1130 1 831 507 19 13 drone
1131 1 832 507 19 13 drone
1132 1 832 507 20 13 drone
1133 1 832 508 20 14 drone
1134 1 831 508 20 13 drone
1135 1 831 511 18 12 drone
1136 1 831 513 18 12 drone
1137 1 830 514 19 13 drone
1138 1 830 514 20 14 drone
1139 1 829 513 21 14 drone
1140 1 829 514 21 14 drone
1141 1 828 516 19 13 drone
1142 1 829 517 20 13 drone
1143 1 829 517 19 13 drone
1144 1 829 517 19 13 drone
1145 1 829 519 18 13 drone
1146 1 830 522 17 12 drone
1147 1 830 523 17 12 drone
1148 1 829 523 18 12 drone
1149 1 829 523 18 12 drone
1150 1 829 525 18 13 drone
1151 1 828 527 19 13 drone
1152 1 828 529 20 14 drone
1153 1 828 529 18 12 drone
1154 1 829 531 18 12 drone
1155 1 827 532 18 13 drone
1156 1 828 534 19 13 drone
1157 1 827 535 19 13 drone
1158 1 827 535 18 12 drone
1159 1 829 536 18 12 drone
1160 1 828 537 18 12 drone
1161 1 828 538 18 12 drone
1162 1 827 537 19 13 drone
1163 1 827 537 19 13 drone
1164 1 827 541 18 12 drone
1165 1 827 543 18 12 drone
1166 1 826 542 19 13 drone
1167 1 828 539 18 13 drone
1168 1 827 539 19 13 drone
1169 1 829 543 17 12 drone
1170 1 829 548 17 12 drone
1171 1 829 550 16 11 drone
1172 1 828 548 17 11 drone
1173 1 830 544 15 10 drone
1174 1 829 544 16 11 drone
1175 1 830 549 16 11 drone
1176 1 831 555 17 11 drone
1177 1 829 555 17 12 drone
1178 1 828 551 19 13 drone
1179 1 828 549 19 13 drone
1180 1 829 552 18 12 drone
1181 1 828 556 18 13 drone
1182 1 828 557 19 13 drone
1183 1 828 555 19 13 drone
1184 1 828 554 18 12 drone
1185 1 828 556 19 13 drone
1186 1 828 560 18 12 drone
1187 1 827 560 19 13 drone
1188 1 827 559 19 13 drone
1189 1 828 558 19 13 drone
1190 1 829 562 17 12 drone
1191 1 828 565 19 13 drone
1192 1 827 567 18 13 drone
1193 1 828 565 18 12 drone
1194 1 828 563 18 13 drone
1195 1 829 563 17 12 drone
1196 1 830 569 16 11 drone
1197 1 829 574 17 11 drone
1198 1 829 575 17 12 drone
1199 1 829 574 18 12 drone
1200 1 828 573 17 11 drone
1201 1 828 573 17 11 drone
1202 1 829 572 17 11 drone
1203 1 828 573 16 11 drone
1204 1 828 573 18 13 drone
1205 1 828 574 18 13 drone
1206 1 827 575 18 12 drone
1207 1 828 575 18 13 drone
1208 1 829 577 18 12 drone
1209 1 829 579 19 13 drone
1210 1 830 582 18 12 drone
1211 1 830 582 17 12 drone
1212 1 830 583 18 12 drone
1213 1 829 585 18 12 drone
1214 1 829 584 18 12 drone
1215 1 828 584 18 13 drone
1216 1 826 588 18 12 drone
1217 1 826 591 19 13 drone
1218 1 824 590 19 13 drone
1219 1 825 590 17 12 drone
1220 1 824 594 18 12 drone
1221 1 822 595 19 13 drone
1222 1 823 592 19 13 drone
1223 1 825 586 18 12 drone
1224 1 825 589 19 13 drone
1225 1 824 595 20 13 drone
1226 1 824 599 19 13 drone
1227 1 824 597 19 13 drone
1228 1 825 592 18 12 drone
1229 1 824 593 19 13 drone
1230 1 824 601 19 13 drone
1231 1 824 604 19 13 drone
1232 1 824 603 18 12 drone
1233 1 824 599 19 13 drone
1234 1 825 601 18 12 drone
1235 1 825 606 17 12 drone
1236 1 823 607 19 13 drone
1237 1 823 606 19 13 drone
1238 1 824 603 17 12 drone
1239 1 823 606 19 13 drone
1240 1 823 614 18 12 drone
1241 1 823 617 17 12 drone
1242 1 823 610 18 13 drone
1243 1 822 602 20 14 drone
1244 1 823 603 18 12 drone
1245 1 822 616 18 12 drone
1246 1 823 621 19 13 drone
1247 1 823 614 20 13 drone
1248 1 823 605 20 13 drone
1249 1 823 607 20 13 drone
1250 1 823 621 18 12 drone
1251 1 824 630 17 11 drone
1252 1 822 625 17 11 drone
1253 1 822 611 20 13 drone
1254 1 821 608 19 13 drone
1255 1 824 618 17 11 drone
1256 1 824 629 19 13 drone
1257 1 823 631 19 13 drone
1258 1 819 620 20 12 drone
1259 1 820 614 23 14 drone
1260 1 819 624 25 15 drone
1261 1 821 640 21 13 drone
1262 1 820 639 24 15 drone
1263 1 821 627 22 13 drone
1264 1 821 617 24 15 drone
1265 1 820 622 24 15 drone
1266 1 819 638 24 15 drone
1267 1 819 646 26 16 drone
1268 1 820 640 25 15 drone
1269 1 820 628 24 14 drone
1270 1 818 624 24 15 drone
1271 1 817 636 27 16 drone
1272 1 822 653 25 15 drone
1273 1 820 655 26 16 drone
1274 1 821 644 25 15 drone
1275 1 820 633 25 15 drone
1276 1 819 635 25 15 drone
1277 1 821 646 24 15 drone
1278 1 819 652 24 14 drone
1279 1 819 652 24 15 drone
1280 1 819 645 23 14 drone
1281 1 818 642 24 14 drone
1282 1 818 642 24 15 drone
1283 1 818 645 25 15 drone
1284 1 818 648 26 16 drone
1285 1 818 649 25 15 drone
1286 1 819 649 25 15 drone
1287 1 817 654 24 14 drone
1288 1 817 657 23 14 drone
1289 1 818 656 25 15 drone
1290 1 817 651 25 15 drone
1291 1 816 646 23 14 drone
1292 1 815 647 26 16 drone
1293 1 818 656 23 14 drone
1294 1 818 667 25 15 drone
1295 1 819 673 24 14 drone
1296 1 816 666 25 15 drone
1297 1 816 660 25 15 drone
1298 1 818 659 26 15 drone
1299 1 819 670 24 14 drone
1300 1 815 677 24 15 drone
1301 1 817 670 24 14 drone
1302 1 817 656 24 15 drone
1303 1 817 651 24 14 drone
1304 1 816 660 24 14 drone
1305 1 818 672 23 14 drone
1306 1 817 677 23 14 drone
1307 1 815 668 25 15 drone
1308 1 815 658 25 15 drone
1309 1 816 657 26 15 drone
1310 1 815 665 24 15 drone
1311 1 815 674 24 14 drone
1312 1 815 674 25 15 drone
1313 1 816 669 25 15 drone
1314 1 817 663 26 15 drone
1315 1 815 665 26 15 drone
1316 1 814 674 25 15 drone
1317 1 815 678 24 14 drone
1318 1 814 676 25 15 drone
1319 1 814 672 27 16 drone
1320 1 816 671 25 15 drone
1321 1 815 674 24 15 drone
1322 1 814 676 26 16 drone
1323 1 815 676 25 15 drone
1324 1 818 680 24 14 drone
1325 1 814 683 25 15 drone
1326 1 808 686 27 16 drone
1327 1 808 688 27 16 drone
1328 1 807 690 26 16 drone
1329 1 807 693 26 16 drone
1330 1 807 698 27 16 drone
1331 1 807 699 26 16 drone
1332 1 806 698 28 17 drone
1333 1 808 692 25 15 drone
1334 1 808 692 25 15 drone
1335 1 807 697 26 16 drone
1336 1 806 702 25 15 drone
1337 1 806 702 27 16 drone
1338 1 807 702 25 15 drone
1339 1 808 701 26 15 drone
1340 1 808 699 25 15 drone
1341 1 807 703 25 15 drone
1342 1 808 702 22 13 drone
1343 1 808 701 23 14 drone
1344 1 808 701 23 14 drone
1345 1 808 705 24 15 drone
1346 1 808 706 24 15 drone
1347 1 808 704 24 15 drone
1348 1 805 702 26 15 drone
1349 1 807 702 24 14 drone
1350 1 809 704 25 15 drone
1351 1 808 711 24 15 drone
1352 1 807 710 25 15 drone
1353 1 807 707 24 14 drone
1354 1 807 706 23 14 drone
1355 1 807 710 26 15 drone
1356 1 806 721 24 14 drone
1357 1 805 720 24 15 drone
1358 1 805 710 24 15 drone
1359 1 806 703 24 14 drone
1360 1 806 714 23 14 drone
1361 1 806 727 22 13 drone
1362 1 805 729 25 15 drone
1363 1 806 718 23 14 drone
1364 1 804 707 25 15 drone
1365 1 803 707 25 15 drone
1366 1 805 715 25 15 drone
1367 1 808 724 24 14 drone
1368 1 803 726 24 14 drone
1369 1 803 720 25 15 drone
1370 1 806 710 24 14 drone
1371 1 805 712 25 15 drone
1372 1 804 724 24 14 drone
1373 1 805 735 25 15 drone
1374 1 805 734 25 15 drone
1375 1 805 726 23 14 drone
1376 1 804 723 23 14 drone
1377 1 805 730 22 13 drone
1378 1 806 739 22 13 drone
1379 1 805 709 23 13 drone
1380 1 804 406 23 13 drone
1381 1 804 172 23 13 drone
1382 1 805 -2 23 13 drone
1383 0
1384 0
1385 0
1386 0
1387 0
1388 0
1389 0
1390 0
1391 0
1392 0
1393 0
1394 0
1395 0
1396 0
1397 0
1398 0
1399 0
1400 0
1401 0
1402 0
1403 0
1404 0
1405 0
1406 0
1407 0
1408 0
1409 0
1410 0
1411 0
1412 0
1413 0
1414 0
1415 0
1416 0
1417 0
1418 0
1419 0
1420 0
1421 0
1422 0
1423 0
1424 0
1425 0
1426 0
1427 0
1428 0
1429 0
1430 0
1431 0
1432 0
1433 0
1434 0
1435 0
1436 0
1437 0
1438 0
1439 0
1440 0
1441 0
1442 0
1443 0
1444 1 802 197 23 12 drone
1445 1 802 390 24 14 drone
1446 1 801 599 21 12 drone
1447 1 799 791 23 12 drone
1448 1 800 828 24 14 drone
1449 1 801 825 23 14 drone
1450 1 801 822 23 13 drone
1451 1 800 820 25 14 drone
1452 1 798 820 26 15 drone
1453 1 799 824 24 14 drone
1454 1 801 827 25 14 drone
1455 1 799 831 24 14 drone
1456 1 799 830 25 15 drone
1457 1 799 826 25 15 drone
1458 1 799 826 26 15 drone
1459 1 799 829 24 14 drone
1460 1 800 830 24 14 drone
1461 1 800 828 26 15 drone
1462 1 800 827 26 15 drone
1463 1 799 829 26 15 drone
1464 1 799 832 25 14 drone
1465 1 801 835 25 15 drone
1466 1 801 834 25 15 drone
1467 1 800 831 26 15 drone
1468 1 799 828 27 16 drone
1469 1 798 829 27 16 drone
1470 1 800 833 24 14 drone
1471 1 800 833 25 15 drone
1472 1 800 834 26 15 drone
1473 1 800 837 26 15 drone
1474 1 799 841 28 16 drone
1475 1 798 843 28 16 drone
1476 1 799 840 28 16 drone
1477 1 799 834 27 16 drone
1478 1 799 831 27 16 drone
1479 1 799 834 27 16 drone
1480 1 800 842 26 15 drone
1481 1 800 842 27 16 drone
1482 1 800 834 26 15 drone
1483 1 800 831 27 16 drone
1484 1 801 837 26 15 drone
1485 1 799 842 27 16 drone
1486 1 801 840 24 14 drone
1487 1 801 834 24 14 drone
1488 1 800 834 27 16 drone
1489 1 800 841 27 16 drone
1490 1 800 843 27 16 drone
1491 1 802 841 25 15 drone
1492 1 800 837 25 14 drone
1493 1 799 836 27 16 drone
1494 1 800 842 26 15 drone
1495 1 799 846 26 15 drone
1496 1 801 843 27 16 drone
1497 1 801 842 25 14 drone
1498 1 799 845 28 16 drone
1499 1 797 850 28 17 drone
1500 1 799 854 26 15 drone
1501 1 802 854 23 13 drone
1502 1 801 847 24 14 drone
1503 1 801 848 24 14 drone
1504 1 800 852 24 14 drone
1505 1 803 856 23 13 drone
1506 1 801 857 24 14 drone
1507 1 801 855 25 14 drone
1508 1 801 855 25 14 drone
1509 1 800 855 25 14 drone
1510 1 800 854 25 14 drone
1511 1 798 857 26 15 drone
1512 1 801 858 25 15 drone
1513 1 801 850 24 14 drone
1514 1 801 846 23 13 drone
1515 1 800 851 24 14 drone
1516 1 800 861 26 15 drone
1517 1 802 865 24 14 drone
1518 1 802 860 22 13 drone
1519 1 801 856 24 14 drone
1520 1 800 860 25 15 drone
1521 1 799 864 26 15 drone
1522 1 800 862 22 13 drone
1523 1 800 852 22 13 drone
1524 1 799 852 24 14 drone
1525 1 800 858 24 14 drone
