0 1 708 754 48 30 drone
1 1 694 753 48 30 drone
2 1 678 752 48 30 drone
3 1 665 752 46 29 drone
4 1 650 753 46 29 drone
5 1 636 755 46 29 drone
6 1 620 755 46 29 drone
7 1 612 757 46 29 drone
8 1 603 754 46 29 drone
9 1 627 754 48 30 drone
10 1 687 757 48 30 drone
11 1 701 758 48 30 drone
12 1 750 759 48 30 drone
13 1 836 760 48 30 drone
14 1 896 758 48 30 drone
15 1 946 760 48 30 drone
16 1 1006 762 48 30 drone
17 1 1063 763 48 30 drone
18 1 1112 762 48 30 drone
19 1 1163 762 48 30 drone
20 1 1217 763 48 30 drone
21 1 1265 764 48 30 drone
22 1 1289 764 50 31 drone
23 1 1312 766 49 30 drone
24 1 1345 766 47 30 drone
25 1 1377 765 48 30 drone
26 1 1405 765 49 30 drone
27 1 1404 767 47 29 drone
28 1 1391 769 47 29 drone
29 1 1376 768 47 30 drone
30 1 1362 769 46 29 drone
31 1 1347 768 47 29 drone
32 1 1332 770 47 30 drone
33 1 1318 771 48 30 drone
34 1 1304 772 48 30 drone
35 1 1288 771 48 30 drone
36 1 1275 772 47 29 drone
37 1 1261 773 47 30 drone
38 1 1246 775 47 29 drone
39 1 1232 777 46 29 drone
40 1 1217 776 46 29 drone
41 1 1203 777 46 29 drone
42 1 1189 777 46 28 drone
43 1 1174 776 46 29 drone
44 1 1158 776 48 30 drone
45 1 1144 776 47 29 drone
46 1 1130 772 46 29 drone
47 1 1116 749 44 28 drone
48 1 1101 716 44 28 drone
49 1 1087 691 44 28 drone
50 1 1072 669 45 28 drone
51 1 1058 649 44 28 drone
52 1 1044 644 44 28 drone
53 1 1030 644 44 28 drone
54 1 1015 646 44 28 drone
55 1 1003 647 43 27 drone
56 1 988 647 43 27 drone
57 1 973 648 43 28 drone
58 1 959 649 43 27 drone
59 1 944 648 44 28 drone
60 1 930 648 43 27 drone
61 1 915 649 44 28 drone
62 1 902 652 44 28 drone
63 1 887 653 44 28 drone
64 1 873 651 47 32 drone
65 1 859 649 47 32 drone
66 1 845 651 46 32 drone
67 1 831 656 46 31 drone
68 1 818 659 46 31 drone
69 1 803 659 46 31 drone
70 1 789 657 46 32 drone
71 1 775 656 47 32 drone
72 1 761 660 46 31 drone
73 1 747 662 46 31 drone
74 1 733 663 45 31 drone
75 1 718 663 46 31 drone
76 1 717 664 46 31 drone
77 1 798 664 46 31 drone
78 1 950 664 46 31 drone
79 1 993 665 46 31 drone
80 1 1033 665 46 31 drone
81 1 1124 665 46 31 drone
82 1 1212 667 46 31 drone
83 1 1276 665 46 31 drone
84 1 1349 667 46 31 drone
85 1 1429 667 46 31 drone
86 1 1505 669 46 31 drone
87 1 1573 670 46 31 drone
88 1 1650 670 46 31 drone
89 1 1723 672 46 31 drone
90 1 1792 672 46 31 drone
91 1 1834 674 46 31 drone
92 1 1859 673 46 31 drone
93 0
94 0
95 0
96 0
97 0
98 0
99 0
100 0
101 0
102 0
103 0
104 0
105 0
106 0
107 0
108 0
109 0
110 1 1863 684 47 32 drone
111 1 1850 686 46 32 drone
112 1 1837 688 45 31 drone
113 1 1823 689 51 31 drone
114 1 1810 690 52 31 drone
115 1 1796 690 51 31 drone
116 1 1782 689 51 31 drone
117 1 1769 693 50 30 drone
118 1 1757 696 47 28 drone
119 1 1743 697 47 28 drone
120 1 1729 698 47 29 drone
121 1 1716 701 46 28 drone
122 1 1703 702 47 29 drone
123 1 1689 699 45 27 drone
124 1 1675 695 46 28 drone
125 1 1648 704 46 28 drone
126 1 1634 710 46 28 drone
127 1 1621 709 48 29 drone
128 1 1607 706 47 28 drone
129 1 1594 704 45 28 drone
130 1 1582 704 44 27 drone
131 1 1568 708 44 27 drone
132 1 1555 712 43 26 drone
133 1 1541 712 42 26 drone
134 1 1527 709 41 25 drone
135 1 1514 707 41 25 drone
136 1 1501 711 41 25 drone
137 1 1488 717 41 25 drone
138 1 1471 715 45 27 drone
139 1 1458 712 44 27 drone
140 1 1444 710 43 26 drone
141 1 1431 714 44 27 drone
142 1 1416 720 45 27 drone
143 1 1403 718 45 27 drone
144 1 1388 674 45 27 drone
145 1 1376 600 45 27 drone
146 1 1361 542 45 27 drone
147 1 1351 495 45 27 drone
148 1 1335 453 45 27 drone
149 1 1321 445 45 27 drone
150 1 1307 440 45 27 drone
151 1 1293 440 46 27 drone
152 1 1280 444 44 27 drone
153 1 1266 447 46 28 drone
154 1 1252 446 46 27 drone
155 1 1237 442 46 28 drone
156 1 1224 441 45 27 drone
157 1 1211 445 46 28 drone
158 1 1197 449 47 28 drone
159 1 1183 450 47 28 drone
160 1 1170 447 46 27 drone
161 1 1156 445 46 28 drone
162 1 1143 446 45 27 drone
163 1 1129 451 45 27 drone
164 1 1114 453 47 28 drone
165 1 1102 454 44 27 drone
166 1 1088 451 45 27 drone
167 1 1075 452 45 27 drone
168 1 1061 454 45 27 drone
169 1 1048 457 44 27 drone
170 1 1033 456 45 27 drone
171 1 1020 454 45 27 drone
172 1 1006 453 45 27 drone
173 1 993 457 45 27 drone
174 1 980 461 45 27 drone
175 1 966 461 46 27 drone
176 1 953 458 44 26 drone
177 1 939 457 44 27 drone
178 1 928 460 44 26 drone
179 1 919 465 44 26 drone
180 1 912 467 45 27 drone
181 1 922 464 44 27 drone
182 1 984 466 44 27 drone
183 1 1023 465 44 27 drone
184 1 1043 467 46 28 drone
185 1 1088 469 46 28 drone
186 1 1142 470 46 28 drone
187 1 1185 468 46 28 drone
188 1 1225 467 46 28 drone
189 1 1272 467 46 28 drone
190 1 1326 471 46 28 drone
191 1 1379 474 45 27 drone
192 1 1422 474 45 28 drone
193 1 1470 472 45 28 drone
194 1 1514 473 45 28 drone
195 1 1549 475 44 28 drone
196 1 1584 477 42 26 drone
197 1 1624 479 42 26 drone
198 1 1663 477 42 26 drone
199 1 1705 475 42 26 drone
200 1 1706 476 42 26 drone
201 1 1695 478 42 26 drone
202 1 1681 481 41 25 drone
203 1 1668 483 41 25 drone
204 1 1653 484 43 27 drone
205 1 1641 485 40 25 drone
206 1 1629 484 40 25 drone
207 1 1615 484 39 24 drone
208 1 1601 485 39 24 drone
209 1 1587 486 40 25 drone
210 1 1575 486 41 25 drone
211 1 1562 486 39 24 drone
212 1 1549 487 39 24 drone
213 1 1535 489 39 24 drone
214 1 1522 491 41 25 drone
215 1 1509 493 41 25 drone
216 1 1497 495 39 24 drone
217 1 1484 495 40 25 drone
218 1 1470 493 40 25 drone
219 1 1458 493 37 23 drone
220 1 1444 491 39 24 drone
221 1 1433 494 37 23 drone
222 1 1420 498 37 23 drone
223 1 1407 501 38 23 drone
224 1 1394 501 37 23 drone
225 1 1381 499 37 23 drone
226 1 1366 497 36 22 drone
227 1 1354 497 38 23 drone
228 1 1340 500 40 25 drone
229 1 1331 502 39 25 drone
230 1 1321 501 41 26 drone
231 1 1327 500 41 26 drone
232 1 1383 499 41 26 drone
233 1 1426 503 41 26 drone
234 1 1433 507 40 25 drone
235 1 1466 507 39 25 drone
236 1 1531 501 39 25 drone
237 1 1571 496 39 25 drone
238 1 1600 499 40 26 drone
239 1 1644 509 41 24 drone
240 1 1697 511 41 24 drone
241 1 1740 508 40 26 drone
242 1 1773 502 44 29 drone
243 1 1821 503 44 29 drone
244 1 1870 513 44 29 drone
245 0
246 0
247 0
248 0
249 1 1871 513 38 31 drone
250 1 1858 519 41 33 drone
251 1 1847 519 39 32 drone
252 1 1831 514 42 34 drone
253 1 1817 514 37 30 drone
254 1 1804 520 35 29 drone
255 1 1794 527 38 31 drone
256 1 1779 526 40 33 drone
257 1 1764 523 38 31 drone
258 1 1751 516 39 32 drone
259 1 1737 514 38 31 drone
260 1 1725 523 37 30 drone
261 1 1712 530 40 32 drone
262 1 1699 531 36 30 drone
263 1 1685 526 37 30 drone
264 1 1673 524 38 31 drone
265 1 1661 533 35 29 drone
266 1 1647 536 37 30 drone
267 1 1634 532 39 32 drone
268 1 1622 527 38 31 drone
269 1 1607 526 39 32 drone
270 1 1594 529 41 34 drone
271 1 1582 536 37 30 drone
272 1 1570 535 39 32 drone
273 1 1557 534 37 30 drone
274 1 1543 531 38 31 drone
275 1 1534 536 34 28 drone
276 1 1521 541 33 27 drone
277 1 1509 542 34 28 drone
278 1 1496 540 34 28 drone
279 1 1480 539 41 24 drone
280 1 1466 539 42 25 drone
281 1 1455 544 42 24 drone
282 1 1441 548 43 25 drone
283 1 1429 547 43 25 drone
284 1 1417 545 40 24 drone
285 1 1404 545 43 25 drone
286 1 1392 548 41 24 drone
287 1 1378 551 44 26 drone
288 1 1366 550 43 25 drone
289 1 1353 549 42 24 drone
290 1 1339 548 43 25 drone
291 1 1326 550 43 25 drone
292 1 1315 552 43 25 drone
293 1 1301 553 45 26 drone
294 1 1288 554 43 25 drone
295 1 1275 554 41 24 drone
296 1 1263 555 41 24 drone
297 1 1249 557 44 26 drone
298 1 1237 560 41 24 drone
299 1 1224 561 42 25 drone
300 1 1211 560 42 25 drone
301 1 1201 563 38 22 drone
302 1 1186 562 41 24 drone
303 1 1173 563 42 25 drone
304 1 1159 564 42 25 drone
305 1 1147 564 43 25 drone
306 1 1133 563 43 25 drone
307 1 1120 565 44 25 drone
308 1 1107 564 43 25 drone
309 1 1094 566 43 25 drone
310 1 1082 567 41 24 drone
311 1 1068 570 43 25 drone
312 1 1056 571 43 25 drone
313 1 1043 572 43 25 drone
314 1 1031 573 42 24 drone
315 1 1019 573 43 25 drone
316 1 1010 577 40 23 drone
317 1 997 576 42 25 drone
318 1 988 576 43 25 drone
319 1 984 572 43 25 drone
320 1 1003 569 41 26 drone
321 1 1063 564 41 26 drone
322 1 1099 564 41 26 drone
323 1 1110 566 41 26 drone
324 1 1136 572 42 26 drone
325 1 1178 578 43 27 drone
326 1 1218 579 43 27 drone
327 1 1264 576 43 27 drone
328 1 1309 568 43 27 drone
329 1 1349 569 43 27 drone
330 1 1397 577 43 27 drone
331 1 1445 581 43 27 drone
332 1 1489 576 43 27 drone
333 1 1529 571 43 27 drone
334 1 1571 573 43 27 drone
335 1 1616 577 43 27 drone
336 1 1663 584 43 27 drone
337 1 1695 585 45 28 drone
338 1 1685 580 45 28 drone
339 1 1674 578 43 27 drone
340 1 1658 579 49 31 drone
341 1 1647 584 48 30 drone
342 1 1634 589 46 29 drone
343 1 1623 587 44 28 drone
344 1 1609 581 47 29 drone
345 1 1597 583 43 27 drone
346 1 1583 589 45 28 drone
347 1 1574 598 42 27 drone
348 1 1560 597 43 27 drone
349 1 1547 589 44 28 drone
350 1 1530 583 46 29 drone
351 1 1520 593 47 30 drone
352 1 1510 604 44 28 drone
353 1 1497 605 45 28 drone
354 1 1484 593 43 27 drone
355 1 1471 586 43 27 drone
356 1 1460 593 41 26 drone
357 1 1448 607 43 27 drone
358 1 1437 613 43 27 drone
359 1 1425 604 42 26 drone
360 1 1411 595 42 26 drone
361 1 1397 595 44 27 drone
362 1 1385 608 45 28 drone
363 1 1375 614 44 28 drone
364 1 1363 610 43 27 drone
365 1 1349 602 42 26 drone
366 1 1335 600 44 28 drone
367 1 1326 607 41 26 drone
368 1 1314 616 42 26 drone
369 1 1302 617 43 27 drone
370 1 1288 608 43 27 drone
371 1 1276 603 44 28 drone
372 1 1264 608 43 27 drone
373 1 1254 615 42 27 drone
374 1 1228 611 43 27 drone
375 1 1214 608 43 27 drone
376 1 1204 608 42 27 drone
377 1 1191 617 44 28 drone
378 1 1179 621 43 27 drone
379 1 1167 620 43 27 drone
380 1 1156 617 42 27 drone
381 1 1148 615 39 25 drone
382 1 1132 619 42 26 drone
383 1 1120 622 40 25 drone
384 1 1110 625 40 25 drone
385 1 1097 622 40 25 drone
386 1 1081 621 45 28 drone
387 1 1069 621 43 27 drone
388 1 1056 623 46 29 drone
389 1 1044 624 45 28 drone
390 1 1032 622 44 27 drone
391 1 1021 620 45 28 drone
392 1 1007 620 46 29 drone
393 1 995 622 45 28 drone
394 1 983 624 45 28 drone
395 1 972 624 45 28 drone
396 1 961 624 45 28 drone
397 1 946 624 46 28 drone
398 1 935 626 44 27 drone
399 1 922 627 46 29 drone
400 1 911 631 45 28 drone
401 1 899 632 46 28 drone
402 1 887 632 45 28 drone
403 1 873 628 45 28 drone
404 1 862 627 45 28 drone
405 1 850 629 46 28 drone
406 1 837 628 45 28 drone
407 1 825 628 46 29 drone
408 1 813 627 45 28 drone
409 1 800 629 46 29 drone
410 1 789 630 45 28 drone
411 1 776 631 46 28 drone
412 1 765 632 45 28 drone
413 1 752 631 45 28 drone
414 1 739 633 46 29 drone
415 1 728 633 46 28 drone
416 1 717 635 45 28 drone
417 1 704 636 45 28 drone
418 1 692 637 45 28 drone
419 1 682 637 46 29 drone
420 1 679 641 45 28 drone
421 1 694 645 45 28 drone
422 1 820 643 45 28 drone
423 1 876 639 45 28 drone
424 1 885 633 45 28 drone
425 1 983 633 45 28 drone
426 1 1105 638 45 28 drone
427 1 1177 644 45 28 drone
428 1 1249 647 43 28 drone
429 1 1339 639 43 28 drone
430 1 1417 636 43 28 drone
431 1 1488 639 43 28 drone
432 1 1568 646 43 28 drone
433 1 1650 649 43 28 drone
434 1 1723 640 46 30 drone
435 1 1753 636 45 29 drone
436 1 1741 637 44 29 drone
437 1 1727 643 44 29 drone
438 1 1715 646 45 29 drone
439 1 1706 644 45 29 drone
440 1 1696 640 43 28 drone
441 1 1682 640 45 29 drone
442 1 1669 645 44 29 drone
443 1 1660 650 43 28 drone
444 1 1647 647 45 29 drone
445 1 1636 644 42 28 drone
446 1 1623 644 42 28 drone
447 1 1610 648 43 28 drone
448 1 1602 657 43 28 drone
449 1 1590 657 42 28 drone
450 1 1577 654 41 27 drone
451 1 1566 652 41 27 drone
452 1 1555 653 41 27 drone
453 1 1541 656 42 27 drone
454 1 1530 661 41 27 drone
455 1 1521 663 41 27 drone
456 1 1509 661 40 26 drone
457 1 1495 660 40 26 drone
458 1 1485 660 41 27 drone
459 1 1474 662 40 26 drone
460 1 1462 664 41 27 drone
461 1 1448 666 40 26 drone
462 1 1440 668 41 27 drone
463 1 1429 664 41 27 drone
464 1 1415 660 41 27 drone
465 1 1403 662 39 26 drone
466 1 1393 661 39 25 drone
467 1 1380 659 38 25 drone
468 1 1367 655 39 25 drone
469 1 1355 656 39 25 drone
470 1 1344 660 40 26 drone
471 1 1332 665 39 25 drone
472 1 1321 667 39 25 drone
473 1 1308 665 39 26 drone
474 1 1297 663 40 26 drone
475 1 1284 663 41 27 drone
476 1 1272 666 41 27 drone
477 1 1261 671 40 26 drone
478 1 1250 671 40 26 drone
479 1 1239 672 38 25 drone
480 1 1228 672 38 25 drone
481 1 1216 673 38 25 drone
482 1 1205 673 38 25 drone
483 1 1192 674 38 25 drone
484 1 1181 676 38 25 drone
485 1 1172 676 37 24 drone
486 1 1162 676 39 25 drone
487 1 1148 677 37 24 drone
488 1 1137 675 39 25 drone
489 1 1131 678 36 24 drone
490 1 1123 680 37 24 drone
491 1 1110 680 39 25 drone
492 1 1099 682 39 25 drone
493 1 1091 681 38 25 drone
494 1 1082 684 39 25 drone
495 1 1075 682 40 26 drone
496 1 1066 685 39 26 drone
497 1 1056 685 41 27 drone
498 1 1050 687 40 26 drone
499 1 1043 686 39 25 drone
500 1 1034 684 39 25 drone
501 1 1027 689 39 25 drone
502 1 1020 686 39 25 drone
503 1 1015 690 38 25 drone
504 1 1010 687 39 25 drone
505 1 1002 690 39 26 drone
506 1 994 688 43 34 drone
507 1 991 691 43 34 drone
508 1 987 691 43 34 drone
509 1 980 687 43 34 drone
510 1 975 686 42 33 drone
511 1 971 686 43 34 drone
512 1 964 695 44 34 drone
513 1 961 695 44 35 drone
514 1 960 696 41 33 drone
515 1 957 689 41 33 drone
516 1 952 688 41 33 drone
517 1 947 691 41 33 drone
518 1 944 695 41 33 drone
519 1 944 697 40 32 drone
520 1 941 692 41 33 drone
521 1 936 693 42 33 drone
522 1 935 694 41 33 drone
523 1 935 701 40 32 drone
524 1 931 700 42 33 drone
525 1 926 696 42 34 drone
526 1 924 689 41 33 drone
527 1 924 691 40 32 drone
528 1 923 699 42 34 drone
529 1 921 700 41 33 drone
530 1 920 694 42 34 drone
531 1 921 689 41 33 drone
532 1 918 688 42 33 drone
533 1 917 694 41 33 drone
534 1 918 699 40 32 drone
535 1 919 698 41 33 drone
536 1 918 697 42 34 drone
537 1 918 693 41 33 drone
538 1 921 694 40 33 drone
539 1 923 694 40 32 drone
540 1 929 697 40 32 drone
541 1 939 698 38 31 drone
542 1 1032 690 38 31 drone
543 1 1148 693 38 31 drone
544 1 1166 693 38 31 drone
545 1 1187 696 39 32 drone
546 1 1241 694 39 32 drone
547 1 1304 694 39 32 drone
548 1 1340 688 39 32 drone
549 1 1375 688 40 33 drone
550 1 1398 689 40 33 drone
551 1 1399 690 41 34 drone
552 1 1399 689 43 35 drone
553 1 1401 688 41 33 drone
554 1 1402 686 41 33 drone
555 1 1403 687 40 33 drone
556 1 1404 687 40 33 drone
557 1 1402 686 42 35 drone
558 1 1400 685 47 39 drone
559 1 1401 684 47 38 drone
560 1 1401 685 47 39 drone
561 1 1401 684 46 38 drone
562 1 1402 683 47 39 drone
563 1 1403 684 46 38 drone
564 1 1402 683 48 39 drone
565 1 1405 684 45 37 drone
566 1 1406 687 47 29 drone
567 1 1406 688 47 29 drone
568 1 1406 691 48 30 drone
569 1 1408 696 47 29 drone
570 1 1409 692 47 29 drone
571 1 1409 688 47 29 drone
572 1 1410 689 46 28 drone
573 1 1410 693 47 29 drone
574 1 1411 694 44 27 drone
575 1 1412 693 44 27 drone
576 1 1411 691 46 28 drone
577 1 1411 692 46 29 drone
578 1 1412 693 46 28 drone
579 1 1410 692 49 30 drone
580 1 1410 688 47 29 drone
581 1 1410 687 47 29 drone
582 1 1410 689 47 29 drone
583 1 1409 693 46 29 drone
584 1 1408 692 47 29 drone
585 1 1406 688 45 28 drone
586 1 1404 687 47 29 drone
587 1 1403 686 46 29 drone
588 1 1402 690 46 29 drone
589 1 1400 688 49 30 drone
590 1 1397 687 46 28 drone
591 1 1394 684 47 29 drone
592 1 1391 683 46 28 drone
593 1 1388 686 47 29 drone
594 1 1383 686 49 30 drone
595 1 1380 683 49 30 drone
596 1 1375 679 50 31 drone
597 1 1374 681 47 29 drone
598 1 1370 681 49 30 drone
599 1 1366 686 46 29 drone
600 1 1360 682 47 29 drone
601 1 1354 681 47 29 drone
602 1 1350 676 47 29 drone
603 1 1344 681 47 29 drone
604 1 1340 681 47 29 drone
605 1 1336 680 46 28 drone
606 1 1331 675 47 29 drone
607 1 1324 677 45 28 drone
608 1 1315 678 45 28 drone
609 1 1311 677 48 29 drone
610 1 1306 677 47 29 drone
611 1 1298 671 46 29 drone
612 1 1289 672 48 30 drone
613 1 1285 673 47 29 drone
614 1 1279 676 47 29 drone
615 1 1272 672 47 29 drone
616 1 1264 670 45 28 drone
617 1 1254 667 48 29 drone
618 1 1249 667 48 30 drone
619 1 1247 670 41 29 drone
620 1 1239 667 41 29 drone
621 1 1231 666 41 29 drone
622 1 1223 659 41 29 drone
623 1 1206 660 41 29 drone
624 1 1199 665 40 29 drone
625 1 1190 665 42 30 drone
626 1 1180 661 43 30 drone
627 1 1173 660 40 29 drone
628 1 1165 658 40 28 drone
629 1 1155 662 39 28 drone
630 1 1147 663 41 29 drone
631 1 1137 661 41 29 drone
632 1 1128 660 41 29 drone
633 1 1119 657 41 29 drone
634 1 1110 659 40 28 drone
635 1 1101 659 41 29 drone
636 1 1091 659 41 29 drone
637 1 1083 657 40 28 drone
638 1 1074 654 40 29 drone
639 1 1065 653 40 28 drone
640 1 1056 652 41 29 drone
641 1 1051 654 41 29 drone
642 1 1045 651 41 29 drone
643 1 1045 650 42 29 drone
644 1 1087 649 42 29 drone
645 1 1150 648 42 29 drone
646 1 1164 649 40 27 drone
647 1 1213 646 44 28 drone
648 1 1299 645 46 26 drone
649 1 1359 644 45 21 drone
650 1 1411 647 45 21 drone
651 1 1475 645 45 21 drone
652 1 1513 645 46 21 drone
653 1 1535 643 47 22 drone
654 1 1571 639 48 22 drone
655 1 1612 637 50 23 drone
656 1 1644 639 49 23 drone
657 1 1637 638 52 24 drone
658 1 1631 637 51 24 drone
659 1 1624 635 50 23 drone
660 1 1617 633 49 23 drone
661 1 1607 634 48 22 drone
662 1 1600 636 48 23 drone
663 1 1593 639 49 23 drone
664 1 1586 638 48 23 drone
665 1 1576 632 49 23 drone
666 1 1567 631 50 23 drone
667 1 1562 634 49 23 drone
668 1 1555 637 49 23 drone
669 1 1543 633 51 24 drone
670 1 1535 631 50 23 drone
671 1 1527 628 51 24 drone
672 1 1522 629 49 23 drone
673 1 1513 632 48 22 drone
674 1 1503 630 48 23 drone
675 1 1495 629 48 22 drone
676 1 1488 625 47 22 drone
677 1 1482 627 45 21 drone
678 1 1472 628 46 22 drone
679 1 1463 629 45 21 drone
680 1 1455 627 46 21 drone
681 1 1444 623 50 23 drone
682 1 1438 623 46 21 drone
683 1 1430 623 46 22 drone
684 1 1421 628 48 22 drone
685 1 1411 624 48 22 drone
686 1 1402 622 50 23 drone
687 1 1393 621 49 22 drone
688 1 1384 619 51 24 drone
689 1 1375 620 52 24 drone
690 1 1365 620 55 25 drone
691 1 1359 620 48 22 drone
692 1 1349 616 51 23 drone
693 1 1339 616 54 25 drone
694 1 1331 617 54 25 drone
695 1 1323 617 53 24 drone
696 1 1315 615 54 25 drone
697 1 1306 613 53 24 drone
698 1 1297 612 52 24 drone
699 1 1288 611 52 24 drone
700 1 1281 610 51 23 drone
701 1 1272 610 52 24 drone
702 1 1263 609 52 24 drone
703 1 1254 608 51 24 drone
704 1 1245 606 54 25 drone
705 1 1236 605 55 25 drone
706 1 1230 605 51 23 drone
707 1 1222 605 49 22 drone
708 1 1214 603 49 22 drone
709 1 1206 603 47 21 drone
710 1 1197 601 49 22 drone
711 1 1187 599 51 23 drone
712 1 1180 600 48 22 drone
713 1 1169 598 52 24 drone
714 1 1160 596 53 24 drone
715 1 1151 594 53 24 drone
716 1 1143 594 51 23 drone
717 1 1134 593 51 23 drone
718 1 1126 593 51 24 drone
719 1 1118 592 50 23 drone
720 1 1108 590 50 23 drone
721 1 1100 589 50 23 drone
722 1 1090 588 51 23 drone
723 1 1081 586 51 23 drone
724 1 1073 586 50 23 drone
725 1 1064 586 49 30 drone
726 1 1055 586 49 30 drone
727 1 1046 584 48 30 drone
728 1 1039 583 47 29 drone
729 1 1029 581 48 29 drone
730 1 1020 580 47 29 drone
731 1 1010 580 48 29 drone
732 1 1001 581 48 29 drone
733 1 992 581 48 29 drone
734 1 983 575 49 30 drone
735 1 975 573 47 29 drone
736 1 966 574 47 29 drone
737 1 957 575 47 29 drone
738 1 948 575 48 29 drone
739 1 939 574 48 30 drone
740 1 930 571 48 29 drone
741 1 921 569 48 29 drone
742 1 912 569 49 30 drone
743 1 905 570 48 29 drone
744 1 895 568 49 30 drone
745 1 885 565 49 30 drone
746 1 877 564 48 29 drone
747 1 867 564 49 30 drone
748 1 859 564 48 29 drone
749 1 850 562 48 29 drone
750 1 840 559 49 30 drone
751 1 832 559 48 29 drone
752 1 823 559 48 29 drone
753 1 813 560 49 30 drone
754 1 805 558 47 28 drone
755 1 796 554 48 29 drone
756 1 787 551 49 30 drone
757 1 779 553 46 28 drone
758 1 769 555 49 30 drone
759 1 760 554 49 30 drone
760 1 751 551 48 29 drone
761 1 742 548 48 29 drone
762 1 732 548 48 29 drone
763 1 723 551 49 30 drone
764 1 714 551 48 29 drone
765 1 705 548 50 31 drone
766 1 697 545 47 29 drone
767 1 687 544 47 29 drone
768 1 678 546 47 29 drone
769 1 668 547 48 30 drone
770 1 661 545 46 28 drone
771 1 650 541 48 29 drone
772 1 641 540 49 30 drone
773 1 632 541 48 30 drone
774 1 624 544 47 28 drone
775 1 613 543 49 30 drone
776 1 604 540 49 30 drone
777 1 595 536 49 30 drone
778 1 588 537 47 29 drone
779 1 578 539 46 28 drone
780 1 570 539 47 29 drone
781 1 564 536 50 30 drone
782 1 559 533 50 30 drone
783 1 568 532 50 30 drone
784 1 654 534 50 30 drone
785 1 711 532 50 30 drone
786 1 754 533 50 30 drone
787 1 838 531 50 30 drone
788 1 928 528 50 30 drone
789 1 1002 529 50 30 drone
790 1 1061 526 50 30 drone
791 1 1093 524 50 30 drone
792 1 1133 522 50 30 drone
793 1 1188 522 46 27 drone
794 1 1238 523 45 26 drone
795 1 1279 522 46 27 drone
796 1 1309 521 46 27 drone
797 1 1300 520 45 27 drone
798 1 1291 518 45 26 drone
799 1 1283 518 44 26 drone
800 1 1274 519 46 27 drone
801 1 1265 519 47 27 drone
802 1 1254 517 47 27 drone
803 1 1244 515 48 28 drone
804 1 1237 514 46 27 drone
805 1 1227 512 47 28 drone
806 1 1218 510 46 27 drone
807 1 1208 512 45 26 drone
808 1 1199 512 47 28 drone
809 1 1190 512 46 27 drone
810 1 1181 509 46 27 drone
811 1 1171 506 47 27 drone
812 1 1162 504 46 27 drone
813 1 1152 505 47 28 drone
814 1 1144 507 46 27 drone
815 1 1134 506 47 28 drone
816 1 1124 504 46 27 drone
817 1 1115 500 45 26 drone
818 1 1105 500 45 27 drone
819 1 1096 503 45 27 drone
820 1 1088 503 46 27 drone
821 1 1079 499 45 26 drone
822 1 1068 494 45 26 drone
823 1 1058 491 46 27 drone
824 1 1049 493 47 27 drone
825 1 1040 496 46 27 drone
826 1 1030 495 46 27 drone
827 1 1019 491 46 27 drone
828 1 1010 488 46 27 drone
829 1 1002 490 45 26 drone
830 1 992 491 47 27 drone
831 1 982 490 48 28 drone
832 1 971 486 48 28 drone
833 1 963 483 47 27 drone
834 1 954 482 46 27 drone
835 1 945 483 46 27 drone
836 1 936 483 46 27 drone
837 1 926 481 46 27 drone
838 1 917 478 45 27 drone
839 1 907 477 47 27 drone
840 1 897 478 47 28 drone
841 1 888 478 46 27 drone
842 1 878 475 47 28 drone
843 1 869 472 47 28 drone
844 1 857 471 49 29 drone
845 1 849 473 47 28 drone
846 1 840 473 46 27 drone
847 1 830 472 47 28 drone
848 1 821 469 45 26 drone
849 1 810 466 46 27 drone
850 1 801 466 46 27 drone
851 1 790 467 49 28 drone
852 1 783 468 45 27 drone
853 0
854 0
855 0
856 0
857 0
858 0
859 1 714 460 33 24 drone
860 1 703 459 46 24 drone
861 1 694 460 46 24 drone
862 1 684 460 46 24 drone
863 1 675 459 46 24 drone
864 1 665 457 46 24 drone
865 1 655 455 46 24 drone
866 1 645 455 46 24 drone
867 1 637 455 45 23 drone
868 1 627 455 47 24 drone
869 1 618 454 46 24 drone
870 1 607 451 46 24 drone
871 1 597 451 46 24 drone
872 1 579 451 45 24 drone
873 1 569 448 46 24 drone
874 1 559 447 45 24 drone
875 1 549 446 45 24 drone
876 1 540 445 45 24 drone
877 1 536 445 45 24 drone
878 1 534 444 44 23 drone
879 1 588 443 44 23 drone
880 1 690 444 44 23 drone
881 1 702 443 45 23 drone
882 1 705 444 44 23 drone
883 1 697 441 47 24 drone
884 1 690 440 45 24 drone
885 1 680 439 45 24 drone
886 1 671 440 45 24 drone
887 1 662 439 44 23 drone
888 1 653 438 45 23 drone
889 1 643 435 45 23 drone
890 1 634 435 43 23 drone
891 1 623 435 44 23 drone
892 1 614 437 44 23 drone
893 1 605 437 44 23 drone
894 1 595 434 44 23 drone
895 1 585 432 45 23 drone
896 1 575 430 45 23 drone
897 1 566 430 44 23 drone
898 1 556 431 44 23 drone
899 1 545 430 43 23 drone
900 1 535 429 46 24 drone
901 1 526 427 44 23 drone
902 1 516 425 45 24 drone
903 1 506 424 45 24 drone
904 1 496 425 44 23 drone
905 1 489 424 44 23 drone
906 1 480 423 44 23 drone
907 1 472 423 45 24 drone
908 1 468 423 43 23 drone
909 1 474 421 44 23 drone
910 1 591 419 42 19 drone
911 1 744 418 42 19 drone
912 1 802 412 42 19 drone
913 1 869 412 42 19 drone
914 1 976 413 42 19 drone
915 1 1056 412 42 19 drone
916 1 1134 412 42 19 drone
917 1 1218 412 42 13 drone
918 1 1301 410 42 13 drone
919 1 1390 411 42 13 drone
920 1 1403 411 43 13 drone
921 1 1399 410 41 13 drone
922 1 1395 407 43 13 drone
923 1 1400 406 41 13 drone
924 1 1416 407 41 13 drone
925 1 1416 406 42 13 drone
926 1 1408 404 41 13 drone
927 1 1399 403 40 13 drone
928 1 1389 401 41 13 drone
929 1 1380 402 39 12 drone
930 1 1370 404 39 12 drone
931 1 1360 402 43 13 drone
932 1 1351 401 40 12 drone
933 1 1340 397 42 13 drone
934 1 1328 396 45 14 drone
935 1 1317 396 46 14 drone
936 1 1308 396 46 14 drone
937 1 1297 395 45 14 drone
938 1 1288 394 44 13 drone
939 1 1277 392 45 14 drone
940 1 1267 391 45 14 drone
941 1 1258 391 43 13 drone
942 1 1249 391 43 13 drone
943 1 1238 389 44 14 drone
944 1 1227 387 45 14 drone
945 0
946 0
947 0
948 0
949 0
950 0
951 0
952 0
953 0
954 0
955 0
956 0
957 0
958 0
959 0
960 0
961 0
962 0
963 0
964 0
965 0
966 0
967 0
968 0
969 0
970 0
971 0
972 0
973 0
974 0
975 0
976 0
977 0
978 0
979 0
980 0
981 0
982 0
983 0
984 0
985 1 796 342 48 32 drone
986 1 787 338 47 31 drone
987 1 776 340 47 31 drone
988 1 765 345 46 31 drone
989 1 754 346 48 32 drone
990 1 743 339 49 32 drone
991 1 733 335 47 31 drone
992 1 727 334 48 32 drone
993 1 730 341 47 31 drone
994 1 811 358 47 31 drone
995 1 903 379 47 31 drone
996 1 910 396 46 30 drone
997 1 939 413 46 30 drone
998 1 1057 441 46 30 drone
999 1 1152 469 49 26 drone
1000 1 1218 496 49 26 drone
1001 1 1297 512 49 26 drone
1002 1 1373 530 49 26 drone
1003 1 1383 554 49 26 drone
1004 1 1383 582 51 30 drone
1005 1 1394 605 51 30 drone
1006 1 1424 624 51 30 drone
1007 1 1448 649 51 30 drone
1008 1 1447 670 49 29 drone
1009 1 1442 694 49 29 drone
1010 1 1435 715 48 28 drone
1011 1 1427 731 49 29 drone
1012 1 1420 745 49 29 drone
1013 1 1412 754 49 29 drone
1014 1 1404 761 47 28 drone
1015 1 1393 767 49 29 drone
1016 1 1382 772 51 30 drone
1017 1 1373 779 50 29 drone
1018 1 1362 790 50 29 drone
1019 1 1352 798 48 28 drone
1020 1 1341 804 50 29 drone
1021 1 1330 809 51 30 drone
1022 1 1319 814 51 30 drone
1023 1 1307 815 52 31 drone
1024 1 1296 820 51 30 drone
1025 1 1285 823 54 32 drone
1026 1 1274 824 53 31 drone
1027 1 1262 821 54 31 drone
1028 1 1252 819 52 31 drone
1029 1 1241 821 52 30 drone
1030 1 1230 824 52 31 drone
1031 1 1220 823 52 30 drone
1032 1 1209 819 51 30 drone
1033 1 1197 813 51 30 drone
1034 1 1186 811 52 31 drone
1035 1 1175 803 52 31 drone
1036 1 1164 783 53 31 drone
1037 1 1153 755 53 31 drone
1038 1 1143 730 51 30 drone
1039 1 1131 692 51 30 drone
1040 1 1120 657 51 30 drone
1041 1 1112 616 51 30 drone
1042 1 1100 576 51 30 drone
1043 1 1085 537 51 30 drone
1044 1 1073 526 51 30 drone
1045 1 1062 525 52 31 drone
1046 1 1052 528 51 30 drone
1047 1 1041 528 50 30 drone
1048 1 1030 523 50 30 drone
1049 1 1018 516 50 29 drone
1050 1 1005 513 49 29 drone
1051 1 996 519 49 29 drone
1052 1 985 523 50 29 drone
1053 1 973 521 50 29 drone
1054 1 961 513 50 29 drone
1055 1 951 509 50 29 drone
1056 1 939 511 51 30 drone
1057 1 928 517 51 30 drone
1058 1 917 516 49 29 drone
1059 1 905 510 50 30 drone
1060 1 894 505 49 29 drone
1061 1 883 505 49 29 drone
1062 1 871 508 50 30 drone
1063 1 860 509 49 29 drone
1064 1 848 505 51 30 drone
1065 1 836 500 49 29 drone
1066 1 825 498 50 29 drone
1067 1 813 500 50 29 drone
1068 1 802 503 50 30 drone
1069 1 790 501 50 29 drone
1070 1 778 496 50 29 drone
1071 1 767 492 49 29 drone
1072 1 755 492 51 30 drone
1073 1 747 495 49 29 drone
1074 1 737 494 50 30 drone
1075 1 733 491 51 30 drone
1076 1 746 488 50 30 drone
1077 1 801 489 50 30 drone
1078 1 842 490 50 30 drone
1079 1 869 490 50 30 drone
1080 1 973 488 50 30 drone
1081 1 1081 484 50 30 drone
1082 1 1155 482 50 30 drone
1083 1 1233 481 50 30 drone
1084 1 1319 482 50 30 drone
1085 1 1395 480 50 30 drone
1086 1 1462 477 50 30 drone
1087 1 1529 476 50 30 drone
1088 1 1603 477 50 30 drone
1089 1 1669 475 50 30 drone
1090 1 1703 472 49 30 drone
1091 1 1693 472 48 29 drone
1092 1 1681 472 48 29 drone
1093 1 1671 471 48 29 drone
1094 1 1663 469 50 30 drone
1095 1 1655 467 48 29 drone
1096 1 1645 467 45 27 drone
1097 1 1634 465 48 29 drone
1098 1 1625 465 47 28 drone
1099 1 1614 465 46 28 drone
1100 1 1601 462 48 29 drone
1101 1 1591 461 46 28 drone
1102 1 1579 460 45 27 drone
1103 1 1566 458 50 30 drone
1104 1 1556 459 48 29 drone
1105 1 1544 457 47 28 drone
1106 1 1532 454 50 30 drone
1107 1 1520 454 49 29 drone
1108 1 1508 454 50 30 drone
1109 1 1496 453 51 30 drone
1110 1 1485 451 49 29 drone
1111 1 1473 447 50 30 drone
1112 1 1462 445 50 30 drone
1113 1 1450 444 50 30 drone
1114 1 1439 445 49 30 drone
1115 1 1428 444 49 30 drone
1116 1 1416 443 48 29 drone
1117 1 1403 441 50 30 drone
1118 1 1392 440 50 30 drone
1119 1 1383 441 47 28 drone
1120 1 1371 441 47 28 drone
1121 1 1346 436 48 29 drone
1122 1 1334 434 49 29 drone
1123 1 1322 433 49 29 drone
1124 1 1311 432 49 29 drone
1125 1 1302 433 45 27 drone
1126 1 1289 431 44 27 drone
1127 1 1277 430 47 28 drone
1128 1 1266 429 45 27 drone
1129 1 1254 429 45 27 drone
1130 1 1241 428 45 27 drone
1131 1 1230 426 46 27 drone
1132 1 1219 425 45 27 drone
1133 1 1206 424 45 27 drone
1134 1 1195 423 45 27 drone
1135 1 1182 421 46 28 drone
1136 1 1169 421 47 28 drone
1137 1 1158 420 45 27 drone
1138 1 1146 418 46 28 drone
1139 1 1136 417 47 28 drone
1140 1 1126 417 46 28 drone
1141 1 1118 416 46 27 drone
1142 1 1115 414 46 28 drone
1143 1 1120 412 47 28 drone
1144 1 1184 409 51 29 drone
1145 1 1262 411 51 29 drone
1146 1 1290 410 52 29 drone
1147 1 1318 408 50 29 drone
1148 1 1370 403 50 29 drone
1149 1 1405 402 50 29 drone
1150 1 1432 402 50 29 drone
1151 1 1462 401 50 29 drone
1152 1 1494 400 54 33 drone
1153 1 1521 398 55 34 drone
1154 1 1514 397 55 33 drone
1155 1 1503 397 56 34 drone
1156 1 1493 397 55 34 drone
1157 1 1482 395 55 34 drone
1158 1 1470 392 55 34 drone
1159 1 1459 391 54 33 drone
1160 1 1449 390 53 33 drone
1161 1 1437 389 55 33 drone
1162 1 1423 387 56 34 drone
1163 1 1411 385 59 36 drone
1164 1 1400 384 56 34 drone
1165 1 1388 383 56 34 drone
1166 1 1377 382 55 34 drone
1167 1 1365 382 56 34 drone
1168 1 1353 379 56 34 drone
1169 1 1341 376 56 34 drone
1170 1 1329 375 57 35 drone
1171 1 1316 374 57 35 drone
1172 1 1306 373 56 34 drone
1173 1 1293 371 57 35 drone
1174 1 1280 369 57 35 drone
1175 1 1269 368 55 34 drone
1176 1 1257 368 56 34 drone
1177 1 1245 368 56 34 drone
1178 1 1233 367 55 34 drone
1179 1 1218 364 57 35 drone
1180 1 1208 363 56 34 drone
1181 1 1197 362 55 34 drone
1182 1 1184 361 56 34 drone
1183 1 1173 360 56 34 drone
1184 1 1160 358 56 34 drone
1185 1 1148 356 55 34 drone
1186 1 1136 356 56 34 drone
1187 1 1123 354 57 35 drone
1188 1 1110 352 57 35 drone
1189 1 1098 350 57 35 drone
1190 1 1090 349 54 33 drone
1191 1 1082 348 56 34 drone
1192 1 1088 348 56 34 drone
1193 1 1122 347 55 34 drone
1194 1 1160 344 56 34 drone
1195 1 1171 342 56 34 drone
1196 1 1191 342 57 35 drone
1197 1 1229 341 54 33 drone
1198 1 1263 340 55 34 drone
1199 1 1289 338 58 35 drone
1200 1 1319 335 55 33 drone
1201 1 1332 335 55 33 drone
1202 1 1320 334 56 34 drone
1203 1 1307 334 56 34 drone
1204 1 1294 332 59 36 drone
1205 1 1283 331 56 34 drone
1206 1 1271 329 57 35 drone
1207 1 1258 328 58 35 drone
1208 1 1245 328 57 35 drone
1209 1 1233 326 56 34 drone
1210 1 1220 324 57 35 drone
1211 1 1207 321 56 34 drone
1212 1 1194 321 57 35 drone
1213 1 1182 321 56 34 drone
1214 1 1170 320 56 34 drone
1215 1 1157 318 57 35 drone
1216 1 1144 315 56 34 drone
1217 1 1131 314 57 35 drone
1218 1 1119 314 57 35 drone
1219 1 1106 313 57 35 drone
1220 1 1093 311 56 35 drone
1221 1 1079 309 58 35 drone
1222 1 1068 308 56 34 drone
1223 1 1055 308 56 34 drone
1224 1 1043 306 56 34 drone
1225 1 1028 305 57 35 drone
1226 1 1017 303 56 34 drone
1227 1 1003 302 56 34 drone
1228 1 991 302 56 34 drone
1229 1 978 301 57 35 drone
1230 1 965 299 57 35 drone
1231 1 952 297 56 34 drone
1232 1 938 295 57 35 drone
1233 1 927 295 56 34 drone
1234 1 913 295 57 35 drone
1235 1 900 293 58 35 drone
1236 1 887 289 56 34 drone
1237 1 874 285 57 35 drone
1238 1 862 285 56 34 drone
1239 1 848 286 57 35 drone
1240 1 839 285 57 35 drone
1241 1 831 283 56 34 drone
1242 1 834 280 56 34 drone
1243 1 870 278 57 35 drone
1244 1 915 277 57 35 drone
1245 1 938 278 56 34 drone
1246 1 959 275 56 35 drone
1247 1 990 273 55 34 drone
1248 1 1021 271 55 34 drone
1249 1 1048 271 56 34 drone
1250 1 1092 272 55 34 drone
1251 1 1141 269 55 34 drone
1252 1 1185 265 55 34 drone
1253 1 1222 268 55 34 drone
1254 1 1258 265 55 34 drone
1255 1 1252 266 55 34 drone
1256 1 1240 266 56 35 drone
1257 1 1229 265 55 34 drone
1258 1 1214 259 56 35 drone
1259 1 1200 257 56 35 drone
1260 1 1188 257 56 35 drone
1261 1 1176 258 56 35 drone
1262 1 1162 255 56 35 drone
1263 1 1148 250 56 35 drone
1264 1 1135 249 56 35 drone
1265 1 1123 251 57 35 drone
1266 1 1110 253 56 34 drone
1267 1 1097 248 56 34 drone
1268 1 1083 242 56 35 drone
1269 1 1069 241 57 35 drone
1270 1 1057 244 56 35 drone
1271 1 1045 246 55 34 drone
1272 1 1032 245 55 34 drone
1273 1 1017 239 56 35 drone
1274 1 1004 234 55 34 drone
1275 1 991 237 55 34 drone
1276 1 979 266 54 33 drone
1277 1 966 337 54 33 drone
1278 1 952 386 54 33 drone
1279 1 937 428 54 33 drone
1280 1 924 456 54 33 drone
1281 1 910 461 55 33 drone
1282 1 897 463 54 33 drone
1283 1 883 459 55 33 drone
1284 1 870 454 53 32 drone
1285 1 856 450 54 33 drone
1286 1 842 451 56 34 drone
1287 1 829 453 54 33 drone
1288 1 817 452 54 33 drone
1289 1 803 448 55 33 drone
1290 1 789 444 54 33 drone
1291 1 774 443 56 34 drone
1292 1 763 445 55 33 drone
1293 1 749 445 56 34 drone
1294 1 736 442 55 33 drone
1295 1 725 437 55 34 drone
1296 1 718 437 54 33 drone
1297 1 733 438 55 33 drone
1298 1 795 436 55 33 drone
1299 1 820 434 55 33 drone
1300 1 827 430 54 33 drone
1301 1 851 427 54 33 drone
1302 1 887 426 56 34 drone
1303 1 917 426 55 33 drone
1304 1 940 425 54 33 drone
1305 1 968 423 55 33 drone
1306 1 997 420 56 34 drone
1307 1 1023 418 57 34 drone
1308 1 1051 417 56 34 drone
1309 1 1069 416 56 34 drone
1310 1 1058 414 56 33 drone
1311 1 1045 412 55 33 drone
1312 1 1032 410 56 34 drone
1313 1 1019 408 54 33 drone
1314 1 1005 407 55 33 drone
1315 1 992 407 55 33 drone
1316 1 978 404 56 33 drone
1317 1 965 404 54 33 drone
1318 1 951 401 54 33 drone
1319 1 936 400 54 33 drone
1320 1 922 397 55 33 drone
1321 1 908 396 55 33 drone
1322 1 895 395 56 33 drone
1323 1 881 395 54 33 drone
1324 1 867 394 55 33 drone
1325 1 853 392 55 33 drone
1326 1 839 391 55 33 drone
1327 1 825 389 55 33 drone
1328 1 811 388 55 33 drone
1329 1 797 386 56 33 drone
1330 1 783 384 56 34 drone
1331 1 769 382 55 33 drone
1332 1 755 380 55 33 drone
1333 1 740 379 57 34 drone
1334 1 726 379 57 34 drone
1335 1 712 379 57 34 drone
1336 1 699 376 56 34 drone
1337 1 685 373 57 34 drone
1338 1 671 370 56 34 drone
1339 1 656 369 57 34 drone
1340 1 643 369 57 34 drone
1341 1 629 369 56 34 drone
1342 1 616 368 56 34 drone
1343 1 600 365 57 34 drone
1344 1 591 361 57 34 drone
1345 1 584 358 56 34 drone
1346 1 602 358 57 34 drone
1347 1 660 359 57 34 drone
1348 1 687 358 57 34 drone
1349 1 722 353 56 34 drone
1350 1 804 351 56 34 drone
1351 1 878 352 56 34 drone
1352 1 936 355 56 34 drone
1353 1 998 352 56 34 drone
1354 1 1050 347 56 34 drone
1355 1 1065 341 56 34 drone
1356 1 1089 340 56 34 drone
1357 1 1131 344 56 34 drone
1358 1 1167 346 55 34 drone
1359 1 1190 342 57 35 drone
1360 1 1171 332 61 39 drone
1361 1 1156 328 61 39 drone
1362 1 1144 331 60 39 drone
1363 1 1130 336 61 39 drone
1364 1 1115 335 62 40 drone
1365 1 1100 328 61 39 drone
1366 1 1086 322 61 39 drone
1367 1 1072 322 62 39 drone
1368 1 1058 327 60 39 drone
1369 1 1044 329 61 39 drone
1370 1 1015 317 60 38 drone
1371 1 1000 314 61 39 drone
1372 1 986 318 61 39 drone
1373 1 972 320 61 39 drone
1374 1 958 318 61 39 drone
1375 1 943 311 60 38 drone
1376 1 928 307 61 39 drone
1377 1 914 309 61 39 drone
1378 1 899 315 62 39 drone
1379 1 885 341 62 40 drone
1380 1 871 403 62 40 drone
1381 1 856 457 62 40 drone
1382 1 840 506 62 40 drone
1383 1 824 560 62 40 drone
1384 1 813 609 62 40 drone
1385 1 796 657 62 40 drone
1386 1 782 703 59 40 drone
1387 1 766 753 60 39 drone
1388 1 754 786 60 39 drone
1389 1 740 787 60 39 drone
1390 1 724 784 61 40 drone
1391 1 710 780 60 39 drone
1392 1 693 777 62 40 drone
1393 1 679 778 61 40 drone
1394 1 665 779 62 40 drone
1395 1 650 778 63 41 drone
1396 1 635 774 63 41 drone
1397 1 619 771 64 41 drone
1398 1 605 771 64 42 drone
1399 1 590 771 64 42 drone
1400 1 575 771 64 42 drone
1401 1 560 767 65 42 drone
1402 1 545 764 65 42 drone
1403 1 535 764 63 41 drone
1404 1 534 764 64 41 drone
1405 1 629 761 64 41 drone
1406 1 732 759 61 41 drone
1407 1 753 756 60 40 drone
1408 1 798 756 60 40 drone
1409 1 896 753 60 40 drone
1410 1 975 753 60 40 drone
1411 1 1042 752 60 40 drone
1412 1 1115 752 58 38 drone
1413 1 1193 748 58 38 drone
1414 1 1253 746 56 38 drone
1415 1 1316 750 56 38 drone
1416 1 1386 749 54 35 drone
1417 1 1449 748 54 35 drone
1418 1 1506 751 54 35 drone
1419 1 1494 752 54 35 drone
1420 1 1481 752 54 35 drone
1421 1 1468 752 52 34 drone
1422 1 1451 751 54 35 drone
1423 1 1435 750 54 35 drone
1424 1 1420 749 53 35 drone
1425 1 1407 748 54 35 drone
1426 1 1392 748 53 34 drone
1427 1 1376 746 53 34 drone
1428 1 1361 746 52 34 drone
1429 1 1347 745 52 33 drone
1430 1 1334 745 49 32 drone
1431 1 1319 746 47 31 drone
1432 1 1303 744 48 31 drone
1433 1 1290 743 44 28 drone
1434 1 1266 736 58 31 drone
1435 1 1250 734 60 32 drone
1436 1 1235 733 58 31 drone
1437 1 1220 732 59 31 drone
1438 1 1205 730 58 31 drone
1439 1 1190 728 58 31 drone
1440 1 1175 727 59 31 drone
1441 1 1159 726 58 31 drone
1442 1 1144 724 58 31 drone
1443 1 1129 722 58 31 drone
1444 1 1113 721 58 31 drone
1445 1 1098 720 58 31 drone
1446 1 1083 718 58 31 drone
1447 1 1067 717 58 31 drone
1448 1 1052 715 58 31 drone
1449 1 1036 714 59 31 drone
1450 1 1020 712 60 32 drone
1451 1 1006 711 58 31 drone
1452 1 991 709 59 31 drone
1453 1 975 708 59 31 drone
1454 1 960 707 59 32 drone
1455 1 945 705 57 30 drone
1456 1 928 703 59 31 drone
1457 1 913 703 59 31 drone
1458 1 898 700 59 31 drone
1459 1 882 699 59 31 drone
1460 1 867 697 59 31 drone
1461 1 851 695 61 32 drone
1462 1 835 695 60 32 drone
1463 1 823 693 58 31 drone
1464 1 810 688 56 30 drone
1465 1 795 680 58 31 drone
1466 1 780 677 56 30 drone
1467 1 766 677 57 30 drone
1468 1 749 673 57 31 drone
1469 1 730 659 55 30 drone
1470 1 713 634 57 30 drone
1471 1 700 607 56 30 drone
1472 1 687 584 56 30 drone
1473 1 671 567 55 30 drone
1474 1 655 551 56 30 drone
1475 1 640 535 57 31 drone
1476 1 626 517 57 30 drone
1477 1 610 503 57 31 drone
1478 1 596 493 56 30 drone
1479 1 581 485 56 30 drone
1480 1 567 473 57 31 drone
1481 1 551 458 57 31 drone
1482 1 541 445 56 30 drone
1483 1 533 435 56 30 drone
1484 1 526 431 55 29 drone
1485 1 515 425 56 30 drone
1486 1 500 417 56 30 drone
1487 0
1488 0
1489 0
1490 0
1491 0
1492 0
1493 0
1494 0
1495 0
