0 0
1 1 824 467 32 29 drone
2 1 825 469 32 29 drone
3 1 825 470 32 29 drone
4 1 826 473 32 29 drone
5 1 827 475 32 29 drone
6 1 827 477 31 28 drone
7 1 828 478 31 29 drone
8 1 829 481 31 28 drone
9 1 829 482 31 28 drone
10 1 830 484 31 28 drone
11 1 830 485 32 29 drone
12 1 831 487 31 28 drone
13 1 832 489 30 27 drone
14 1 833 491 30 27 drone
15 1 833 493 30 27 drone
16 1 834 494 31 28 drone
17 1 834 496 30 28 drone
18 1 834 497 31 28 drone
19 1 835 500 30 27 drone
20 1 835 501 31 28 drone
21 1 836 503 30 27 drone
22 1 837 505 30 27 drone
23 1 838 507 29 26 drone
24 1 838 509 29 26 drone
25 1 839 511 28 26 drone
26 1 839 513 28 26 drone
27 1 838 514 28 26 drone
28 1 835 516 29 26 drone
29 1 831 519 30 27 drone
30 1 822 523 31 28 drone
31 1 814 525 32 29 drone
32 1 812 528 32 29 drone
33 1 812 530 33 30 drone
34 1 812 531 33 30 drone
35 1 813 534 32 29 drone
36 1 812 535 33 30 drone
37 1 812 536 33 30 drone
38 1 812 539 32 29 drone
39 1 812 540 33 30 drone
40 1 811 542 32 29 drone
41 1 811 545 32 29 drone
42 1 810 546 32 29 drone
43 1 809 548 33 30 drone
44 1 809 550 33 30 drone
45 1 808 552 32 29 drone
46 1 809 554 31 28 drone
47 1 807 556 32 29 drone
48 1 806 557 32 29 drone
49 1 806 559 31 28 drone
50 1 805 561 32 29 drone
51 1 804 563 32 29 drone
52 1 803 564 33 30 drone
53 1 803 567 31 28 drone
54 1 802 568 31 28 drone
55 1 800 570 32 29 drone
56 1 798 572 32 29 drone
57 1 797 574 32 29 drone
58 1 796 576 31 28 drone
59 1 795 577 31 29 drone
60 1 793 579 32 29 drone
61 1 792 581 32 29 drone
62 1 791 583 31 28 drone
63 1 790 585 30 27 drone
64 1 789 587 30 27 drone
65 1 786 588 31 29 drone
66 1 785 590 31 28 drone
67 1 784 592 31 28 drone
68 1 783 594 31 28 drone
69 1 781 595 31 28 drone
70 1 779 597 31 28 drone
71 1 778 599 30 28 drone
72 1 776 601 30 28 drone
73 1 774 603 31 28 drone
74 1 772 604 31 28 drone
75 1 772 607 30 27 drone
76 1 770 608 31 28 drone
77 1 768 610 31 28 drone
78 1 766 611 31 28 drone
79 1 764 613 31 28 drone
80 1 763 615 31 28 drone
81 1 761 618 30 28 drone
82 1 759 619 31 28 drone
83 1 757 620 31 28 drone
84 1 755 623 30 27 drone
85 1 753 625 30 27 drone
86 1 751 626 31 28 drone
87 1 749 627 32 29 drone
88 1 747 630 31 28 drone
89 1 745 631 30 27 drone
90 1 744 633 30 27 drone
91 1 742 635 30 27 drone
92 1 739 637 30 28 drone
93 1 737 639 31 28 drone
94 1 735 640 32 29 drone
95 1 734 642 31 28 drone
96 1 732 643 31 28 drone
97 1 730 645 30 27 drone
98 1 727 646 30 28 drone
99 1 725 648 31 28 drone
100 1 724 650 31 28 drone
101 1 721 651 31 28 drone
102 1 719 653 31 29 drone
103 1 717 655 31 28 drone
104 1 715 657 30 27 drone
105 1 713 658 31 28 drone
106 1 711 660 31 28 drone
107 1 710 661 30 27 drone
108 1 707 663 31 28 drone
109 1 705 664 30 28 drone
110 1 702 665 30 27 drone
111 1 702 667 29 26 drone
112 1 699 671 30 27 drone
113 1 696 672 30 27 drone
114 1 693 670 30 27 drone
115 1 695 664 24 24 drone
116 1 692 610 24 24 drone
117 1 690 579 24 24 drone
118 1 687 570 24 24 drone
119 1 686 572 23 23 drone
120 1 683 574 24 24 drone
121 1 681 575 24 24 drone
122 1 678 577 23 23 drone
123 1 676 579 23 23 drone
124 1 673 581 23 23 drone
125 1 671 583 23 23 drone
126 1 668 584 23 23 drone
127 1 665 586 23 23 drone
128 1 663 588 23 23 drone
129 1 660 589 23 23 drone
130 1 657 591 23 23 drone
131 1 654 592 23 23 drone
132 1 650 594 22 22 drone
133 1 647 594 23 23 drone
134 1 644 596 23 23 drone
135 1 641 597 23 23 drone
136 1 637 599 23 23 drone
137 1 633 600 23 23 drone
138 1 630 601 23 23 drone
139 1 626 603 23 23 drone
140 1 622 604 23 23 drone
141 1 618 605 23 23 drone
142 1 614 606 22 22 drone
143 1 609 607 23 23 drone
144 1 605 608 23 23 drone
145 1 601 610 23 23 drone
146 1 596 611 23 23 drone
147 1 592 613 23 23 drone
148 1 588 614 23 23 drone
149 1 583 615 23 23 drone
150 1 579 617 22 22 drone
151 1 574 618 22 22 drone
152 1 569 619 23 23 drone
153 1 565 620 23 23 drone
154 1 560 622 22 22 drone
155 1 556 623 23 23 drone
156 1 552 624 22 22 drone
157 1 549 626 23 23 drone
158 1 548 627 22 22 drone
159 1 545 628 23 23 drone
160 1 544 629 22 22 drone
161 1 542 631 22 22 drone
162 1 564 631 22 22 drone
163 1 819 633 22 20 drone
164 1 977 637 24 17 drone
165 1 993 636 26 22 drone
166 1 1149 633 26 22 drone
167 1 1321 638 24 19 drone
168 1 1400 639 24 19 drone
169 1 1385 641 24 19 drone
170 1 1384 641 24 19 drone
171 1 1384 641 24 19 drone
172 1 1376 643 25 19 drone
173 1 1369 644 25 20 drone
174 1 1367 645 24 19 drone
175 1 1364 646 24 19 drone
176 1 1358 647 23 19 drone
177 1 1353 647 24 19 drone
178 1 1350 648 24 19 drone
179 1 1346 650 24 19 drone
180 1 1341 652 24 19 drone
181 1 1338 653 23 18 drone
182 1 1334 654 23 18 drone
183 1 1329 655 24 19 drone
184 1 1325 657 24 19 drone
185 1 1320 658 25 19 drone
186 1 1316 659 24 19 drone
187 1 1312 661 24 19 drone
188 1 1309 662 23 19 drone
189 1 1304 663 24 19 drone
190 1 1300 665 24 19 drone
191 1 1297 666 24 19 drone
192 1 1293 666 23 19 drone
193 1 1289 667 24 19 drone
194 1 1285 669 23 19 drone
195 1 1281 670 24 19 drone
196 1 1276 670 24 19 drone
197 1 1273 671 24 19 drone
198 1 1269 673 24 19 drone
199 1 1265 674 24 19 drone
200 1 1261 675 24 19 drone
201 1 1257 676 24 19 drone
202 1 1254 677 24 19 drone
203 1 1251 679 22 18 drone
204 1 1247 679 22 18 drone
205 1 1243 681 23 18 drone
206 1 1239 681 23 18 drone
207 1 1236 682 22 18 drone
208 1 1232 683 22 18 drone
209 1 1229 684 22 17 drone
210 1 1225 685 22 17 drone
211 1 1221 685 23 18 drone
212 1 1218 686 22 18 drone
213 1 1214 687 22 18 drone
214 1 1211 688 23 18 drone
215 1 1208 689 22 18 drone
216 1 1204 690 22 18 drone
217 1 1201 691 22 18 drone
218 1 1198 692 22 17 drone
219 1 1195 693 22 18 drone
220 1 1192 693 22 18 drone
221 1 1189 695 22 18 drone
222 1 1186 697 22 17 drone
223 1 1183 698 21 17 drone
224 1 1180 699 22 17 drone
225 1 1177 699 22 17 drone
226 1 1175 700 22 17 drone
227 1 1172 702 22 17 drone
228 1 1169 703 22 17 drone
229 1 1167 704 22 17 drone
230 1 1164 704 22 17 drone
231 1 1162 706 21 16 drone
232 1 1159 708 21 17 drone
233 1 1156 708 22 18 drone
234 1 1154 709 22 17 drone
235 1 1151 710 22 17 drone
236 1 1149 712 21 17 drone
237 1 1146 713 21 17 drone
238 1 1143 714 22 18 drone
239 1 1141 715 22 17 drone
240 1 1139 716 22 17 drone
241 1 1136 717 22 17 drone
242 1 1134 719 22 17 drone
243 1 1132 720 22 17 drone
244 1 1129 721 22 18 drone
245 1 1128 722 22 17 drone
246 1 1125 723 22 17 drone
247 1 1123 723 22 17 drone
248 1 1120 724 22 18 drone
249 1 1118 726 22 17 drone
250 1 1117 727 21 17 drone
251 1 1114 727 22 18 drone
252 1 1113 728 22 17 drone
253 1 1111 730 21 17 drone
254 1 1109 730 22 17 drone
255 1 1107 732 21 17 drone
256 1 1105 732 21 17 drone
257 1 1103 733 21 16 drone
258 1 1101 732 20 16 drone
259 1 1098 709 20 16 drone
260 1 1097 668 20 16 drone
261 1 1095 647 20 16 drone
262 1 1094 633 18 19 drone
263 1 1093 633 18 19 drone
264 1 1090 635 18 18 drone
265 1 1088 635 17 18 drone
266 1 1087 635 17 18 drone
267 1 1085 636 18 19 drone
268 1 1083 638 17 18 drone
269 1 1081 640 18 19 drone
270 1 1079 640 18 19 drone
271 1 1077 641 18 19 drone
272 1 1075 641 18 19 drone
273 1 1073 643 18 19 drone
274 1 1072 645 18 19 drone
275 1 1070 645 18 19 drone
276 1 1068 645 17 18 drone
277 1 1066 646 18 19 drone
278 1 1063 647 19 20 drone
279 1 1062 649 18 19 drone
280 1 1060 650 18 19 drone
281 1 1058 650 18 19 drone
282 1 1056 651 18 19 drone
283 1 1054 652 17 18 drone
284 1 1052 654 17 18 drone
285 1 1050 654 18 19 drone
286 1 1048 654 18 19 drone
287 1 1046 655 18 19 drone
288 1 1044 656 18 19 drone
289 1 1042 658 18 19 drone
290 1 1040 659 17 18 drone
291 1 1037 659 17 18 drone
292 1 1036 634 17 16 drone
293 1 1033 500 17 16 drone
294 1 1031 404 17 16 drone
295 1 1029 304 17 16 drone
296 1 1027 207 17 16 drone
297 1 1026 113 17 16 drone
298 1 1023 116 17 16 drone
299 1 1020 118 16 16 drone
300 1 1018 121 17 16 drone
301 1 1017 122 17 16 drone
302 1 1015 124 17 16 drone
303 1 1012 126 16 15 drone
304 1 1010 127 15 15 drone
305 1 1008 128 15 14 drone
306 1 1006 128 16 15 drone
307 1 1004 129 15 14 drone
308 1 1002 130 15 14 drone
309 1 1000 132 15 14 drone
310 1 998 132 15 14 drone
311 1 996 133 14 13 drone
312 1 993 133 14 14 drone
313 1 991 133 14 13 drone
314 1 990 135 13 13 drone
315 1 988 136 14 13 drone
316 1 986 137 14 13 drone
317 1 983 137 14 13 drone
318 1 981 137 14 13 drone
319 1 979 138 14 13 drone
320 1 976 139 14 13 drone
321 1 973 140 14 13 drone
322 1 972 140 14 13 drone
323 1 970 140 13 12 drone
324 1 968 142 13 12 drone
325 1 965 143 13 12 drone
326 1 963 143 13 12 drone
327 1 961 143 13 13 drone
328 1 959 143 13 12 drone
329 1 956 143 13 12 drone
330 1 954 146 13 12 drone
331 1 952 147 13 12 drone
332 1 950 148 13 12 drone
333 1 947 148 12 11 drone
334 1 944 148 12 12 drone
335 1 944 149 12 11 drone
336 1 940 151 12 11 drone
337 1 938 152 12 11 drone
338 1 937 152 12 12 drone
339 1 934 152 13 12 drone
340 1 932 152 13 12 drone
341 1 929 153 13 12 drone
342 1 924 157 12 12 drone
343 1 921 158 12 12 drone
344 1 919 159 12 12 drone
345 1 917 158 12 12 drone
346 1 914 158 12 12 drone
347 1 911 160 12 12 drone
348 1 908 160 16 15 drone
349 1 907 160 16 15 drone
350 1 904 159 16 15 drone
351 1 901 158 16 15 drone
352 1 898 162 16 15 drone
353 1 896 163 16 15 drone
354 1 894 163 16 15 drone
355 1 891 162 15 14 drone
356 1 888 162 16 15 drone
357 1 887 164 15 14 drone
358 1 884 166 16 15 drone
359 1 881 167 16 15 drone
360 1 878 166 16 15 drone
361 1 876 166 16 15 drone
362 1 874 168 15 14 drone
363 1 872 170 15 14 drone
364 1 869 170 16 15 drone
365 1 866 170 16 15 drone
366 1 864 170 16 15 drone
367 1 861 171 16 15 drone
368 1 859 174 15 14 drone
369 1 857 175 15 14 drone
370 1 854 175 15 14 drone
371 1 851 174 16 15 drone
372 1 849 177 15 14 drone
373 1 846 181 16 15 drone
374 1 844 186 16 15 drone
375 1 842 198 16 15 drone
376 1 839 203 16 15 drone
377 1 837 205 16 15 drone
378 1 835 207 15 14 drone
379 1 833 208 15 14 drone
380 1 830 208 16 15 drone
381 1 828 208 15 14 drone
382 1 826 209 15 14 drone
383 1 824 210 16 15 drone
384 1 821 211 15 15 drone
385 1 819 211 16 15 drone
386 1 817 210 17 16 drone
387 1 814 213 15 14 drone
388 1 811 215 15 14 drone
389 1 808 216 16 15 drone
390 1 806 216 16 15 drone
391 1 803 215 16 15 drone
392 1 801 217 16 15 drone
393 1 799 217 16 15 drone
394 1 797 218 16 15 drone
395 1 794 217 16 15 drone
396 1 793 217 16 15 drone
397 1 791 218 15 14 drone
398 1 789 219 15 14 drone
399 1 787 220 15 14 drone
400 1 785 220 15 14 drone
401 1 782 221 15 14 drone
402 1 781 221 15 14 drone
403 1 778 222 15 14 drone
404 1 774 224 16 15 drone
405 1 772 225 16 15 drone
406 1 772 226 16 15 drone
407 1 772 228 15 14 drone
408 1 771 234 15 14 drone
409 1 770 246 15 14 drone
410 1 769 252 15 14 drone
411 1 768 255 14 13 drone
412 1 765 256 15 14 drone
413 1 763 257 15 14 drone
414 1 761 257 16 15 drone
415 1 759 258 15 14 drone
416 1 756 259 16 15 drone
417 1 755 259 16 15 drone
418 1 754 260 16 15 drone
419 1 752 261 16 15 drone
420 1 750 261 16 15 drone
421 1 749 262 15 14 drone
422 1 747 262 15 15 drone
423 1 746 263 15 14 drone
424 1 744 263 16 15 drone
425 1 742 264 15 14 drone
426 1 741 265 15 14 drone
427 1 739 265 15 14 drone
428 1 737 266 15 14 drone
429 1 736 266 16 15 drone
430 1 734 266 15 14 drone
431 1 733 267 15 14 drone
432 1 730 268 16 15 drone
433 1 728 268 16 15 drone
434 1 727 267 16 15 drone
435 1 721 264 16 15 drone
436 1 712 256 16 15 drone
437 1 700 250 15 14 drone
438 1 699 250 15 14 drone
439 1 697 251 15 14 drone
440 1 685 248 15 14 drone
441 1 688 248 15 14 drone
442 1 683 248 15 14 drone
443 1 679 249 15 14 drone
444 1 679 249 15 14 drone
445 1 678 249 15 14 drone
446 1 674 249 15 14 drone
447 1 673 250 15 14 drone
448 1 671 250 15 14 drone
449 1 670 251 14 13 drone
450 1 668 252 14 13 drone
451 1 666 251 14 13 drone
452 1 662 252 16 15 drone
453 1 660 253 16 15 drone
454 1 658 253 16 15 drone
455 1 656 253 15 14 drone
456 1 655 254 15 14 drone
457 1 653 254 15 14 drone
458 1 651 254 16 15 drone
459 1 649 254 16 15 drone
460 1 647 255 16 15 drone
461 1 645 255 16 15 drone
462 1 645 263 15 14 drone
463 1 647 276 15 14 drone
464 1 649 297 15 14 drone
465 1 652 302 15 14 drone
466 1 663 303 15 14 drone
467 1 746 299 15 14 drone
468 1 818 299 15 14 drone
469 1 821 300 15 14 drone
470 1 841 302 15 14 drone
471 1 901 302 15 14 drone
472 1 958 303 15 14 drone
473 1 963 303 15 14 drone
474 1 962 304 15 14 drone
475 1 959 305 15 14 drone
476 1 957 305 15 14 drone
477 1 956 305 15 14 drone
478 1 955 305 14 13 drone
479 1 953 306 14 13 drone
480 1 951 307 14 13 drone
481 1 949 307 15 14 drone
482 1 947 307 15 14 drone
483 1 946 308 15 14 drone
484 1 944 308 14 14 drone
485 1 942 309 14 14 drone
486 1 941 309 14 13 drone
487 1 939 309 15 14 drone
488 1 937 309 15 14 drone
489 1 935 309 15 14 drone
490 1 934 309 15 14 drone
491 1 932 310 15 14 drone
492 1 930 310 15 14 drone
493 1 928 311 15 14 drone
494 1 927 310 15 14 drone
495 1 925 308 15 14 drone
496 1 922 302 16 15 drone
497 1 918 297 15 14 drone
498 1 916 297 15 14 drone
499 1 914 298 15 14 drone
500 1 905 295 15 14 drone
501 1 905 295 15 14 drone
502 1 904 295 15 14 drone
503 1 899 296 16 15 drone
504 1 898 296 15 14 drone
505 1 897 296 16 15 drone
506 1 896 297 15 14 drone
507 1 894 297 15 14 drone
508 1 891 298 15 14 drone
509 1 890 297 15 14 drone
510 1 889 298 15 14 drone
511 1 887 298 15 14 drone
512 1 885 299 15 14 drone
513 1 883 299 15 14 drone
514 1 882 299 15 14 drone
515 1 880 300 15 14 drone
516 1 879 300 15 14 drone
517 1 877 301 15 14 drone
518 1 875 301 15 14 drone
519 1 874 301 15 14 drone
520 1 872 301 15 14 drone
521 1 870 301 15 14 drone
522 1 869 302 15 14 drone
523 1 867 302 15 14 drone
524 1 865 303 15 14 drone
525 1 863 303 15 14 drone
526 1 862 303 15 14 drone
527 1 860 304 15 14 drone
528 1 858 305 15 14 drone
529 1 856 305 15 14 drone
530 1 855 305 15 14 drone
531 1 853 305 15 14 drone
532 1 852 306 15 14 drone
533 1 850 307 15 14 drone
534 1 848 307 15 14 drone
535 1 847 308 15 14 drone
536 1 845 308 15 14 drone
537 1 843 308 15 14 drone
538 1 841 308 15 14 drone
539 1 839 309 15 14 drone
540 1 838 309 15 14 drone
541 1 836 310 15 14 drone
542 1 834 311 15 14 drone
543 1 832 311 15 14 drone
544 1 831 312 14 13 drone
545 1 828 312 15 14 drone
546 1 827 312 15 14 drone
547 1 825 313 14 13 drone
548 1 824 313 15 14 drone
549 1 822 314 14 13 drone
550 1 819 314 15 14 drone
551 1 818 315 14 13 drone
552 1 816 316 14 13 drone
553 1 814 316 14 13 drone
554 1 813 317 14 13 drone
555 1 811 317 15 14 drone
556 1 809 317 15 14 drone
557 1 807 317 15 14 drone
558 1 805 318 15 14 drone
559 1 804 319 14 13 drone
560 1 802 320 14 13 drone
561 1 799 320 15 14 drone
562 1 798 320 15 14 drone
563 1 796 321 14 13 drone
564 1 794 321 14 13 drone
565 1 792 321 14 13 drone
566 1 790 321 14 13 drone
567 1 788 322 14 13 drone
568 1 786 322 15 14 drone
569 1 785 323 14 13 drone
570 1 783 323 14 13 drone
571 1 781 324 14 13 drone
572 1 780 324 14 13 drone
573 1 778 324 14 13 drone
574 1 776 325 14 13 drone
575 1 775 325 14 13 drone
576 1 774 325 14 13 drone
577 1 772 325 14 13 drone
578 1 770 326 14 13 drone
579 1 768 327 13 12 drone
580 1 767 327 13 13 drone
581 1 765 327 13 12 drone
582 1 764 327 13 13 drone
583 1 762 328 13 13 drone
584 1 761 328 13 13 drone
585 1 759 328 14 13 drone
586 1 757 329 13 12 drone
587 1 756 329 13 12 drone
588 1 755 329 14 13 drone
589 1 753 330 14 13 drone
590 1 751 330 13 12 drone
591 1 750 331 13 13 drone
592 1 749 331 13 12 drone
593 1 747 332 13 12 drone
594 1 745 333 13 12 drone
595 1 741 333 14 13 drone
596 1 740 333 14 13 drone
597 1 738 333 14 13 drone
598 1 737 334 14 13 drone
599 1 735 334 14 13 drone
600 1 734 335 13 13 drone
601 1 733 335 13 12 drone
602 1 732 334 14 13 drone
603 1 730 335 14 13 drone
604 1 729 335 14 13 drone
605 1 728 336 14 13 drone
606 1 726 336 14 13 drone
607 1 725 336 14 13 drone
608 1 723 336 14 13 drone
609 1 723 337 14 13 drone
610 1 721 337 15 13 drone
611 1 720 338 15 14 drone
612 1 719 337 15 14 drone
613 1 712 340 15 11 drone
614 1 710 340 15 11 drone
615 1 710 341 14 11 drone
616 1 707 341 15 11 drone
617 1 706 342 15 11 drone
618 1 707 342 15 13 drone
619 1 705 341 16 14 drone
620 1 700 339 15 13 drone
621 1 689 335 15 13 drone
622 1 677 330 16 14 drone
623 1 666 325 16 14 drone
624 1 655 320 16 14 drone
625 1 645 314 16 14 drone
626 1 636 310 16 14 drone
627 1 633 310 16 14 drone
628 1 632 310 17 14 drone
629 1 631 310 16 14 drone
630 1 629 311 16 13 drone
631 1 627 310 16 14 drone
632 1 626 312 15 13 drone
633 1 625 312 15 13 drone
634 1 624 312 16 14 drone
635 1 621 312 16 14 drone
636 1 620 311 16 14 drone
637 1 618 310 18 16 drone
638 1 618 312 18 16 drone
639 1 616 313 17 15 drone
640 1 614 310 18 16 drone
641 1 613 308 17 15 drone
642 1 611 308 17 16 drone
643 1 612 311 17 15 drone
644 1 613 313 18 16 drone
645 1 610 309 18 16 drone
646 1 610 306 17 16 drone
647 1 610 306 18 16 drone
648 1 609 309 17 16 drone
649 1 617 321 16 15 drone
650 1 624 329 19 17 drone
651 1 631 348 23 20 drone
652 1 750 355 23 20 drone
653 1 909 359 23 20 drone
654 1 911 362 23 20 drone
655 1 924 362 23 20 drone
656 1 941 360 23 20 drone
657 1 977 358 22 19 drone
658 1 1028 357 24 21 drone
659 1 1060 359 22 19 drone
660 1 1070 360 22 19 drone
661 1 1074 358 22 19 drone
662 1 1075 358 22 19 drone
663 1 1075 358 23 20 drone
664 1 1077 358 22 19 drone
665 1 1079 358 22 19 drone
666 1 1080 358 21 19 drone
667 1 1082 357 22 19 drone
668 1 1082 357 22 19 drone
669 1 1084 357 23 20 drone
670 1 1084 356 23 20 drone
671 1 1085 356 22 19 drone
672 1 1086 355 23 20 drone
673 1 1088 356 22 19 drone
674 1 1089 356 22 19 drone
675 1 1089 355 22 19 drone
676 1 1090 354 22 19 drone
677 1 1091 355 22 19 drone
678 1 1092 356 22 19 drone
679 1 1092 356 22 19 drone
680 1 1093 355 22 19 drone
681 1 1094 354 21 19 drone
682 1 1094 354 22 19 drone
683 1 1095 355 23 20 drone
684 1 1096 355 23 20 drone
685 1 1096 354 22 19 drone
686 1 1096 353 23 20 drone
687 1 1097 353 23 20 drone
688 1 1097 355 23 20 drone
689 1 1098 355 22 19 drone
690 1 1098 354 22 19 drone
691 1 1098 353 22 19 drone
692 1 1084 348 22 20 drone
693 1 1090 348 23 20 drone
694 1 1090 349 22 19 drone
695 1 1087 349 22 19 drone
696 1 1087 349 22 19 drone
697 1 1090 348 22 19 drone
698 1 1089 348 22 19 drone
699 1 1088 349 23 20 drone
700 1 1089 349 22 19 drone
701 1 1091 348 22 19 drone
702 1 1091 348 22 19 drone
703 1 1091 348 22 19 drone
704 1 1091 349 22 19 drone
705 1 1091 349 22 19 drone
706 1 1092 348 22 19 drone
707 1 1092 348 22 19 drone
708 1 1092 349 22 19 drone
709 1 1093 348 23 20 drone
710 1 1093 348 23 20 drone
711 1 1094 349 22 19 drone
712 1 1094 348 22 19 drone
713 1 1094 348 23 20 drone
714 1 1094 349 23 20 drone
715 1 1094 349 23 20 drone
716 1 1095 349 23 20 drone
717 1 1095 349 23 20 drone
718 1 1095 349 23 20 drone
719 1 1096 350 22 19 drone
720 1 1095 350 23 20 drone
721 1 1096 351 22 19 drone
722 1 1095 350 23 20 drone
723 1 1095 350 23 20 drone
724 1 1096 351 22 19 drone
725 1 1095 351 22 19 drone
726 1 1096 351 23 20 drone
727 1 1095 351 23 20 drone
728 1 1095 351 23 20 drone
729 1 1095 351 24 20 drone
730 1 1095 351 23 20 drone
731 1 1096 356 23 15 drone
732 1 1096 356 23 15 drone
733 1 1096 357 23 15 drone
734 1 1096 356 23 15 drone
735 1 1097 357 23 15 drone
736 1 1096 357 23 15 drone
737 1 1096 357 23 15 drone
738 1 1096 357 23 15 drone
739 1 1096 357 23 15 drone
740 1 1096 357 23 15 drone
741 1 1096 357 23 15 drone
742 1 1096 357 23 15 drone
743 1 1096 358 23 15 drone
744 1 1095 357 23 15 drone
745 1 1097 356 24 15 drone
746 1 1102 353 23 15 drone
747 1 1104 350 24 15 drone
748 1 1106 347 24 16 drone
749 1 1110 344 24 15 drone
750 1 1111 343 24 16 drone
751 1 1111 342 25 16 drone
752 1 1111 342 26 17 drone
753 1 1110 342 25 16 drone
754 1 1110 342 26 17 drone
755 1 1110 342 25 16 drone
756 1 1110 342 25 16 drone
757 1 1110 343 25 16 drone
758 1 1110 343 25 16 drone
759 1 1110 343 25 16 drone
760 1 1103 352 25 16 drone
761 1 1090 366 25 16 drone
762 1 1030 391 25 16 drone
763 1 734 403 25 16 drone
764 1 637 403 23 16 drone
765 1 626 404 24 17 drone
766 1 534 405 24 17 drone
767 1 469 404 24 17 drone
768 1 473 404 24 17 drone
769 1 477 404 23 17 drone
770 1 475 404 25 18 drone
771 1 472 404 24 17 drone
772 1 473 404 24 17 drone
773 1 475 404 24 17 drone
774 1 475 404 24 17 drone
775 1 474 404 24 17 drone
776 1 473 404 24 17 drone
777 1 474 406 24 17 drone
778 1 474 406 24 17 drone
779 1 473 406 24 17 drone
780 1 472 406 25 18 drone
781 1 473 406 24 17 drone
782 1 473 406 24 17 drone
783 1 473 407 24 17 drone
784 1 473 406 24 17 drone
785 1 473 406 25 18 drone
786 1 472 406 25 18 drone
787 1 473 407 24 17 drone
788 1 471 407 25 18 drone
789 1 471 407 25 17 drone
790 1 472 406 24 17 drone
791 1 471 406 25 18 drone
792 1 471 407 24 17 drone
793 1 471 407 24 17 drone
794 1 471 407 24 17 drone
795 1 471 406 25 17 drone
796 1 471 407 24 17 drone
797 1 470 407 25 17 drone
798 1 470 407 24 17 drone
799 1 470 407 25 17 drone
800 1 470 407 25 17 drone
801 1 470 407 24 17 drone
802 1 464 406 25 18 drone
803 1 455 406 25 17 drone
804 1 444 403 25 18 drone
805 1 440 404 25 18 drone
806 1 439 402 25 18 drone
807 1 440 397 24 17 drone
808 1 439 398 26 18 drone
809 1 439 398 25 18 drone
810 1 438 397 25 18 drone
811 1 439 397 24 17 drone
812 1 438 397 25 18 drone
813 1 438 398 25 18 drone
814 1 438 398 25 18 drone
815 1 438 398 25 18 drone
816 1 437 398 25 18 drone
817 1 437 398 25 18 drone
818 1 437 398 25 18 drone
819 1 437 398 24 17 drone
820 1 438 398 24 17 drone
821 1 438 398 24 17 drone
822 1 438 398 25 17 drone
823 1 437 398 25 18 drone
824 1 437 398 25 18 drone
825 1 437 398 25 18 drone
826 1 437 398 25 18 drone
827 1 437 397 26 18 drone
828 1 436 398 26 18 drone
829 1 436 398 25 18 drone
830 1 436 398 25 18 drone
831 1 437 399 25 18 drone
832 1 444 410 25 18 drone
833 1 459 430 25 18 drone
834 1 569 454 25 18 drone
835 1 711 461 25 18 drone
836 1 745 463 25 18 drone
837 1 772 464 25 18 drone
838 1 776 464 25 18 drone
839 1 776 464 25 18 drone
840 1 778 464 24 18 drone
841 1 780 464 25 18 drone
842 1 780 465 25 18 drone
843 1 780 465 25 18 drone
844 1 780 465 25 18 drone
845 1 781 465 25 18 drone
846 1 781 465 24 17 drone
847 1 782 465 24 17 drone
848 1 781 465 25 18 drone
849 1 781 466 25 18 drone
850 1 782 466 25 18 drone
851 1 782 467 24 18 drone
852 1 782 467 25 18 drone
853 1 782 466 24 18 drone
854 1 782 466 24 17 drone
855 1 783 467 24 17 drone
856 1 782 468 24 18 drone
857 1 782 468 24 17 drone
858 1 783 468 23 16 drone
859 1 782 467 25 18 drone
860 1 782 467 24 17 drone
861 1 782 468 24 17 drone
862 1 783 468 25 18 drone
863 1 783 467 25 18 drone
864 1 783 468 24 18 drone
865 1 783 468 24 17 drone
866 1 783 468 24 17 drone
867 1 783 468 25 18 drone
868 1 783 468 24 17 drone
869 1 770 463 24 17 drone
870 1 775 463 25 18 drone
871 1 770 463 23 17 drone
872 1 768 462 24 18 drone
873 1 770 462 25 18 drone
874 1 771 462 24 18 drone
875 1 769 462 25 18 drone
876 1 768 463 25 18 drone
877 1 768 463 25 18 drone
878 1 769 463 24 17 drone
879 1 768 462 25 18 drone
880 1 767 462 25 18 drone
881 1 767 462 25 18 drone
882 1 767 463 25 18 drone
883 1 767 462 25 18 drone
884 1 766 463 25 18 drone
885 1 766 462 24 18 drone
886 1 765 462 25 18 drone
887 1 766 462 24 17 drone
888 1 765 462 25 18 drone
889 1 764 462 25 18 drone
890 1 765 462 25 18 drone
891 1 765 462 24 17 drone
892 1 765 462 24 17 drone
893 1 765 462 24 17 drone
894 1 764 462 25 18 drone
895 1 764 462 25 18 drone
896 1 763 461 26 19 drone
897 1 764 461 25 18 drone
898 1 764 462 24 17 drone
899 1 765 463 22 16 drone
900 1 765 463 22 16 drone
901 1 765 463 22 16 drone
902 1 766 463 22 16 drone
903 1 766 463 22 16 drone
904 1 765 464 22 16 drone
905 1 766 464 22 16 drone
906 1 767 463 22 16 drone
907 1 766 464 22 16 drone
908 1 766 464 23 16 drone
909 1 767 464 21 15 drone
910 1 767 464 21 15 drone
911 1 767 464 22 16 drone
912 1 767 464 22 16 drone
913 1 768 464 21 15 drone
914 1 768 464 21 15 drone
915 1 768 463 22 16 drone
916 1 769 463 21 15 drone
917 1 769 464 21 15 drone
918 1 769 464 22 16 drone
919 1 769 464 21 15 drone
920 1 769 464 21 15 drone
921 1 769 463 22 16 drone
922 1 768 463 23 16 drone
923 1 769 463 22 16 drone
924 1 769 464 21 15 drone
925 1 769 463 21 15 drone
926 1 769 462 22 16 drone
927 1 768 462 22 16 drone
928 1 767 462 22 16 drone
929 1 764 461 23 16 drone
930 1 761 461 23 17 drone
931 1 757 461 23 16 drone
932 1 753 460 23 16 drone
933 1 748 459 23 17 drone
934 1 748 458 23 17 drone
935 1 748 459 23 17 drone
936 1 748 459 23 17 drone
937 1 748 458 23 17 drone
938 1 747 457 24 17 drone
939 1 747 457 23 17 drone
940 1 747 457 24 17 drone
941 1 747 457 24 17 drone
942 1 747 458 23 17 drone
943 1 747 457 24 17 drone
944 1 748 458 23 17 drone
945 1 747 458 23 17 drone
946 1 747 458 23 17 drone
947 1 747 458 23 17 drone
948 1 748 458 23 17 drone
949 1 747 458 23 17 drone
950 1 747 457 23 17 drone
951 1 747 457 24 17 drone
952 1 748 458 23 16 drone
953 1 748 457 23 17 drone
954 1 747 457 24 17 drone
955 1 748 457 24 17 drone
956 1 747 456 24 17 drone
957 1 748 456 24 17 drone
958 1 747 456 24 17 drone
959 1 747 456 24 17 drone
960 1 747 456 23 17 drone
961 1 747 457 23 17 drone
962 1 746 457 24 17 drone
963 1 745 457 24 17 drone
964 1 746 457 23 17 drone
965 1 746 457 24 17 drone
966 1 746 457 24 17 drone
967 1 746 456 24 18 drone
968 1 746 457 24 17 drone
969 1 746 457 24 17 drone
970 1 747 457 24 17 drone
971 1 746 456 24 17 drone
972 1 747 456 24 17 drone
973 1 746 456 24 17 drone
974 1 746 456 24 17 drone
975 1 747 457 24 17 drone
976 1 747 457 23 17 drone
977 1 747 457 23 17 drone
978 1 746 457 24 17 drone
979 1 746 457 25 18 drone
980 1 747 458 24 17 drone
981 1 747 458 23 17 drone
982 1 747 458 23 17 drone
983 1 747 458 24 17 drone
984 1 747 458 24 17 drone
985 1 748 458 23 17 drone
986 1 748 459 23 17 drone
987 1 748 460 24 17 drone
988 1 748 460 23 17 drone
989 1 748 461 23 17 drone
990 1 748 462 23 17 drone
991 1 749 462 24 17 drone
992 1 750 462 23 17 drone
993 1 749 461 23 17 drone
994 1 749 462 23 16 drone
995 1 749 461 23 17 drone
996 1 748 462 24 17 drone
997 1 749 464 22 16 drone
998 1 749 463 23 16 drone
999 1 749 463 23 16 drone
1000 1 749 464 22 16 drone
1001 1 749 464 23 16 drone
1002 1 749 465 22 16 drone
1003 1 749 465 22 16 drone
1004 1 749 465 22 16 drone
1005 1 750 465 23 16 drone
1006 1 750 466 23 16 drone
1007 1 750 466 22 16 drone
1008 1 750 466 23 16 drone
1009 1 749 466 23 17 drone
1010 1 750 466 23 17 drone
1011 1 750 467 23 16 drone
1012 1 750 468 23 16 drone
1013 1 750 468 23 16 drone
1014 1 750 468 23 16 drone
1015 1 750 468 23 17 drone
1016 1 750 469 22 16 drone
1017 1 751 468 22 16 drone
1018 1 751 468 23 16 drone
1019 1 751 468 23 17 drone
1020 1 751 468 23 17 drone
1021 1 751 468 23 17 drone
1022 1 751 468 23 17 drone
1023 1 751 469 23 17 drone
1024 1 751 469 23 17 drone
1025 1 752 470 23 16 drone
1026 1 751 469 23 17 drone
1027 1 752 470 22 16 drone
1028 1 753 470 23 16 drone
1029 1 753 471 23 16 drone
1030 1 753 470 23 16 drone
1031 1 753 471 22 16 drone
1032 1 753 470 23 17 drone
1033 1 752 470 23 17 drone
1034 1 752 471 23 16 drone
1035 1 752 471 23 16 drone
1036 1 752 471 23 16 drone
1037 1 752 472 23 16 drone
1038 1 752 471 24 17 drone
1039 1 752 472 24 17 drone
1040 1 752 472 24 17 drone
1041 1 752 473 23 17 drone
1042 1 752 472 23 17 drone
1043 1 751 472 24 17 drone
1044 1 752 472 24 17 drone
1045 1 752 472 24 17 drone
1046 1 751 472 23 17 drone
1047 1 751 472 24 17 drone
1048 1 751 472 24 17 drone
1049 1 751 472 24 17 drone
1050 1 751 472 24 17 drone
1051 1 751 473 24 17 drone
1052 1 749 473 24 17 drone
1053 1 746 472 24 17 drone
1054 1 742 473 24 17 drone
1055 1 739 473 24 18 drone
1056 1 734 472 24 17 drone
1057 1 729 470 26 19 drone
1058 1 728 471 25 18 drone
1059 1 723 471 30 18 drone
1060 1 722 471 30 18 drone
1061 1 722 471 31 18 drone
1062 1 722 471 30 18 drone
1063 1 721 471 31 19 drone
1064 1 721 472 31 18 drone
1065 1 721 472 31 18 drone
1066 1 721 472 31 18 drone
1067 1 721 471 30 18 drone
1068 1 721 471 31 19 drone
1069 1 721 471 31 19 drone
1070 1 720 472 32 19 drone
1071 1 719 472 31 18 drone
1072 1 720 472 31 18 drone
1073 1 721 473 29 18 drone
1074 1 720 472 31 19 drone
1075 1 720 472 33 23 drone
1076 1 720 472 33 23 drone
1077 1 720 472 33 23 drone
1078 1 720 472 33 23 drone
1079 1 721 472 33 23 drone
1080 1 720 472 34 23 drone
1081 1 720 472 33 23 drone
1082 1 721 472 33 23 drone
1083 1 722 472 33 23 drone
1084 1 721 472 34 24 drone
1085 1 720 472 34 23 drone
1086 1 718 472 33 23 drone
1087 1 714 472 33 23 drone
1088 1 713 471 33 23 drone
1089 1 713 471 33 23 drone
1090 1 713 471 34 24 drone
1091 1 713 471 34 24 drone
1092 1 714 471 34 24 drone
1093 1 714 472 34 23 drone
1094 1 714 472 34 23 drone
1095 1 714 472 34 24 drone
1096 1 716 472 34 24 drone
1097 1 715 471 33 23 drone
1098 1 715 472 34 24 drone
1099 1 715 471 34 24 drone
1100 1 716 472 33 23 drone
1101 1 717 473 32 22 drone
1102 1 716 472 33 23 drone
1103 1 717 472 34 23 drone
1104 1 717 472 35 24 drone
1105 1 717 473 33 23 drone
1106 1 717 473 34 24 drone
1107 1 718 473 33 23 drone
1108 1 718 474 33 23 drone
1109 1 718 474 34 24 drone
1110 1 720 474 33 23 drone
1111 1 720 475 33 23 drone
1112 1 718 475 34 24 drone
1113 1 719 476 34 23 drone
1114 1 719 477 33 23 drone
1115 1 719 476 34 23 drone
1116 1 719 476 35 24 drone
1117 1 719 477 34 24 drone
1118 1 720 478 33 23 drone
1119 1 720 478 34 23 drone
1120 1 720 477 33 23 drone
1121 1 721 477 33 23 drone
1122 1 721 479 34 24 drone
1123 1 721 479 34 24 drone
1124 1 722 479 33 23 drone
1125 1 722 479 34 23 drone
1126 1 722 480 33 23 drone
1127 1 722 481 34 24 drone
1128 1 721 481 34 24 drone
1129 1 722 481 34 24 drone
1130 1 722 480 35 24 drone
1131 1 722 481 34 24 drone
1132 1 722 483 34 24 drone
1133 1 722 483 34 24 drone
1134 1 722 483 35 24 drone
1135 1 722 483 35 24 drone
1136 1 722 483 35 24 drone
1137 1 723 484 34 24 drone
1138 1 723 484 34 24 drone
1139 1 722 485 34 24 drone
1140 1 723 485 34 24 drone
1141 1 722 485 35 24 drone
1142 1 722 486 34 24 drone
1143 1 721 487 35 24 drone
1144 1 721 487 34 24 drone
1145 1 721 487 35 24 drone
1146 1 721 487 34 24 drone
1147 1 721 488 34 24 drone
1148 1 721 488 35 24 drone
1149 1 721 488 34 24 drone
1150 1 720 487 34 24 drone
1151 1 720 488 36 25 drone
1152 1 721 488 33 23 drone
1153 1 720 489 34 24 drone
1154 1 720 489 35 24 drone
1155 1 719 489 35 24 drone
1156 1 719 489 35 24 drone
1157 1 720 489 34 23 drone
1158 1 720 490 34 24 drone
1159 1 719 489 35 24 drone
1160 1 719 489 34 24 drone
1161 1 719 490 35 24 drone
1162 1 719 490 34 23 drone
1163 1 719 491 34 24 drone
1164 1 719 491 33 23 drone
1165 1 720 491 34 24 drone
1166 1 719 490 34 24 drone
1167 1 720 490 33 23 drone
1168 1 721 491 32 22 drone
1169 1 720 490 35 25 drone
1170 1 721 490 32 22 drone
1171 1 720 490 33 23 drone
1172 1 721 490 33 23 drone
1173 1 721 490 33 23 drone
1174 1 720 490 34 24 drone
1175 1 721 490 34 23 drone
1176 1 720 489 34 24 drone
1177 1 719 489 36 25 drone
1178 1 720 489 34 24 drone
1179 1 719 489 34 24 drone
1180 1 719 489 35 24 drone
1181 1 720 489 33 23 drone
1182 1 719 489 33 23 drone
1183 1 719 488 35 24 drone
1184 1 718 487 35 24 drone
1185 1 718 487 33 23 drone
1186 1 718 487 35 24 drone
1187 1 718 487 34 24 drone
1188 1 716 487 35 24 drone
1189 1 717 486 34 24 drone
1190 1 718 487 32 23 drone
1191 1 717 487 34 24 drone
1192 1 716 485 34 24 drone
1193 1 716 486 34 24 drone
1194 1 716 485 34 24 drone
1195 1 716 485 35 24 drone
1196 1 716 484 34 24 drone
1197 1 716 484 33 23 drone
1198 1 716 484 32 22 drone
1199 1 715 484 34 24 drone
1200 1 715 483 34 24 drone
1201 1 715 483 34 23 drone
1202 1 715 482 34 24 drone
1203 1 715 481 34 24 drone
1204 1 714 480 35 24 drone
1205 1 713 481 35 24 drone
1206 1 714 481 35 24 drone
1207 1 713 480 34 24 drone
1208 1 713 480 34 24 drone
1209 1 713 480 35 24 drone
1210 1 713 480 35 24 drone
1211 1 708 479 36 25 drone
1212 1 705 478 35 25 drone
1213 1 701 478 37 26 drone
1214 1 696 478 36 25 drone
1215 1 691 478 36 25 drone
1216 1 687 476 37 26 drone
1217 1 682 476 38 26 drone
1218 1 678 476 38 26 drone
1219 1 677 476 38 27 drone
1220 1 676 475 39 27 drone
1221 1 676 475 39 27 drone
1222 1 676 475 38 27 drone
1223 1 675 475 39 27 drone
1224 1 675 475 38 27 drone
1225 1 675 474 39 27 drone
1226 1 675 474 38 27 drone
1227 1 675 474 38 27 drone
1228 1 674 474 39 27 drone
1229 1 674 474 39 27 drone
1230 1 674 474 39 27 drone
1231 1 674 474 38 27 drone
1232 1 675 474 38 27 drone
1233 1 674 474 39 27 drone
1234 1 675 474 37 26 drone
1235 1 671 474 40 28 drone
1236 1 668 473 39 27 drone
1237 1 664 473 39 27 drone
1238 1 664 473 38 26 drone
1239 1 664 473 40 28 drone
1240 1 664 472 40 28 drone
1241 1 663 472 40 28 drone
1242 1 664 473 40 28 drone
1243 1 664 473 40 28 drone
1244 1 663 473 41 28 drone
1245 1 663 473 41 28 drone
1246 1 663 473 40 28 drone
1247 1 663 472 40 28 drone
1248 1 663 472 40 28 drone
1249 1 662 472 41 28 drone
1250 1 663 472 40 28 drone
1251 1 662 472 40 28 drone
1252 1 662 473 41 28 drone
1253 1 662 472 41 28 drone
1254 1 662 472 41 28 drone
1255 1 663 472 40 28 drone
1256 1 663 473 40 28 drone
1257 1 663 473 39 27 drone
1258 1 664 472 39 27 drone
1259 1 664 473 39 28 drone
1260 1 664 473 39 28 drone
1261 1 663 473 40 28 drone
1262 1 665 473 39 27 drone
1263 1 664 472 40 28 drone
1264 1 666 473 39 27 drone
1265 1 666 474 38 27 drone
1266 1 666 475 39 27 drone
1267 1 666 475 39 27 drone
1268 1 666 474 39 27 drone
1269 1 666 474 39 27 drone
1270 1 668 474 38 26 drone
1271 1 668 475 39 27 drone
1272 1 667 474 39 28 drone
1273 1 668 474 40 28 drone
1274 1 668 474 39 27 drone
1275 1 669 474 39 27 drone
1276 1 668 474 39 27 drone
1277 1 669 474 39 27 drone
1278 1 669 474 39 27 drone
1279 1 669 474 40 28 drone
1280 1 669 474 40 28 drone
1281 1 670 474 39 27 drone
1282 1 670 474 40 28 drone
1283 1 670 474 39 27 drone
1284 1 671 474 39 27 drone
1285 1 671 474 39 27 drone
1286 1 670 473 40 28 drone
1287 1 670 473 40 28 drone
1288 1 671 473 39 27 drone
1289 1 670 473 40 28 drone
1290 1 671 472 40 28 drone
1291 1 671 473 39 27 drone
1292 1 672 474 39 27 drone
1293 1 671 474 39 27 drone
1294 1 672 475 39 27 drone
1295 1 671 475 39 27 drone
1296 1 671 475 39 27 drone
1297 1 671 476 39 27 drone
1298 1 671 475 39 27 drone
1299 1 671 474 39 27 drone
1300 1 671 473 39 28 drone
1301 1 671 475 40 28 drone
1302 1 670 474 40 28 drone
1303 1 670 474 40 28 drone
1304 1 672 474 39 27 drone
1305 1 671 474 39 27 drone
1306 1 671 476 39 27 drone
1307 1 671 475 39 27 drone
1308 1 671 474 38 27 drone
1309 1 670 473 40 28 drone
1310 1 670 474 39 27 drone
1311 1 670 474 39 27 drone
1312 1 670 474 39 27 drone
1313 1 669 473 40 28 drone
1314 1 670 473 38 26 drone
1315 1 669 473 39 27 drone
1316 1 670 474 38 27 drone
1317 1 670 473 39 27 drone
1318 1 670 473 40 28 drone
1319 1 670 473 40 28 drone
1320 1 670 473 38 27 drone
1321 1 670 473 39 27 drone
1322 1 670 472 39 27 drone
1323 1 669 472 40 28 drone
1324 1 669 471 41 29 drone
1325 1 670 470 38 27 drone
1326 1 669 471 42 30 drone
1327 1 669 472 42 29 drone
1328 1 671 472 37 26 drone
1329 1 670 471 41 29 drone
1330 1 671 472 38 26 drone
1331 1 669 472 42 29 drone
1332 1 670 472 42 29 drone
1333 1 670 472 42 30 drone
1334 1 672 471 38 26 drone
1335 1 671 470 43 30 drone
1336 1 671 470 44 30 drone
1337 1 672 470 43 30 drone
1338 1 672 471 42 29 drone
1339 1 672 470 42 29 drone
1340 1 673 470 42 29 drone
1341 1 675 471 42 29 drone
1342 1 674 472 40 28 drone
1343 1 673 471 42 29 drone
1344 1 673 470 44 30 drone
1345 1 675 472 38 26 drone
1346 1 674 472 41 29 drone
1347 1 673 472 41 29 drone
1348 1 674 473 40 28 drone
1349 1 673 473 40 28 drone
1350 1 673 473 38 27 drone
1351 1 673 473 42 29 drone
1352 1 674 474 40 28 drone
1353 1 673 473 42 29 drone
1354 1 673 473 42 29 drone
1355 1 672 473 41 29 drone
1356 1 672 474 40 28 drone
1357 1 671 474 39 28 drone
1358 1 670 474 43 30 drone
1359 1 671 474 40 28 drone
1360 1 668 474 41 29 drone
1361 1 662 473 43 30 drone
1362 1 659 474 41 29 drone
1363 1 655 473 43 30 drone
1364 1 648 473 40 28 drone
1365 1 640 471 46 32 drone
1366 1 636 471 46 32 drone
1367 1 635 472 47 32 drone
1368 1 635 473 45 31 drone
1369 1 635 473 45 31 drone
1370 1 634 473 45 31 drone
1371 1 631 470 47 33 drone
1372 1 631 471 48 33 drone
1373 1 629 472 45 31 drone
1374 1 628 471 48 33 drone
1375 1 628 472 47 33 drone
1376 1 627 471 46 32 drone
1377 1 627 471 46 32 drone
1378 1 626 471 46 32 drone
1379 1 625 472 44 31 drone
1380 1 623 471 47 33 drone
1381 1 623 472 46 32 drone
1382 1 621 472 46 32 drone
1383 1 620 472 46 32 drone
1384 1 617 471 46 32 drone
1385 1 617 471 46 32 drone
1386 1 616 472 46 32 drone
1387 1 615 472 46 32 drone
1388 1 614 471 46 32 drone
1389 1 614 472 45 31 drone
1390 1 610 471 46 32 drone
1391 1 610 471 45 31 drone
1392 1 607 471 46 32 drone
1393 1 607 471 45 31 drone
1394 1 605 469 45 32 drone
1395 1 604 469 46 32 drone
1396 1 602 468 46 32 drone
1397 1 603 470 43 30 drone
1398 1 600 469 46 32 drone
1399 1 600 468 45 31 drone
1400 1 599 469 44 30 drone
1401 1 598 470 43 30 drone
1402 1 605 488 43 30 drone
1403 1 612 493 44 31 drone
1404 1 625 503 45 32 drone
1405 1 637 532 45 32 drone
1406 1 670 557 40 32 drone
1407 1 931 562 40 32 drone
1408 1 1149 565 39 32 drone
1409 1 1136 567 40 33 drone
1410 1 1141 570 40 33 drone
1411 1 1171 569 40 33 drone
1412 1 1229 570 40 33 drone
1413 1 1355 570 40 33 drone
1414 1 1372 570 39 33 drone
1415 1 1374 570 40 33 drone
1416 1 1375 570 40 33 drone
1417 1 1371 570 39 32 drone
1418 1 1370 571 39 32 drone
1419 1 1368 571 41 34 drone
1420 1 1369 573 38 31 drone
1421 1 1367 573 39 32 drone
1422 1 1366 573 40 33 drone
1423 1 1363 573 40 33 drone
1424 1 1364 575 39 32 drone
1425 1 1362 576 39 32 drone
1426 1 1361 576 39 32 drone
1427 1 1360 577 39 32 drone
1428 1 1358 578 38 31 drone
1429 1 1357 579 38 32 drone
1430 1 1357 580 40 33 drone
1431 1 1354 582 39 32 drone
1432 1 1355 584 38 31 drone
1433 1 1353 583 38 31 drone
1434 1 1353 583 38 32 drone
1435 1 1351 584 38 31 drone
1436 1 1349 585 41 34 drone
1437 1 1350 587 39 32 drone
1438 1 1348 587 39 32 drone
1439 1 1349 588 37 31 drone
1440 1 1347 589 38 32 drone
1441 1 1346 590 39 32 drone
1442 1 1345 592 38 31 drone
1443 1 1345 592 39 32 drone
1444 1 1344 593 38 32 drone
1445 1 1341 594 40 33 drone
1446 1 1341 595 40 33 drone
1447 1 1342 596 39 33 drone
1448 1 1340 597 40 33 drone
1449 1 1340 597 40 33 drone
1450 1 1340 597 40 33 drone
1451 1 1339 598 40 33 drone
1452 1 1338 597 41 34 drone
1453 1 1335 601 40 33 drone
1454 1 1335 602 40 33 drone
1455 1 1336 603 38 31 drone
1456 1 1336 603 38 31 drone
1457 1 1336 604 38 31 drone
1458 1 1335 603 38 32 drone
1459 1 1333 606 38 32 drone
1460 1 1333 606 38 31 drone
1461 1 1333 606 38 32 drone
1462 1 1332 607 39 32 drone
1463 1 1332 607 39 32 drone
1464 1 1332 607 39 32 drone
1465 1 1330 609 38 32 drone
1466 1 1330 610 39 32 drone
1467 1 1330 612 39 32 drone
1468 1 1329 611 40 33 drone
1469 1 1328 613 38 31 drone
1470 1 1328 613 39 32 drone
1471 1 1327 614 40 33 drone
1472 1 1326 616 38 32 drone
1473 1 1326 616 38 31 drone
1474 1 1326 616 39 32 drone
1475 1 1325 617 39 32 drone
1476 1 1325 618 38 32 drone
1477 1 1325 618 38 32 drone
1478 1 1323 619 39 33 drone
1479 1 1323 620 39 33 drone
1480 1 1322 621 40 33 drone
1481 1 1323 621 39 32 drone
1482 1 1323 622 38 31 drone
1483 1 1323 623 38 32 drone
1484 1 1322 623 39 32 drone
1485 1 1322 625 38 32 drone
1486 1 1322 624 39 32 drone
1487 1 1321 626 39 32 drone
1488 1 1321 626 37 31 drone
1489 1 1320 625 39 32 drone
1490 1 1316 625 37 31 drone
1491 1 1316 625 37 31 drone
1492 1 1315 626 38 31 drone
1493 1 1315 627 37 31 drone
1494 1 1313 625 39 33 drone
1495 1 1314 626 37 31 drone
1496 1 1314 627 38 32 drone
1497 1 1312 627 40 33 drone
1498 1 1312 627 39 32 drone
1499 1 1312 628 38 32 drone
