0 1 946 461 36 16 drone
1 1 946 472 36 16 drone
2 1 947 485 36 16 drone
3 1 947 493 36 16 drone
4 1 950 507 34 15 drone
5 1 948 518 34 15 drone
6 1 951 527 36 16 drone
7 1 946 535 37 17 drone
8 1 946 542 39 17 drone
9 1 948 553 37 17 drone
10 1 946 560 36 16 drone
11 1 946 570 36 16 drone
12 1 951 572 36 16 drone
13 1 951 576 36 16 drone
14 1 951 579 34 15 drone
15 1 954 582 32 14 drone
16 1 952 584 32 14 drone
17 1 951 582 31 14 drone
18 1 958 583 31 14 drone
19 1 957 581 31 14 drone
20 1 953 577 31 14 drone
21 1 949 571 32 14 drone
22 1 955 559 31 14 drone
23 1 952 553 31 14 drone
24 1 958 551 31 14 drone
25 1 955 547 31 14 drone
26 1 950 537 31 14 drone
27 1 957 527 31 14 drone
28 1 953 520 31 13 drone
29 1 954 518 30 12 drone
30 1 951 507 34 16 drone
31 1 954 499 34 16 drone
32 1 955 487 34 16 drone
33 1 950 480 34 16 drone
34 1 949 474 34 16 drone
35 1 945 464 36 17 drone
36 1 950 458 37 18 drone
37 1 953 449 37 18 drone
38 1 955 440 37 18 drone
39 1 959 434 37 18 drone
40 1 955 428 37 18 drone
41 1 955 420 38 18 drone
42 1 955 411 37 18 drone
43 1 952 402 37 18 drone
44 1 954 400 37 18 drone
45 1 955 392 37 18 drone
46 1 960 399 37 18 drone
47 1 957 406 35 17 drone
48 1 956 414 37 18 drone
49 1 955 421 37 18 drone
50 1 955 429 37 18 drone
51 1 962 435 37 18 drone
52 1 958 443 37 18 drone
53 1 956 449 44 18 drone
54 1 955 457 44 18 drone
55 1 956 463 44 19 drone
56 1 954 469 46 20 drone
57 1 952 473 49 21 drone
58 1 953 478 49 21 drone
59 1 952 486 48 22 drone
60 1 947 499 50 23 drone
61 1 951 502 50 23 drone
62 1 949 506 48 20 drone
63 1 957 512 48 20 drone
64 1 954 517 48 20 drone
65 1 951 522 48 20 drone
66 1 952 532 48 20 drone
67 1 951 539 48 20 drone
68 1 952 548 46 19 drone
69 1 953 549 52 23 drone
70 1 960 557 52 23 drone
71 1 953 553 52 23 drone
72 1 953 553 52 23 drone
73 1 956 550 52 23 drone
74 1 968 557 52 23 drone
75 1 959 546 43 23 drone
76 1 959 543 43 23 drone
77 1 957 538 43 23 drone
78 1 962 530 37 20 drone
79 1 957 524 37 20 drone
80 1 965 516 37 20 drone
81 1 966 508 37 20 drone
82 1 965 500 33 20 drone
83 1 967 494 33 20 drone
84 1 971 488 33 20 drone
85 1 966 481 33 20 drone
86 1 964 470 33 20 drone
87 1 964 463 37 20 drone
88 1 962 458 37 20 drone
89 1 957 450 39 21 drone
90 1 959 443 41 22 drone
91 1 959 433 41 22 drone
92 1 965 426 39 21 drone
93 1 966 417 39 21 drone
94 1 966 407 41 22 drone
95 1 962 399 43 23 drone
96 1 959 395 43 23 drone
97 1 963 378 45 24 drone
98 1 962 384 45 24 drone
99 1 957 361 45 24 drone
100 1 960 353 45 24 drone
101 1 957 344 45 24 drone
102 1 960 338 45 24 drone
103 1 956 332 47 25 drone
104 1 961 320 47 25 drone
105 1 964 316 41 21 drone
106 1 961 313 41 21 drone
107 1 959 302 41 21 drone
108 1 958 300 41 21 drone
109 1 966 289 41 21 drone
110 1 962 283 41 21 drone
111 1 959 279 41 21 drone
112 1 968 273 41 21 drone
113 1 961 269 41 21 drone
114 1 963 268 41 21 drone
115 1 965 273 41 21 drone
116 1 964 273 41 21 drone
117 1 966 280 41 21 drone
118 1 964 279 41 21 drone
119 1 971 288 41 21 drone
120 1 966 298 41 21 drone
121 1 962 308 45 20 drone
122 1 959 317 45 20 drone
123 1 965 319 43 19 drone
124 1 959 327 43 19 drone
125 1 964 334 41 18 drone
126 1 964 343 41 18 drone
127 1 964 347 41 18 drone
128 1 962 354 43 19 drone
129 1 959 361 46 20 drone
130 1 959 364 48 21 drone
131 1 959 381 48 21 drone
132 1 962 379 48 21 drone
133 1 966 386 48 21 drone
134 1 964 396 46 20 drone
135 1 964 396 42 15 drone
136 1 960 415 42 15 drone
137 1 968 410 33 14 drone
138 1 960 414 46 13 drone
139 1 963 418 46 16 drone
140 1 964 424 41 21 drone
141 1 968 432 41 21 drone
142 1 961 436 43 22 drone
143 1 961 441 43 22 drone
144 1 961 445 43 22 drone
145 1 964 451 41 21 drone
146 1 960 458 41 21 drone
147 1 965 460 39 20 drone
148 1 967 465 39 20 drone
149 1 967 468 37 19 drone
150 1 969 471 39 20 drone
151 1 970 474 39 20 drone
152 1 971 476 37 19 drone
153 1 967 478 37 19 drone
154 1 966 479 35 18 drone
155 1 962 482 35 18 drone
156 1 963 485 34 17 drone
157 1 967 485 35 18 drone
158 1 967 488 34 17 drone
159 1 970 489 34 17 drone
160 1 971 491 34 18 drone
161 1 968 495 32 17 drone
162 1 966 496 32 17 drone
163 1 967 497 34 18 drone
164 1 968 500 32 17 drone
165 1 966 505 32 17 drone
166 1 968 508 30 16 drone
167 1 967 507 30 16 drone
168 1 970 507 30 16 drone
169 1 970 510 30 16 drone
170 1 969 515 31 17 drone
171 1 962 517 31 17 drone
172 1 965 519 30 16 drone
173 1 968 520 30 16 drone
174 1 972 520 29 15 drone
175 1 967 524 29 15 drone
176 1 961 528 29 15 drone
177 1 967 527 29 15 drone
178 1 968 528 29 15 drone
179 1 969 532 29 15 drone
180 1 964 534 30 16 drone
181 1 965 537 30 16 drone
182 1 967 537 31 17 drone
183 1 966 539 33 18 drone
184 1 967 541 31 17 drone
185 1 964 543 31 17 drone
186 1 966 544 30 16 drone
187 1 963 550 31 17 drone
188 1 966 550 31 17 drone
189 1 966 553 31 17 drone
190 1 968 555 30 16 drone
191 1 964 560 29 15 drone
192 1 964 559 30 15 drone
193 1 960 564 29 14 drone
194 1 963 566 27 14 drone
195 1 966 567 29 14 drone
196 1 964 572 29 14 drone
197 1 962 573 29 14 drone
198 1 968 574 27 14 drone
199 1 969 574 27 14 drone
200 1 959 579 27 14 drone
201 1 963 583 27 14 drone
202 1 957 586 27 14 drone
203 1 966 586 29 14 drone
204 1 965 588 29 14 drone
205 1 963 591 30 15 drone
206 1 959 593 30 15 drone
207 1 969 595 29 14 drone
208 1 967 596 29 14 drone
209 1 963 598 29 14 drone
210 1 964 600 29 14 drone
211 1 966 604 29 14 drone
212 1 964 606 30 15 drone
213 1 964 607 30 15 drone
214 1 961 610 30 15 drone
215 1 961 611 30 15 drone
216 1 959 612 30 15 drone
217 1 958 615 30 15 drone
218 1 959 617 30 15 drone
219 1 964 619 30 15 drone
220 1 957 621 30 15 drone
221 1 956 622 30 15 drone
222 1 956 623 30 15 drone
223 1 964 627 29 14 drone
224 1 960 627 30 15 drone
225 1 959 626 30 15 drone
226 1 962 623 30 15 drone
227 1 957 618 30 15 drone
228 1 955 611 31 16 drone
229 1 954 602 33 17 drone
230 1 958 597 33 17 drone
231 1 956 590 33 17 drone
232 1 958 584 33 17 drone
233 1 956 578 33 17 drone
234 1 956 570 33 17 drone
235 1 957 561 35 17 drone
236 1 957 555 33 17 drone
237 1 957 549 33 17 drone
238 1 961 545 31 16 drone
239 1 957 537 31 16 drone
240 1 962 530 31 16 drone
241 1 960 522 31 16 drone
242 1 962 514 33 17 drone
243 1 956 509 33 17 drone
244 1 954 501 35 17 drone
245 1 957 493 35 17 drone
246 1 954 482 35 17 drone
247 1 957 476 35 17 drone
248 1 953 467 36 18 drone
249 1 953 460 36 18 drone
250 1 953 452 35 17 drone
251 1 952 443 35 17 drone
252 1 955 433 35 17 drone
253 1 957 429 36 18 drone
254 1 958 424 36 18 drone
255 1 958 415 36 18 drone
256 1 953 406 36 18 drone
257 1 954 399 36 18 drone
258 1 947 388 38 19 drone
259 1 957 382 40 20 drone
260 1 966 377 40 20 drone
261 1 951 364 40 20 drone
262 1 953 356 40 20 drone
263 1 954 349 40 20 drone
264 1 958 341 40 20 drone
265 1 963 334 38 19 drone
266 1 959 322 38 19 drone
267 1 961 315 32 18 drone
268 1 958 302 34 19 drone
269 1 962 294 34 19 drone
270 1 959 286 34 19 drone
271 1 959 277 34 19 drone
272 1 959 268 36 20 drone
273 1 962 261 34 19 drone
274 1 962 260 32 18 drone
275 1 962 263 32 18 drone
276 1 965 269 34 19 drone
277 1 961 276 34 19 drone
278 1 961 281 36 20 drone
279 1 969 288 34 19 drone
280 1 964 294 34 19 drone
281 1 963 302 36 20 drone
282 1 961 307 36 20 drone
283 1 961 315 37 21 drone
284 1 958 323 39 22 drone
285 1 960 332 37 21 drone
286 1 962 341 39 22 drone
287 1 959 350 39 22 drone
288 1 962 358 37 21 drone
289 1 963 368 39 22 drone
290 1 963 374 39 22 drone
291 1 961 382 39 22 drone
292 1 966 390 39 22 drone
293 1 959 399 39 22 drone
294 1 966 409 39 22 drone
295 1 966 417 37 21 drone
296 1 966 425 37 21 drone
297 1 965 433 39 22 drone
298 1 964 440 39 22 drone
299 1 963 449 39 22 drone
300 1 966 457 39 22 drone
301 1 964 465 41 23 drone
302 1 965 473 41 23 drone
303 1 966 482 41 23 drone
304 1 966 489 39 22 drone
305 1 968 492 37 21 drone
306 1 966 497 37 21 drone
307 1 966 502 37 21 drone
308 1 969 508 34 19 drone
309 1 968 513 34 19 drone
310 1 969 517 34 19 drone
311 1 968 519 34 19 drone
312 1 970 523 34 19 drone
313 1 970 528 34 19 drone
314 1 970 534 34 19 drone
315 1 969 539 34 19 drone
316 1 969 544 34 19 drone
317 1 970 551 34 19 drone
318 1 971 557 32 18 drone
319 1 972 562 32 18 drone
320 1 972 568 32 18 drone
321 1 973 573 32 18 drone
322 1 972 579 32 18 drone
323 1 970 585 34 19 drone
324 1 970 590 34 19 drone
325 1 969 595 34 19 drone
326 1 970 603 34 19 drone
327 1 972 609 34 19 drone
328 1 972 615 34 19 drone
329 1 973 620 32 18 drone
330 1 972 626 32 18 drone
331 1 973 629 34 19 drone
332 1 972 636 34 19 drone
333 1 972 640 34 19 drone
334 1 974 645 34 19 drone
335 1 973 649 34 19 drone
336 1 975 654 32 18 drone
337 1 972 659 34 19 drone
338 1 969 664 34 19 drone
339 1 969 671 34 19 drone
340 1 973 677 34 19 drone
341 1 975 686 34 19 drone
342 1 975 693 34 19 drone
343 1 977 702 34 19 drone
344 1 975 709 34 19 drone
345 1 975 716 34 19 drone
346 1 978 724 34 19 drone
347 1 976 732 34 19 drone
348 1 977 743 34 19 drone
349 1 979 749 34 19 drone
350 1 976 753 34 19 drone
351 1 977 757 34 19 drone
352 1 976 761 34 19 drone
353 1 978 767 34 19 drone
354 1 978 767 34 19 drone
355 1 975 766 36 20 drone
356 1 977 765 36 20 drone
357 1 978 764 36 20 drone
358 1 977 761 36 20 drone
359 1 980 759 34 19 drone
360 1 978 758 34 19 drone
361 1 980 757 34 19 drone
362 1 978 755 34 19 drone
363 1 979 754 34 19 drone
364 1 979 751 36 20 drone
365 1 980 751 36 20 drone
366 1 980 750 36 20 drone
367 1 980 751 36 20 drone
368 1 980 750 36 20 drone
369 1 981 749 36 20 drone
370 1 978 749 36 20 drone
371 1 979 749 36 20 drone
372 1 980 750 36 20 drone
373 1 981 750 36 20 drone
374 1 980 751 36 20 drone
375 1 981 750 36 20 drone
376 1 984 750 34 19 drone
377 1 983 751 34 19 drone
378 1 983 751 34 19 drone
379 1 983 751 34 19 drone
380 1 984 751 34 19 drone
381 1 983 752 34 19 drone
382 1 982 752 34 19 drone
383 1 982 752 34 19 drone
384 1 983 752 34 19 drone
385 1 985 752 34 19 drone
386 1 985 753 34 19 drone
387 1 984 752 36 20 drone
388 1 982 752 36 20 drone
389 1 983 751 36 20 drone
390 1 984 751 36 20 drone
391 1 984 752 36 20 drone
392 1 986 752 36 20 drone
393 1 986 751 34 19 drone
394 1 985 752 34 19 drone
395 1 987 752 34 19 drone
396 1 986 752 34 19 drone
397 1 989 750 34 19 drone
398 1 989 750 34 19 drone
399 1 989 749 34 19 drone
400 1 988 750 34 19 drone
401 1 989 750 34 19 drone
402 1 990 749 34 19 drone
403 1 988 748 36 20 drone
404 1 987 747 36 20 drone
405 1 990 746 36 20 drone
406 1 989 745 36 20 drone
407 1 990 745 37 21 drone
408 1 989 744 37 21 drone
409 1 989 741 37 21 drone
410 1 989 740 37 21 drone
411 1 988 742 37 21 drone
412 1 991 748 39 22 drone
413 1 993 751 39 22 drone
414 1 995 750 37 21 drone
415 1 996 750 37 21 drone
416 1 996 747 36 20 drone
417 1 996 745 37 21 drone
418 1 996 745 37 21 drone
419 1 997 743 37 21 drone
420 1 997 740 37 21 drone
421 1 997 737 37 21 drone
422 1 998 739 37 21 drone
423 1 998 739 37 21 drone
424 1 999 736 37 21 drone
425 1 999 734 37 21 drone
426 1 1001 731 37 21 drone
427 1 1001 732 39 22 drone
428 1 1001 730 39 22 drone
429 1 1004 729 39 22 drone
430 1 1006 729 37 21 drone
431 1 1004 726 39 22 drone
432 1 1007 725 37 21 drone
433 1 1008 724 37 21 drone
434 1 1010 723 37 21 drone
435 1 1010 720 37 21 drone
436 1 1012 719 36 20 drone
437 1 1012 719 37 21 drone
438 1 1015 718 37 21 drone
439 1 1019 716 37 21 drone
440 1 1017 714 37 21 drone
441 1 1020 714 37 21 drone
442 1 1022 713 37 21 drone
443 1 1022 711 39 22 drone
444 1 1024 709 41 23 drone
445 1 1026 706 41 23 drone
446 1 1027 705 41 23 drone
447 1 1031 705 41 23 drone
448 1 1032 704 41 23 drone
449 1 1033 702 41 23 drone
450 1 1037 701 41 23 drone
451 1 1040 699 41 23 drone
452 1 1042 699 41 23 drone
453 1 1043 697 41 23 drone
454 1 1046 697 41 23 drone
455 1 1048 694 39 22 drone
456 1 1050 692 39 22 drone
457 1 1052 695 39 22 drone
458 1 1054 695 39 22 drone
459 1 1056 695 39 22 drone
460 1 1057 694 37 21 drone
461 1 1057 694 39 22 drone
462 1 1056 696 39 22 drone
463 1 1058 696 39 22 drone
464 1 1060 697 39 22 drone
465 1 1059 695 39 22 drone
466 1 1059 694 39 22 drone
467 1 1058 695 39 22 drone
468 1 1058 696 39 22 drone
469 1 1055 696 39 22 drone
470 1 1043 693 39 22 drone
471 1 1019 691 39 22 drone
472 1 997 690 39 22 drone
473 1 995 691 39 22 drone
474 1 999 691 37 21 drone
475 1 1000 689 37 21 drone
476 1 1002 687 37 21 drone
477 1 1005 685 39 22 drone
478 1 1006 683 39 22 drone
479 1 1006 683 41 23 drone
480 1 1009 683 41 23 drone
481 1 1009 682 41 23 drone
482 1 1012 679 41 23 drone
483 1 1014 677 41 23 drone
484 1 1019 677 41 23 drone
485 1 1021 677 41 23 drone
486 1 1024 675 39 22 drone
487 1 1025 674 39 22 drone
488 1 1027 672 39 22 drone
489 1 1029 671 39 22 drone
490 1 1033 671 39 22 drone
491 1 1034 671 39 22 drone
492 1 1035 672 39 22 drone
493 1 1040 669 39 22 drone
494 1 1041 668 39 22 drone
495 1 1044 668 39 22 drone
496 1 1047 667 39 22 drone
497 1 1047 667 39 22 drone
498 1 1051 665 37 21 drone
499 1 1049 665 37 21 drone
500 1 1052 662 37 21 drone
501 1 1045 664 39 22 drone
502 1 1036 662 39 22 drone
503 1 1022 661 39 22 drone
504 1 1002 659 39 22 drone
505 1 984 660 39 22 drone
506 1 973 659 39 22 drone
507 1 967 660 39 22 drone
508 1 962 659 39 22 drone
509 1 957 659 39 22 drone
510 1 951 657 39 22 drone
511 1 943 658 39 22 drone
512 1 937 658 39 22 drone
513 1 932 658 39 22 drone
514 1 930 657 39 22 drone
515 1 930 657 39 22 drone
516 1 927 657 39 22 drone
517 1 929 659 39 22 drone
518 1 932 660 39 22 drone
519 1 935 661 39 22 drone
520 1 936 660 39 22 drone
521 1 939 660 37 21 drone
522 1 940 660 37 21 drone
523 1 941 660 39 22 drone
524 1 945 662 39 22 drone
525 1 943 660 39 22 drone
526 1 945 659 39 22 drone
527 1 947 659 39 22 drone
528 1 947 660 39 22 drone
529 1 953 662 39 22 drone
530 1 956 660 39 22 drone
531 1 955 659 39 22 drone
532 1 958 659 37 21 drone
533 1 961 661 37 21 drone
534 1 962 662 37 21 drone
535 1 965 661 37 21 drone
536 1 963 658 37 21 drone
537 1 966 658 39 22 drone
538 1 967 657 39 22 drone
539 1 970 659 39 22 drone
540 1 974 659 39 22 drone
541 1 974 658 41 23 drone
542 1 977 657 41 23 drone
543 1 980 658 41 23 drone
544 1 981 658 41 23 drone
545 1 983 658 41 23 drone
546 1 987 656 39 22 drone
547 1 988 653 41 23 drone
548 1 989 654 41 23 drone
549 1 994 657 39 22 drone
550 1 998 654 39 22 drone
551 1 1002 653 39 22 drone
552 1 1000 651 39 22 drone
553 1 1002 651 37 21 drone
554 1 1006 651 39 22 drone
555 1 1008 654 39 22 drone
556 1 1012 652 37 21 drone
557 1 1007 650 37 21 drone
558 1 1008 649 37 21 drone
559 1 1007 650 37 21 drone
560 1 1003 650 37 21 drone
561 1 994 648 39 22 drone
562 1 985 646 39 22 drone
563 1 977 645 39 22 drone
564 1 967 646 39 22 drone
565 1 954 650 39 22 drone
566 1 948 651 37 21 drone
567 1 937 648 39 22 drone
568 1 929 646 39 22 drone
569 1 922 648 39 22 drone
570 1 915 651 39 22 drone
571 1 907 651 39 22 drone
572 1 902 649 39 22 drone
573 1 897 651 39 22 drone
574 1 892 651 39 22 drone
575 1 886 651 39 22 drone
576 1 880 651 41 23 drone
577 1 875 651 41 23 drone
578 1 871 651 39 22 drone
579 1 868 654 37 21 drone
580 1 866 653 37 21 drone
581 1 861 653 39 22 drone
582 1 859 652 39 22 drone
583 1 855 654 39 22 drone
584 1 852 655 39 22 drone
585 1 847 654 39 22 drone
586 1 845 652 39 22 drone
587 1 845 651 39 22 drone
588 1 843 655 39 22 drone
589 1 839 657 39 22 drone
590 1 840 655 41 23 drone
591 1 840 655 41 23 drone
592 1 835 654 41 23 drone
593 1 835 654 41 23 drone
594 1 835 656 43 24 drone
595 1 835 658 43 24 drone
596 1 835 659 41 23 drone
597 1 836 658 41 23 drone
598 1 836 661 39 22 drone
599 1 837 664 37 21 drone
600 1 840 668 37 21 drone
601 1 838 669 37 21 drone
602 1 838 669 37 21 drone
603 1 837 669 39 22 drone
604 1 837 673 39 22 drone
605 1 836 676 39 22 drone
606 1 837 677 39 22 drone
607 1 834 678 39 22 drone
608 1 836 682 39 22 drone
609 1 835 684 39 22 drone
610 1 835 685 39 22 drone
611 1 834 687 39 22 drone
612 1 836 690 39 22 drone
613 1 834 691 39 22 drone
614 1 834 694 39 22 drone
615 1 834 695 39 22 drone
616 1 833 697 39 22 drone
617 1 833 700 37 21 drone
618 1 832 701 39 22 drone
619 1 831 701 39 22 drone
620 1 831 702 39 22 drone
621 1 830 702 39 22 drone
622 1 829 707 39 22 drone
623 1 827 709 39 22 drone
624 1 826 710 39 22 drone
625 1 825 712 39 22 drone
626 1 827 715 37 21 drone
627 1 823 716 39 22 drone
628 1 822 717 39 22 drone
629 1 815 718 39 22 drone
630 1 808 719 39 22 drone
631 1 799 718 39 22 drone
632 1 788 719 39 22 drone
633 1 780 720 39 22 drone
634 1 767 718 39 22 drone
635 1 759 717 39 22 drone
636 1 750 716 39 22 drone
637 1 741 716 39 22 drone
638 1 735 717 39 22 drone
639 1 727 716 39 22 drone
640 1 720 717 39 22 drone
641 1 713 718 39 22 drone
642 1 702 718 39 22 drone
643 1 697 718 39 22 drone
644 1 691 717 39 22 drone
645 1 684 715 39 22 drone
646 1 676 716 39 22 drone
647 1 670 718 39 22 drone
648 1 661 718 39 22 drone
649 1 656 717 37 21 drone
650 1 647 716 39 22 drone
651 1 642 718 39 22 drone
652 1 636 719 39 22 drone
653 1 634 718 39 22 drone
654 1 628 717 41 23 drone
655 1 624 715 41 23 drone
656 1 623 716 41 23 drone
657 1 623 716 41 23 drone
658 1 625 717 41 23 drone
659 1 624 715 41 23 drone
660 1 628 716 39 22 drone
661 1 629 716 39 22 drone
662 1 633 715 39 22 drone
663 1 636 715 39 22 drone
664 1 639 717 39 22 drone
665 1 641 715 41 23 drone
666 1 646 717 39 22 drone
667 1 647 716 39 22 drone
668 1 652 717 39 22 drone
669 1 653 719 39 22 drone
670 1 659 717 37 21 drone
671 1 663 716 37 21 drone
672 1 666 716 37 21 drone
673 1 666 716 39 22 drone
674 1 671 717 39 22 drone
675 1 673 717 39 22 drone
676 1 674 714 41 23 drone
677 1 679 714 41 23 drone
678 1 682 713 41 23 drone
679 1 687 715 39 22 drone
680 1 689 714 37 21 drone
681 1 692 713 37 21 drone
682 1 697 710 39 22 drone
683 1 701 709 39 22 drone
684 1 705 706 39 22 drone
685 1 706 699 39 22 drone
686 1 707 689 39 22 drone
687 1 710 679 41 23 drone
688 1 717 672 41 23 drone
689 1 720 668 41 23 drone
690 1 724 664 41 23 drone
691 1 728 661 41 23 drone
692 1 732 658 39 22 drone
693 1 735 658 39 22 drone
694 1 738 657 41 23 drone
695 1 742 656 39 22 drone
696 1 745 655 39 22 drone
697 1 748 654 39 22 drone
698 1 751 653 39 22 drone
699 1 756 654 39 22 drone
700 1 758 652 39 22 drone
701 1 763 651 41 23 drone
702 1 767 650 41 23 drone
703 1 770 651 41 23 drone
704 1 771 651 41 23 drone
705 1 776 652 41 23 drone
706 1 778 651 41 23 drone
707 1 783 651 41 23 drone
708 1 784 651 41 23 drone
709 1 790 651 41 23 drone
710 1 794 651 41 23 drone
711 1 798 649 41 23 drone
712 1 804 650 39 22 drone
713 1 808 650 39 22 drone
714 1 814 652 37 21 drone
715 1 813 650 39 22 drone
716 1 815 647 39 22 drone
717 1 818 644 39 22 drone
718 1 823 638 41 23 drone
719 1 825 624 41 23 drone
720 1 829 608 41 23 drone
721 1 835 590 43 24 drone
722 1 835 581 46 25 drone
723 1 840 573 46 25 drone
724 1 840 568 46 25 drone
725 1 844 558 46 25 drone
726 1 850 549 46 25 drone
727 1 856 545 46 25 drone
728 1 857 543 46 25 drone
729 1 861 543 46 25 drone
730 1 868 544 46 25 drone
731 1 875 545 46 25 drone
732 1 875 540 46 25 drone
733 1 880 539 43 24 drone
734 1 883 538 43 24 drone
735 1 888 538 43 24 drone
736 1 894 539 43 24 drone
737 1 897 539 43 24 drone
738 1 900 537 43 24 drone
739 1 904 535 43 24 drone
740 1 910 536 41 23 drone
741 1 914 535 41 23 drone
742 1 917 536 41 23 drone
743 1 920 533 39 22 drone
744 1 925 534 39 22 drone
745 1 930 536 39 22 drone
746 1 934 538 39 22 drone
747 1 938 537 39 22 drone
748 1 941 533 39 22 drone
749 1 947 532 39 22 drone
750 1 949 532 39 22 drone
751 1 953 534 39 22 drone
752 1 956 534 39 22 drone
753 1 963 533 41 23 drone
754 1 964 531 41 23 drone
755 1 967 530 41 23 drone
756 1 973 531 43 24 drone
757 1 978 532 43 24 drone
758 1 982 532 41 23 drone
759 1 982 529 41 23 drone
760 1 985 529 41 23 drone
761 1 991 531 39 22 drone
762 1 993 530 41 23 drone
763 1 998 530 39 22 drone
764 1 996 529 41 23 drone
765 1 1001 528 41 23 drone
766 1 1014 529 41 23 drone
767 1 1017 529 41 23 drone
768 1 1020 529 41 23 drone
769 1 1024 529 39 22 drone
770 1 1026 527 41 23 drone
771 1 1030 526 43 24 drone
772 1 1032 524 43 24 drone
773 1 1038 525 41 23 drone
774 1 1044 525 41 23 drone
775 1 1049 525 41 23 drone
776 1 1051 524 41 23 drone
777 1 1053 525 41 23 drone
778 1 1057 524 41 23 drone
779 1 1061 526 41 23 drone
780 1 1061 524 41 23 drone
781 1 1065 522 41 23 drone
782 1 1068 520 41 23 drone
783 1 1068 520 41 23 drone
784 1 1077 524 39 22 drone
785 1 1076 523 39 22 drone
786 1 1072 521 39 22 drone
787 1 1072 518 39 22 drone
788 1 1065 518 39 22 drone
789 1 1066 521 39 22 drone
790 1 1062 523 39 22 drone
791 1 1061 521 39 22 drone
792 1 1061 519 39 22 drone
793 1 1058 519 37 21 drone
794 1 1060 521 39 22 drone
795 1 1058 521 39 22 drone
796 1 1058 521 39 22 drone
797 1 1056 519 39 22 drone
798 1 1059 520 39 22 drone
799 1 1060 521 39 22 drone
800 1 1064 522 39 22 drone
801 1 1069 522 37 21 drone
802 1 1067 520 39 22 drone
803 1 1064 521 39 22 drone
804 1 1061 522 39 22 drone
805 1 1054 521 39 22 drone
806 1 1045 522 45 18 drone
807 1 1040 522 45 18 drone
808 1 1036 526 45 18 drone
809 1 1034 527 45 18 drone
810 1 1029 526 45 18 drone
811 1 1023 525 45 18 drone
812 1 1021 526 45 18 drone
813 1 1016 525 45 18 drone
814 1 1012 525 45 18 drone
815 1 1013 526 45 18 drone
816 1 1011 526 45 18 drone
817 1 1008 525 45 18 drone
818 1 1005 523 45 18 drone
819 1 1004 525 45 18 drone
820 1 1003 525 45 18 drone
821 1 1002 527 43 17 drone
822 1 999 526 43 17 drone
823 1 996 523 43 17 drone
824 1 994 524 43 17 drone
825 1 993 526 45 18 drone
826 1 991 526 45 18 drone
827 1 989 525 45 18 drone
828 1 988 523 45 18 drone
829 1 986 526 45 18 drone
830 1 983 528 45 18 drone
831 1 981 528 47 19 drone
832 1 980 529 47 19 drone
833 1 976 527 47 19 drone
834 1 974 525 47 19 drone
835 1 973 529 47 19 drone
836 1 971 529 45 18 drone
837 1 968 527 45 18 drone
838 1 964 523 47 19 drone
839 1 961 526 50 20 drone
840 1 958 526 50 20 drone
841 1 953 529 47 19 drone
842 1 952 528 47 19 drone
843 1 950 523 47 19 drone
844 1 946 525 47 19 drone
845 1 945 525 47 19 drone
846 1 943 529 47 19 drone
847 1 940 527 47 19 drone
848 1 938 526 47 19 drone
849 1 936 525 47 19 drone
850 1 933 523 47 19 drone
851 1 929 524 50 20 drone
852 1 930 524 47 19 drone
853 1 928 521 47 19 drone
854 1 926 521 47 19 drone
855 1 921 527 47 19 drone
856 1 920 529 47 19 drone
857 1 915 524 47 19 drone
858 1 916 519 47 19 drone
859 1 913 518 47 19 drone
860 1 910 518 50 20 drone
861 1 907 518 50 20 drone
862 1 908 520 50 20 drone
863 1 903 519 50 20 drone
864 1 901 519 50 20 drone
865 1 901 519 50 20 drone
866 1 898 517 52 21 drone
867 1 895 518 52 21 drone
868 1 893 517 50 20 drone
869 1 891 517 50 20 drone
870 1 890 517 50 20 drone
871 1 888 517 50 20 drone
872 1 886 517 50 20 drone
873 1 886 518 50 20 drone
874 1 889 521 47 19 drone
875 1 889 524 47 19 drone
876 1 890 519 47 19 drone
877 1 893 513 47 19 drone
878 1 892 510 47 19 drone
879 1 890 516 50 20 drone
880 1 894 522 50 20 drone
881 1 893 518 50 20 drone
882 1 896 512 50 20 drone
883 1 894 513 50 20 drone
884 1 896 516 50 20 drone
885 1 900 517 50 20 drone
886 1 899 511 47 19 drone
887 1 897 507 47 19 drone
888 1 896 508 50 20 drone
889 1 896 517 52 21 drone
890 1 899 517 52 21 drone
891 1 901 509 52 21 drone
892 1 902 500 52 21 drone
893 1 902 502 52 21 drone
894 1 904 510 50 20 drone
895 1 908 515 50 20 drone
896 1 908 510 47 19 drone
897 1 908 503 47 19 drone
898 1 911 503 47 19 drone
899 1 913 508 47 19 drone
900 1 916 511 47 19 drone
901 1 915 506 50 20 drone
902 1 917 498 50 20 drone
903 1 921 495 47 19 drone
904 1 923 500 47 19 drone
905 1 923 507 50 20 drone
906 1 925 507 50 20 drone
907 1 918 500 50 20 drone
908 1 918 497 47 19 drone
909 1 914 498 50 20 drone
910 1 910 503 47 19 drone
911 1 904 501 47 19 drone
912 1 896 494 50 20 drone
913 1 889 490 52 21 drone
914 1 882 490 50 20 drone
915 1 875 494 50 20 drone
916 1 868 493 50 20 drone
917 1 864 491 52 21 drone
918 1 857 487 52 21 drone
919 1 850 485 52 21 drone
920 1 843 489 52 21 drone
921 1 836 490 52 21 drone
922 1 831 487 52 21 drone
923 1 825 486 52 21 drone
924 1 821 485 52 21 drone
925 1 814 486 52 21 drone
926 1 805 487 50 20 drone
927 1 796 486 52 21 drone
928 1 789 482 52 21 drone
929 1 779 480 52 21 drone
930 1 768 479 50 20 drone
931 1 752 480 50 20 drone
932 1 734 481 50 20 drone
933 1 721 479 50 20 drone
934 1 710 479 50 20 drone
935 1 696 477 52 21 drone
936 1 683 478 52 21 drone
937 1 670 478 52 21 drone
938 1 658 476 52 21 drone
939 1 645 475 50 20 drone
940 1 632 473 47 19 drone
941 1 618 474 50 20 drone
942 1 607 472 50 20 drone
943 1 596 472 50 20 drone
944 1 584 471 47 19 drone
945 1 574 470 47 19 drone
946 1 565 470 47 19 drone
947 1 556 469 47 19 drone
948 1 549 470 47 19 drone
949 1 542 469 47 19 drone
950 1 534 467 47 19 drone
951 1 523 466 47 19 drone
952 1 516 466 50 20 drone
953 1 508 465 50 20 drone
954 1 500 463 52 21 drone
955 1 493 463 52 21 drone
956 1 490 462 52 21 drone
957 1 491 462 50 20 drone
958 1 491 463 50 20 drone
959 1 495 462 50 20 drone
960 1 499 459 50 20 drone
961 1 502 459 50 20 drone
962 1 506 459 50 20 drone
963 1 513 459 50 20 drone
964 1 517 457 50 20 drone
965 1 523 453 50 20 drone
966 1 527 450 52 21 drone
967 1 533 452 52 21 drone
968 1 540 453 50 20 drone
969 1 545 452 50 20 drone
970 1 551 446 50 20 drone
971 1 557 445 50 20 drone
972 1 562 447 50 20 drone
973 1 565 447 50 20 drone
974 1 571 444 52 21 drone
975 1 576 441 55 22 drone
976 1 579 440 55 22 drone
977 1 588 442 52 21 drone
978 1 596 440 52 21 drone
979 1 598 439 52 21 drone
980 1 604 434 52 21 drone
981 1 611 434 52 21 drone
982 1 616 434 52 21 drone
983 1 617 432 55 22 drone
984 1 626 433 52 21 drone
985 1 634 429 52 21 drone
986 1 636 426 52 21 drone
987 1 640 425 52 21 drone
988 1 645 426 52 21 drone
989 1 652 427 52 21 drone
990 1 652 421 52 21 drone
991 1 651 419 52 21 drone
992 1 645 416 52 21 drone
993 1 635 417 52 21 drone
994 1 628 417 52 21 drone
995 1 622 414 52 21 drone
996 1 621 412 52 21 drone
997 1 618 406 52 21 drone
998 1 616 405 52 21 drone
999 1 611 406 52 21 drone
1000 1 605 405 55 22 drone
1001 1 603 402 55 22 drone
1002 1 599 399 55 22 drone
1003 1 596 399 55 22 drone
1004 1 594 397 55 22 drone
1005 1 588 397 55 22 drone
1006 1 586 395 55 22 drone
1007 1 582 393 55 22 drone
1008 1 577 393 55 22 drone
1009 1 574 390 52 21 drone
1010 1 573 388 52 21 drone
1011 1 566 385 52 21 drone
1012 1 563 384 52 21 drone
1013 1 560 384 52 21 drone
1014 1 559 381 52 21 drone
1015 1 556 380 52 21 drone
1016 1 555 378 52 21 drone
1017 1 550 377 52 21 drone
1018 1 546 374 52 21 drone
1019 1 543 374 52 21 drone
1020 1 539 371 52 21 drone
1021 1 538 370 52 21 drone
1022 1 533 368 52 21 drone
1023 1 529 367 52 21 drone
1024 1 526 368 52 21 drone
1025 1 520 366 52 21 drone
1026 1 516 362 52 21 drone
1027 1 515 359 52 21 drone
1028 1 513 357 52 21 drone
1029 1 507 357 52 21 drone
1030 1 505 356 52 21 drone
1031 1 505 356 52 21 drone
1032 1 501 353 52 21 drone
1033 1 501 351 52 21 drone
1034 1 497 349 55 22 drone
1035 1 494 347 55 22 drone
1036 1 491 344 55 22 drone
1037 1 487 342 55 22 drone
1038 1 485 341 55 22 drone
1039 1 483 339 55 22 drone
1040 1 480 338 55 22 drone
1041 1 474 335 55 22 drone
1042 1 471 334 55 22 drone
1043 1 467 334 55 22 drone
1044 1 461 334 57 23 drone
1045 1 461 332 57 23 drone
1046 1 459 330 57 23 drone
1047 1 457 328 60 24 drone
1048 1 457 329 57 23 drone
1049 1 452 328 55 22 drone
1050 1 449 325 55 22 drone
1051 1 448 322 55 22 drone
1052 1 446 320 57 23 drone
1053 1 442 321 57 23 drone
1054 1 441 321 55 22 drone
1055 1 437 320 55 22 drone
1056 1 435 317 55 22 drone
1057 1 430 315 55 22 drone
1058 1 428 315 57 23 drone
1059 1 427 316 55 22 drone
1060 1 423 313 55 22 drone
1061 1 422 313 55 22 drone
1062 1 418 310 55 22 drone
1063 1 417 309 55 22 drone
1064 1 417 310 55 22 drone
1065 1 422 312 55 22 drone
1066 1 421 313 55 22 drone
1067 1 421 317 57 23 drone
1068 1 426 333 57 23 drone
1069 1 431 348 57 23 drone
1070 1 432 358 57 23 drone
1071 1 438 370 60 24 drone
1072 1 442 379 63 25 drone
1073 1 445 388 63 25 drone
1074 1 450 395 63 25 drone
1075 1 455 403 63 25 drone
1076 1 462 413 63 25 drone
1077 1 465 423 63 25 drone
1078 1 471 434 63 25 drone
1079 1 477 441 60 24 drone
1080 1 479 448 60 24 drone
1081 1 488 457 63 25 drone
1082 1 492 467 63 25 drone
1083 1 497 478 63 25 drone
1084 1 499 486 63 25 drone
1085 1 507 493 63 25 drone
1086 1 509 503 63 25 drone
1087 1 516 513 63 25 drone
1088 1 522 523 63 25 drone
1089 1 529 533 63 25 drone
1090 1 533 540 63 25 drone
1091 1 537 549 63 25 drone
1092 1 543 558 63 25 drone
1093 1 547 565 63 25 drone
1094 1 549 570 60 24 drone
1095 1 549 570 60 24 drone
1096 1 544 569 57 23 drone
1097 1 536 574 57 23 drone
1098 1 531 575 57 23 drone
1099 1 529 575 57 23 drone
1100 1 524 574 57 23 drone
1101 1 522 572 57 23 drone
1102 1 522 575 57 23 drone
1103 1 515 573 57 23 drone
1104 1 515 573 57 23 drone
1105 1 507 569 57 23 drone
1106 1 506 568 60 24 drone
1107 1 502 567 60 24 drone
1108 1 499 568 63 25 drone
1109 1 497 566 63 25 drone
1110 1 493 564 60 24 drone
1111 1 494 564 60 24 drone
1112 1 490 564 60 24 drone
1113 1 487 564 60 24 drone
1114 1 490 564 60 24 drone
1115 1 486 563 60 24 drone
1116 1 485 561 60 24 drone
1117 1 481 558 60 24 drone
1118 1 476 556 60 24 drone
1119 1 474 556 60 24 drone
1120 1 470 557 60 24 drone
1121 1 464 554 60 24 drone
1122 1 456 551 60 24 drone
1123 1 453 551 60 24 drone
1124 1 454 549 60 24 drone
1125 1 448 547 60 24 drone
1126 1 445 547 63 25 drone
1127 1 444 547 63 25 drone
1128 1 444 545 60 24 drone
1129 1 439 543 60 24 drone
1130 1 435 542 60 24 drone
1131 1 435 542 60 24 drone
1132 1 431 541 63 25 drone
1133 1 428 540 63 25 drone
1134 1 427 538 66 27 drone
1135 1 423 537 66 27 drone
1136 1 420 537 70 28 drone
1137 1 417 535 70 28 drone
1138 1 418 534 70 28 drone
1139 1 416 533 70 28 drone
1140 1 413 530 70 28 drone
1141 1 415 530 66 27 drone
1142 1 414 530 63 25 drone
1143 1 409 530 63 25 drone
1144 1 410 527 63 25 drone
1145 1 409 525 66 27 drone
1146 1 406 524 66 27 drone
1147 1 406 523 66 27 drone
1148 1 404 523 66 27 drone
1149 1 406 521 66 27 drone
1150 1 408 519 66 27 drone
1151 1 407 519 66 27 drone
1152 1 409 519 66 27 drone
1153 1 410 518 66 27 drone
1154 1 406 515 66 27 drone
1155 1 403 513 70 28 drone
1156 1 400 513 70 28 drone
1157 1 401 514 70 28 drone
1158 1 401 512 70 28 drone
1159 1 400 510 70 28 drone
1160 1 402 508 70 28 drone
1161 1 401 507 70 28 drone
1162 1 401 506 70 28 drone
1163 1 397 504 70 28 drone
1164 1 399 502 66 27 drone
1165 1 399 498 66 27 drone
1166 1 399 498 66 27 drone
1167 1 399 499 66 27 drone
1168 1 398 499 66 27 drone
1169 1 399 494 63 25 drone
1170 1 398 494 63 25 drone
1171 1 401 491 63 25 drone
1172 1 401 492 63 25 drone
1173 1 393 487 66 27 drone
1174 1 393 483 66 27 drone
1175 1 395 479 66 27 drone
1176 1 398 477 66 27 drone
1177 1 397 477 66 27 drone
1178 1 401 474 66 27 drone
1179 1 399 473 66 27 drone
1180 1 400 471 66 27 drone
1181 1 398 471 66 27 drone
1182 1 400 469 66 27 drone
1183 1 399 465 66 27 drone
1184 1 394 463 66 27 drone
1185 1 396 461 66 27 drone
1186 1 394 460 70 28 drone
1187 1 390 458 70 28 drone
1188 1 393 459 70 28 drone
1189 1 391 457 70 28 drone
1190 1 394 455 70 28 drone
1191 1 394 454 73 29 drone
1192 1 391 452 73 29 drone
1193 1 394 452 73 29 drone
1194 1 393 449 73 29 drone
1195 1 396 446 73 29 drone
1196 1 396 445 70 28 drone
1197 1 396 445 70 28 drone
1198 1 395 444 70 28 drone
1199 1 394 441 70 28 drone
1200 1 395 441 70 28 drone
1201 1 392 441 70 28 drone
1202 1 392 441 70 28 drone
1203 1 391 439 70 28 drone
1204 1 389 436 70 28 drone
1205 1 389 433 70 28 drone
1206 1 382 433 70 28 drone
1207 1 378 435 70 28 drone
1208 1 379 433 70 28 drone
1209 1 376 428 66 27 drone
1210 1 372 427 70 28 drone
1211 1 368 427 70 28 drone
1212 1 366 429 70 28 drone
1213 1 363 428 70 28 drone
1214 1 359 424 70 28 drone
1215 1 359 420 70 28 drone
1216 1 355 422 70 28 drone
1217 1 353 422 70 28 drone
1218 1 354 421 70 28 drone
1219 1 352 418 66 27 drone
1220 1 351 416 66 27 drone
1221 1 347 416 66 27 drone
1222 1 344 417 66 27 drone
1223 1 338 415 66 27 drone
1224 1 336 415 66 27 drone
1225 1 334 413 70 28 drone
1226 1 333 413 70 28 drone
1227 1 331 414 66 27 drone
1228 1 329 414 66 27 drone
1229 1 327 413 70 28 drone
1230 1 324 412 70 28 drone
1231 1 315 410 75 28 drone
1232 1 313 410 75 28 drone
1233 1 311 411 75 28 drone
1234 1 311 411 75 28 drone
1235 1 307 409 75 28 drone
1236 1 305 409 75 28 drone
1237 1 302 409 75 28 drone
1238 1 301 409 75 28 drone
1239 1 301 408 75 28 drone
1240 1 300 406 75 28 drone
1241 1 300 405 75 28 drone
1242 1 296 405 75 28 drone
1243 1 295 404 75 28 drone
1244 1 295 405 75 28 drone
1245 1 295 403 75 28 drone
1246 1 297 402 75 28 drone
1247 1 297 400 75 28 drone
1248 1 298 400 75 28 drone
1249 1 297 400 75 28 drone
1250 1 301 403 75 28 drone
1251 1 302 401 75 28 drone
1252 1 303 400 75 28 drone
1253 1 305 401 75 28 drone
1254 1 305 402 75 28 drone
1255 1 304 402 75 28 drone
1256 1 308 398 75 28 drone
1257 1 299 393 85 33 drone
1258 1 304 397 85 33 drone
1259 1 307 396 85 33 drone
1260 1 306 395 85 33 drone
1261 1 305 392 85 33 drone
1262 1 305 390 85 33 drone
1263 1 304 393 85 33 drone
1264 1 306 394 85 33 drone
1265 1 308 393 85 33 drone
1266 1 310 390 85 33 drone
1267 1 314 388 85 33 drone
1268 1 314 389 85 33 drone
1269 1 311 388 89 35 drone
1270 1 310 388 89 35 drone
1271 1 314 384 89 35 drone
1272 1 313 383 89 35 drone
1273 1 311 382 89 35 drone
1274 1 309 385 89 35 drone
1275 1 310 386 89 35 drone
1276 1 310 388 85 33 drone
1277 1 309 386 85 33 drone
1278 1 312 388 85 33 drone
1279 1 312 390 85 33 drone
1280 1 308 394 89 35 drone
1281 1 307 396 89 35 drone
1282 1 306 395 89 35 drone
1283 1 304 398 89 35 drone
1284 1 307 405 85 33 drone
1285 1 305 411 85 33 drone
1286 1 303 411 89 35 drone
1287 1 306 409 89 35 drone
1288 1 303 410 89 35 drone
1289 1 302 412 89 35 drone
1290 1 301 418 89 35 drone
1291 1 298 422 89 35 drone
1292 1 302 419 89 35 drone
1293 1 296 418 89 35 drone
1294 1 299 419 89 35 drone
1295 1 301 426 89 35 drone
1296 1 317 426 89 35 drone
1297 1 326 426 89 35 drone
1298 1 333 422 89 35 drone
1299 1 349 422 89 35 drone
1300 1 360 423 89 35 drone
1301 1 372 423 94 36 drone
1302 1 385 420 94 36 drone
1303 1 401 418 94 36 drone
1304 1 415 418 89 35 drone
1305 1 426 417 89 35 drone
1306 1 442 416 89 35 drone
1307 1 454 415 89 35 drone
1308 1 468 413 89 35 drone
1309 1 480 413 89 35 drone
1310 1 496 413 89 35 drone
1311 1 509 414 89 35 drone
1312 1 530 413 89 35 drone
1313 1 550 413 89 35 drone
1314 1 564 412 89 35 drone
1315 1 577 413 89 35 drone
1316 1 594 406 89 35 drone
1317 1 607 402 89 35 drone
1318 1 619 401 89 35 drone
1319 1 636 400 89 35 drone
1320 1 648 399 89 35 drone
1321 1 661 397 89 35 drone
1322 1 677 395 89 35 drone
1323 1 694 394 89 35 drone
1324 1 705 394 85 33 drone
1325 1 716 393 89 35 drone
1326 1 731 390 89 35 drone
1327 1 743 387 89 35 drone
1328 1 755 385 89 35 drone
1329 1 772 385 89 35 drone
1330 1 787 383 89 35 drone
1331 1 796 380 94 36 drone
1332 1 812 376 94 36 drone
1333 1 822 379 94 36 drone
1334 1 837 382 94 36 drone
1335 1 852 384 94 36 drone
1336 1 863 382 89 35 drone
1337 1 877 380 89 35 drone
1338 1 888 380 89 35 drone
1339 1 900 382 89 35 drone
1340 1 911 386 94 36 drone
1341 1 914 387 94 36 drone
1342 1 895 386 94 36 drone
1343 1 864 389 94 36 drone
1344 1 863 393 94 36 drone
1345 1 863 397 94 36 drone
1346 1 869 399 94 36 drone
1347 1 863 400 98 38 drone
1348 1 859 402 94 36 drone
1349 1 854 403 94 36 drone
1350 1 854 410 94 36 drone
1351 1 852 414 94 36 drone
1352 1 849 416 94 36 drone
1353 1 844 415 94 36 drone
1354 1 842 416 98 38 drone
1355 1 840 419 98 38 drone
1356 1 835 423 94 36 drone
1357 1 835 425 94 36 drone
1358 1 832 426 94 36 drone
1359 1 828 429 94 36 drone
1360 1 824 433 94 36 drone
1361 1 821 435 94 36 drone
1362 1 819 434 94 36 drone
1363 1 818 435 94 36 drone
1364 1 815 439 94 36 drone
1365 1 811 443 94 36 drone
1366 1 804 446 94 36 drone
1367 1 803 448 94 36 drone
1368 1 804 449 94 36 drone
1369 1 800 451 94 36 drone
1370 1 800 453 94 36 drone
1371 1 800 458 94 36 drone
1372 1 796 461 94 36 drone
1373 1 796 462 94 36 drone
1374 1 794 463 94 36 drone
1375 1 787 466 94 36 drone
1376 1 786 470 94 36 drone
1377 1 786 473 94 36 drone
1378 1 782 473 94 36 drone
1379 1 783 473 94 36 drone
1380 1 784 476 94 36 drone
1381 1 780 478 94 36 drone
1382 1 782 481 94 36 drone
1383 1 780 483 94 36 drone
1384 1 778 486 94 36 drone
1385 1 775 490 98 38 drone
1386 1 773 495 98 38 drone
1387 1 768 496 94 36 drone
1388 1 767 495 98 38 drone
1389 1 768 495 98 38 drone
1390 1 765 497 98 38 drone
1391 1 764 496 98 38 drone
1392 1 759 493 98 38 drone
1393 1 760 493 98 38 drone
1394 1 765 495 94 36 drone
1395 1 763 495 98 38 drone
1396 1 766 492 98 38 drone
1397 1 766 489 98 38 drone
1398 1 763 488 98 38 drone
1399 1 763 491 98 38 drone
1400 1 768 494 98 38 drone
1401 1 765 494 98 38 drone
1402 1 763 489 98 38 drone
1403 1 763 487 98 38 drone
1404 1 761 487 98 38 drone
1405 1 760 488 98 38 drone
1406 1 762 486 98 38 drone
1407 1 756 477 98 38 drone
1408 1 757 475 98 38 drone
1409 1 757 476 98 38 drone
1410 1 757 480 103 40 drone
1411 1 751 478 103 40 drone
1412 1 753 473 103 40 drone
1413 1 752 471 103 40 drone
1414 1 748 472 108 42 drone
1415 1 751 477 103 40 drone
1416 1 749 474 103 40 drone
1417 1 752 465 103 40 drone
1418 1 752 460 103 40 drone
1419 1 749 459 103 40 drone
1420 1 746 462 108 42 drone
1421 1 750 465 103 40 drone
1422 1 752 459 103 40 drone
1423 1 750 454 103 40 drone
1424 1 749 451 103 40 drone
1425 1 750 452 103 40 drone
1426 1 745 451 103 40 drone
1427 1 750 448 103 40 drone
1428 1 752 441 103 40 drone
1429 1 753 438 103 40 drone
1430 1 750 436 103 40 drone
1431 1 754 438 103 40 drone
1432 1 759 435 98 38 drone
1433 1 759 429 98 38 drone
1434 1 762 425 98 38 drone
1435 1 762 421 98 38 drone
1436 1 760 422 98 38 drone
1437 1 764 421 98 38 drone
1438 1 761 416 98 38 drone
1439 1 758 412 98 38 drone
1440 1 760 408 98 38 drone
1441 1 760 407 98 38 drone
1442 1 763 405 98 38 drone
1443 1 771 403 98 38 drone
1444 1 766 396 98 38 drone
1445 1 764 390 98 38 drone
1446 1 765 387 98 38 drone
1447 1 764 387 103 40 drone
1448 1 769 386 103 40 drone
1449 1 773 378 108 42 drone
1450 1 771 372 108 42 drone
1451 1 770 369 108 42 drone
1452 1 772 370 108 42 drone
1453 1 776 369 108 42 drone
1454 1 787 362 108 42 drone
1455 1 794 354 108 42 drone
1456 1 803 349 108 42 drone
1457 1 812 348 108 42 drone
1458 1 827 349 108 42 drone
1459 1 842 345 108 42 drone
1460 1 861 338 108 42 drone
1461 1 878 333 103 40 drone
1462 1 897 331 122 41 drone
1463 1 914 330 122 41 drone
1464 1 930 330 122 41 drone
1465 1 947 321 128 43 drone
1466 1 962 317 128 43 drone
1467 1 981 311 128 43 drone
1468 1 996 307 128 43 drone
1469 1 1015 307 128 43 drone
1470 1 1030 304 128 43 drone
1471 1 1045 297 128 43 drone
1472 1 1058 289 128 43 drone
1473 1 1075 285 128 43 drone
1474 1 1087 283 122 41 drone
1475 1 1094 283 128 43 drone
1476 1 1103 281 128 43 drone
1477 1 1113 277 128 43 drone
1478 1 1119 271 135 45 drone
1479 1 1131 269 135 45 drone
1480 1 1137 263 135 45 drone
1481 1 1143 260 135 45 drone
1482 1 1150 254 135 45 drone
1483 1 1154 249 135 45 drone
1484 1 1148 251 128 43 drone
1485 1 1122 249 122 41 drone
1486 1 1087 240 116 39 drone
1487 1 1067 233 116 39 drone
1488 1 1047 222 108 53 drone
1489 1 1032 224 108 53 drone
1490 1 1010 221 108 53 drone
1491 1 985 217 103 50 drone
1492 1 961 213 103 50 drone
1493 1 931 208 108 53 drone
1494 1 905 206 103 50 drone
1495 1 884 205 103 50 drone
1496 1 860 203 103 50 drone
1497 1 839 200 103 50 drone
1498 1 813 194 108 53 drone
1499 1 790 193 108 53 drone
1500 1 771 190 108 53 drone
