0 0
1 0
2 0
3 0
4 0
5 0
6 0
7 0
8 0
9 0
10 0
11 0
12 0
13 0
14 0
15 0
16 0
17 0
18 0
19 0
20 0
21 0
22 0
23 0
24 0
25 0
26 0
27 0
28 0
29 0
30 0
31 0
32 0
33 0
34 0
35 0
36 0
37 0
38 0
39 0
40 0
41 0
42 0
43 0
44 0
45 0
46 0
47 0
48 0
49 0
50 0
51 0
52 0
53 0
54 0
55 0
56 0
57 0
58 0
59 0
60 0
61 0
62 0
63 0
64 0
65 0
66 0
67 0
68 0
69 0
70 0
71 0
72 0
73 0
74 0
75 0
76 0
77 0
78 0
79 0
80 0
81 0
82 0
83 0
84 0
85 0
86 0
87 0
88 0
89 0
90 0
91 0
92 0
93 0
94 0
95 0
96 0
97 0
98 0
99 0
100 0
101 0
102 0
103 0
104 0
105 0
106 0
107 0
108 0
109 0
110 0
111 0
112 0
113 0
114 0
115 0
116 0
117 0
118 0
119 0
120 0
121 0
122 0
123 0
124 0
125 0
126 0
127 0
128 0
129 0
130 0
131 0
132 0
133 0
134 0
135 0
136 0
137 0
138 0
139 0
140 0
141 0
142 0
143 0
144 0
145 0
146 0
147 0
148 0
149 0
150 0
151 0
152 0
153 0
154 0
155 0
156 0
157 0
158 0
159 0
160 0
161 0
162 0
163 0
164 0
165 0
166 0
167 0
168 0
169 0
170 0
171 0
172 0
173 0
174 0
175 0
176 0
177 0
178 0
179 0
180 0
181 0
182 0
183 0
184 0
185 0
186 0
187 0
188 0
189 0
190 0
191 0
192 0
193 0
194 0
195 0
196 0
197 0
198 0
199 0
200 0
201 0
202 0
203 0
204 0
205 0
206 0
207 0
208 0
209 0
210 0
211 0
212 0
213 0
214 0
215 0
216 0
217 0
218 0
219 0
220 0
221 0
222 0
223 0
224 0
225 0
226 0
227 0
228 0
229 0
230 0
231 0
232 0
233 0
234 0
235 0
236 0
237 0
238 0
239 0
240 0
241 0
242 0
243 0
244 0
245 0
246 0
247 0
248 0
249 0
250 0
251 0
252 0
253 0
254 0
255 0
256 0
257 0
258 0
259 0
260 0
261 0
262 0
263 0
264 0
265 0
266 0
267 0
268 0
269 0
270 0
271 0
272 0
273 0
274 0
275 0
276 0
277 0
278 0
279 0
280 0
281 0
282 0
283 0
284 0
285 0
286 0
287 0
288 0
289 0
290 0
291 0
292 0
293 0
294 0
295 0
296 0
297 0
298 0
299 0
300 0
301 0
302 0
303 0
304 0
305 0
306 0
307 0
308 0
309 0
310 0
311 0
312 0
313 0
314 0
315 0
316 0
317 0
318 0
319 0
320 0
321 0
322 0
323 0
324 0
325 0
326 0
327 0
328 0
329 0
330 0
331 0
332 0
333 0
334 0
335 0
336 0
337 0
338 0
339 0
340 0
341 0
342 0
343 0
344 0
345 0
346 0
347 0
348 0
349 0
350 0
351 0
352 0
353 0
354 0
355 0
356 0
357 0
358 0
359 0
360 0
361 0
362 0
363 0
364 0
365 0
366 0
367 0
368 0
369 0
370 0
371 0
372 0
373 0
374 0
375 0
376 0
377 0
378 0
379 0
380 0
381 0
382 0
383 0
384 0
385 0
386 0
387 0
388 0
389 0
390 0
391 0
392 0
393 0
394 0
395 0
396 0
397 0
398 0
399 0
400 0
401 0
402 0
403 0
404 0
405 0
406 0
407 0
408 0
409 0
410 0
411 0
412 0
413 0
414 0
415 0
416 0
417 0
418 0
419 0
420 0
421 0
422 0
423 0
424 0
425 0
426 0
427 0
428 0
429 0
430 0
431 0
432 0
433 0
434 0
435 0
436 0
437 0
438 0
439 0
440 0
441 0
442 0
443 0
444 0
445 0
446 0
447 0
448 0
449 0
450 0
451 0
452 0
453 0
454 0
455 0
456 0
457 0
458 0
459 0
460 0
461 0
462 0
463 0
464 0
465 0
466 0
467 0
468 0
469 0
470 0
471 0
472 0
473 0
474 0
475 0
476 0
477 0
478 0
479 0
480 0
481 0
482 0
483 0
484 0
485 0
486 0
487 0
488 0
489 0
490 0
491 0
492 0
493 0
494 0
495 0
496 0
497 0
498 0
499 0
500 0
501 0
502 0
503 0
504 0
505 0
506 0
507 0
508 0
509 0
510 0
511 0
512 0
513 0
514 0
515 0
516 0
517 0
518 0
519 0
520 0
521 0
522 0
523 0
524 0
525 0
526 0
527 0
528 0
529 0
530 0
531 0
532 0
533 0
534 0
535 0
536 0
537 0
538 0
539 0
540 0
541 0
542 0
543 0
544 0
545 0
546 0
547 0
548 0
549 0
550 0
551 0
552 0
553 0
554 0
555 0
556 0
557 0
558 0
559 0
560 0
561 0
562 0
563 0
564 0
565 0
566 0
567 0
568 0
569 0
570 0
571 0
572 0
573 0
574 0
575 0
576 0
577 0
578 0
579 0
580 0
581 0
582 0
583 0
584 0
585 0
586 0
587 0
588 0
589 0
590 0
591 0
592 0
593 0
594 0
595 0
596 0
597 0
598 0
599 0
600 0
601 0
602 0
603 0
604 0
605 0
606 0
607 0
608 0
609 0
610 0
611 0
612 0
613 0
614 0
615 0
616 0
617 0
618 0
619 0
620 0
621 0
622 0
623 0
624 0
625 0
626 0
627 0
628 0
629 0
630 0
631 0
632 0
633 0
634 0
635 0
636 0
637 0
638 0
639 0
640 0
641 0
642 0
643 0
644 0
645 0
646 0
647 0
648 0
649 0
650 0
651 0
652 0
653 0
654 0
655 0
656 0
657 0
658 0
659 0
660 0
661 0
662 0
663 0
664 0
665 0
666 0
667 0
668 0
669 0
670 0
671 0
672 0
673 0
674 0
675 0
676 0
677 0
678 0
679 0
680 0
681 0
682 0
683 0
684 0
685 0
686 0
687 0
688 0
689 0
690 0
691 0
692 0
693 0
694 0
695 0
696 0
697 0
698 0
699 0
700 0
701 0
702 0
703 0
704 0
705 0
706 0
707 0
708 0
709 0
710 0
711 0
712 0
713 0
714 0
715 0
716 0
717 0
718 0
719 0
720 0
721 0
722 0
723 0
724 0
725 0
726 0
727 0
728 0
729 0
730 0
731 0
732 0
733 0
734 0
735 0
736 0
737 0
738 0
739 0
740 0
741 0
742 0
743 0
744 0
745 0
746 0
747 0
748 0
749 0
750 0
751 0
752 0
753 0
754 0
755 0
756 0
757 0
758 0
759 0
760 0
761 0
762 0
763 0
764 0
765 0
766 0
767 0
768 0
769 0
770 0
771 0
772 0
773 0
774 0
775 0
776 0
777 0
778 0
779 0
780 0
781 0
782 0
783 0
784 0
785 0
786 0
787 0
788 0
789 0
790 0
791 0
792 0
793 0
794 0
795 0
796 0
797 0
798 0
799 0
800 0
801 0
802 0
803 0
804 0
805 0
806 0
807 0
808 0
809 0
810 0
811 0
812 0
813 0
814 0
815 0
816 0
817 0
818 0
819 0
820 0
821 0
822 0
823 0
824 0
825 0
826 0
827 0
828 0
829 0
830 0
831 0
832 0
833 0
834 0
835 0
836 0
837 0
838 0
839 0
840 0
841 0
842 0
843 0
844 0
845 0
846 0
847 0
848 0
849 0
850 0
851 0
852 0
853 0
854 0
855 0
856 0
857 0
858 0
859 0
860 0
861 0
862 0
863 0
864 0
865 0
866 0
867 0
868 0
869 0
870 0
871 0
872 0
873 0
874 0
875 0
876 0
877 0
878 0
879 0
880 0
881 0
882 0
883 0
884 0
885 0
886 0
887 0
888 0
889 0
890 0
891 0
892 0
893 0
894 0
895 0
896 0
897 0
898 0
899 0
900 0
901 0
902 0
903 0
904 0
905 0
906 0
907 0
908 0
909 0
910 0
911 0
912 0
913 0
914 0
915 0
916 0
917 0
918 0
919 0
920 0
921 0
922 0
923 0
924 0
925 0
926 0
927 0
928 0
929 0
930 0
931 0
932 0
933 0
934 0
935 0
936 0
937 0
938 0
939 0
940 0
941 0
942 0
943 0
944 0
945 0
946 0
947 0
948 0
949 0
950 0
951 0
952 0
953 0
954 0
955 0
956 0
957 0
958 0
959 0
960 0
961 0
962 0
963 1 868 939 11 11 drone
964 1 867 933 12 12 drone
965 1 867 931 12 12 drone
966 1 864 928 12 12 drone
967 1 864 924 12 12 drone
968 1 865 921 12 12 drone
969 1 865 916 12 12 drone
970 1 865 912 12 12 drone
971 1 866 905 12 13 drone
972 1 868 901 13 14 drone
973 1 869 896 13 14 drone
974 1 867 894 13 12 drone
975 1 867 890 13 12 drone
976 1 868 891 13 12 drone
977 1 868 880 13 13 drone
978 1 869 877 14 14 drone
979 1 868 876 14 14 drone
980 1 866 868 14 12 drone
981 1 866 865 14 12 drone
982 1 867 860 14 12 drone
983 1 869 857 14 12 drone
984 1 870 852 13 11 drone
985 0
986 0
987 1 866 838 11 10 drone
988 1 867 835 11 10 drone
989 1 866 833 11 10 drone
990 0
991 0
992 0
993 0
994 0
995 0
996 0
997 0
998 0
999 0
1000 0
1001 0
1002 0
1003 0
1004 0
1005 0
1006 0
1007 0
1008 0
1009 0
1010 0
1011 0
1012 0
1013 0
1014 0
1015 0
1016 0
1017 0
1018 0
1019 0
1020 0
1021 0
1022 0
1023 0
1024 0
1025 0
1026 0
1027 0
1028 0
1029 0
1030 0
1031 0
1032 0
1033 0
1034 0
1035 0
1036 0
1037 0
1038 0
1039 0
1040 0
1041 0
1042 0
1043 0
1044 0
1045 0
1046 0
1047 0
1048 0
1049 0
1050 0
1051 0
1052 0
1053 0
1054 0
1055 1 865 815 13 11 drone
1056 1 862 811 14 13 drone
1057 1 864 809 14 13 drone
1058 1 863 808 13 12 drone
1059 0
1060 0
1061 0
1062 0
1063 0
1064 0
1065 1 863 781 12 10 drone
1066 1 861 780 13 10 drone
1067 1 861 776 13 11 drone
1068 1 859 773 13 11 drone
1069 1 861 765 11 12 drone
1070 1 861 763 11 12 drone
1071 1 860 759 11 12 drone
1072 1 859 756 11 12 drone
1073 0
1074 0
1075 0
1076 0
1077 0
1078 0
1079 0
1080 0
1081 0
1082 0
1083 0
1084 0
1085 0
1086 0
1087 0
1088 0
1089 1 848 713 15 14 drone
1090 1 844 711 18 13 drone
1091 1 846 710 18 13 drone
1092 1 845 708 17 12 drone
1093 1 845 701 15 11 drone
1094 1 844 697 14 10 drone
1095 1 846 695 14 10 drone
1096 1 846 690 14 10 drone
1097 1 846 685 14 10 drone
1098 1 846 683 14 10 drone
1099 1 846 681 14 10 drone
1100 1 847 677 14 10 drone
1101 1 846 667 11 14 drone
1102 1 847 664 11 14 drone
1103 1 845 661 10 13 drone
1104 1 846 657 10 13 drone
1105 0
1106 0
1107 1 845 645 12 11 drone
1108 1 845 643 12 11 drone
1109 1 846 637 12 11 drone
1110 1 846 633 12 11 drone
1111 1 846 629 11 10 drone
1112 1 846 626 11 10 drone
1113 1 847 622 11 10 drone
1114 1 848 618 11 10 drone
1115 1 847 612 11 10 drone
1116 1 847 609 11 10 drone
1117 1 847 605 11 10 drone
1118 1 848 602 11 10 drone
1119 1 847 598 11 10 drone
1120 1 847 595 11 10 drone
1121 1 848 591 11 10 drone
1122 1 846 586 11 10 drone
1123 1 846 581 11 10 drone
1124 1 846 578 11 10 drone
1125 1 848 574 11 10 drone
1126 1 846 571 11 10 drone
1127 1 845 567 11 10 drone
1128 1 845 563 11 10 drone
1129 1 846 558 11 10 drone
1130 1 846 554 11 10 drone
1131 1 847 550 11 10 drone
1132 1 846 544 11 10 drone
1133 1 847 541 11 10 drone
1134 1 846 538 11 10 drone
1135 1 847 532 11 10 drone
1136 1 846 529 11 10 drone
1137 1 846 524 11 10 drone
1138 1 846 519 11 10 drone
1139 1 844 515 11 10 drone
1140 1 846 512 11 10 drone
1141 1 845 508 11 10 drone
1142 1 845 504 11 10 drone
1143 1 844 498 11 10 drone
1144 1 845 495 11 10 drone
1145 1 845 493 11 10 drone
1146 1 846 488 11 10 drone
1147 1 845 483 11 10 drone
1148 1 843 477 12 11 drone
1149 1 843 473 13 12 drone
1150 1 843 470 13 12 drone
1151 1 843 466 13 12 drone
1152 1 843 461 13 12 drone
1153 1 844 457 13 12 drone
1154 1 843 454 13 12 drone
1155 1 843 451 13 12 drone
1156 1 842 446 13 12 drone
1157 1 842 442 13 12 drone
1158 1 844 436 13 12 drone
1159 1 844 431 13 12 drone
1160 1 843 429 13 12 drone
1161 1 842 425 13 12 drone
1162 1 843 420 13 12 drone
1163 1 842 416 13 12 drone
1164 1 842 412 13 12 drone
1165 1 842 406 13 12 drone
1166 1 841 405 13 12 drone
1167 1 841 401 13 12 drone
1168 1 841 396 13 12 drone
1169 1 841 391 13 12 drone
1170 1 842 388 13 12 drone
1171 1 840 384 13 12 drone
1172 1 840 379 13 12 drone
1173 1 840 375 13 12 drone
1174 1 840 370 13 12 drone
1175 1 840 366 13 12 drone
1176 1 841 363 13 12 drone
1177 1 840 358 13 12 drone
1178 1 841 354 13 12 drone
1179 1 840 351 13 12 drone
1180 1 840 347 13 12 drone
1181 1 839 342 13 12 drone
1182 1 839 337 13 12 drone
1183 1 840 333 13 12 drone
1184 1 840 330 13 12 drone
1185 1 839 326 12 11 drone
1186 1 840 323 11 10 drone
1187 1 839 318 11 10 drone
1188 1 840 315 11 10 drone
1189 1 839 312 11 10 drone
1190 1 839 308 11 10 drone
1191 1 839 303 11 10 drone
1192 1 838 298 11 10 drone
1193 1 840 294 11 10 drone
1194 1 840 291 11 10 drone
1195 1 839 289 11 10 drone
1196 1 839 283 11 10 drone
1197 1 839 279 11 10 drone
1198 1 838 275 11 10 drone
1199 1 838 270 11 10 drone
1200 1 839 266 11 10 drone
1201 1 838 260 11 10 drone
1202 1 838 258 11 10 drone
1203 0
1204 0
1205 0
1206 0
1207 0
1208 0
1209 0
1210 0
1211 0
1212 0
1213 1 838 469 13 12 drone
1214 1 836 467 13 12 drone
1215 1 835 464 13 12 drone
1216 1 837 460 13 12 drone
1217 1 836 454 13 12 drone
1218 1 835 449 13 12 drone
1219 1 836 448 12 11 drone
1220 1 837 443 13 12 drone
1221 1 836 438 13 12 drone
1222 1 837 434 13 12 drone
1223 1 836 432 12 11 drone
1224 1 836 428 12 11 drone
1225 1 836 424 12 11 drone
1226 1 836 419 12 11 drone
1227 1 837 414 12 11 drone
1228 1 836 410 12 11 drone
1229 1 837 408 12 11 drone
1230 1 837 404 12 11 drone
1231 1 837 400 12 11 drone
1232 1 836 396 12 11 drone
1233 1 836 390 12 11 drone
1234 1 836 386 12 11 drone
1235 1 836 383 12 11 drone
1236 1 837 379 12 11 drone
1237 1 836 374 12 11 drone
1238 1 837 371 12 11 drone
1239 1 835 365 13 12 drone
1240 1 836 362 12 11 drone
1241 1 837 358 12 11 drone
1242 1 837 353 12 11 drone
1243 1 836 349 12 11 drone
1244 1 835 344 12 11 drone
1245 1 831 338 12 11 drone
1246 1 828 328 13 12 drone
1247 1 817 306 17 20 drone
1248 1 808 290 18 21 drone
1249 1 797 271 17 20 drone
1250 1 787 255 16 19 drone
1251 0
1252 0
1253 1 761 206 19 18 drone
1254 1 762 200 19 18 drone
1255 1 762 193 20 19 drone
1256 1 761 187 20 19 drone
1257 1 761 181 19 18 drone
1258 1 761 176 19 18 drone
1259 1 762 170 19 18 drone
1260 1 760 164 20 19 drone
1261 1 760 155 20 19 drone
1262 1 761 151 19 18 drone
1263 1 760 144 20 19 drone
1264 1 760 138 19 18 drone
1265 1 759 132 19 18 drone
1266 1 760 126 19 18 drone
1267 1 761 121 19 18 drone
1268 1 759 113 19 18 drone
1269 1 759 112 19 18 drone
1270 0
1271 0
1272 0
1273 0
1274 0
1275 0
1276 0
1277 0
1278 0
1279 0
1280 0
1281 0
1282 0
1283 0
1284 0
1285 1 762 652 11 10 drone
1286 1 760 644 10 10 drone
1287 1 760 640 10 10 drone
1288 1 760 632 10 10 drone
1289 1 759 628 10 10 drone
1290 1 756 622 10 10 drone
1291 1 754 619 10 10 drone
1292 1 750 608 10 11 drone
1293 1 752 609 10 11 drone
1294 0
1295 0
1296 1 758 584 13 10 drone
1297 1 758 573 11 11 drone
1298 0
1299 0
1300 1 756 555 15 13 drone
1301 1 755 551 15 11 drone
1302 1 755 546 17 11 drone
1303 1 756 543 15 10 drone
1304 1 757 535 14 13 drone
1305 1 757 526 17 12 drone
1306 1 756 520 18 13 drone
1307 1 756 512 19 13 drone
1308 1 757 506 19 13 drone
1309 1 755 501 19 13 drone
1310 1 756 495 19 13 drone
1311 1 756 487 19 13 drone
1312 1 756 481 19 13 drone
1313 1 756 475 19 13 drone
1314 1 756 468 19 13 drone
1315 1 756 462 19 13 drone
1316 1 755 456 19 13 drone
1317 1 755 450 20 14 drone
1318 1 754 443 21 15 drone
1319 1 755 437 20 14 drone
1320 1 754 431 20 14 drone
1321 1 754 425 20 14 drone
1322 1 754 419 20 14 drone
1323 1 753 414 20 14 drone
1324 1 754 407 20 14 drone
1325 1 753 400 20 14 drone
1326 1 755 394 20 14 drone
1327 1 755 387 20 14 drone
1328 1 754 382 20 14 drone
1329 1 754 374 21 15 drone
1330 1 753 369 20 14 drone
1331 1 753 362 21 15 drone
1332 1 751 357 21 15 drone
1333 1 752 352 21 15 drone
1334 1 753 347 20 14 drone
1335 1 752 340 20 14 drone
1336 1 752 335 20 14 drone
1337 1 754 330 20 14 drone
1338 1 752 324 21 15 drone
1339 1 753 318 21 15 drone
1340 1 752 314 20 14 drone
1341 1 751 309 21 15 drone
1342 1 752 305 20 14 drone
1343 1 753 301 20 14 drone
1344 1 753 294 21 15 drone
1345 1 753 291 21 15 drone
1346 1 753 288 21 15 drone
1347 1 753 284 20 14 drone
1348 1 752 279 20 14 drone
1349 1 752 276 17 14 drone
1350 1 754 273 17 14 drone
1351 1 754 269 17 14 drone
1352 1 753 266 17 14 drone
1353 1 754 261 17 14 drone
1354 1 754 257 16 13 drone
1355 1 754 256 16 13 drone
1356 1 754 253 16 13 drone
1357 1 751 248 17 14 drone
1358 1 752 244 16 13 drone
1359 1 753 241 16 13 drone
1360 1 753 240 16 13 drone
1361 1 752 237 16 13 drone
1362 1 751 233 15 13 drone
1363 1 753 230 15 13 drone
1364 1 752 227 15 13 drone
1365 1 752 224 15 13 drone
1366 1 753 221 15 13 drone
1367 1 752 220 15 13 drone
1368 1 751 215 16 13 drone
1369 1 750 210 16 13 drone
1370 1 744 200 16 13 drone
1371 1 736 193 17 14 drone
1372 0
1373 0
1374 0
1375 0
1376 0
1377 0
1378 0
1379 0
1380 0
1381 0
1382 0
1383 0
1384 0
1385 0
1386 1 729 688 21 20 drone
1387 1 730 687 21 20 drone
1388 1 732 685 20 19 drone
1389 1 730 685 20 19 drone
1390 1 730 686 20 19 drone
1391 1 730 688 20 19 drone
1392 1 730 684 21 20 drone
1393 1 730 683 21 20 drone
1394 1 728 685 21 20 drone
1395 1 729 687 21 20 drone
1396 1 729 687 21 20 drone
1397 1 727 686 21 20 drone
1398 1 728 685 21 20 drone
1399 1 728 686 21 20 drone
1400 1 726 689 21 20 drone
1401 1 726 689 21 20 drone
1402 1 726 687 21 20 drone
1403 1 726 689 20 19 drone
1404 1 726 691 20 19 drone
1405 1 726 691 20 19 drone
1406 1 726 691 21 20 drone
1407 1 725 689 20 19 drone
1408 1 726 690 20 19 drone
1409 1 727 690 20 19 drone
1410 1 736 692 20 19 drone
1411 1 747 691 20 19 drone
1412 0
1413 1 1100 693 26 14 drone
1414 1 1117 694 26 14 drone
1415 1 1162 693 26 14 drone
1416 1 1170 694 27 15 drone
1417 1 1168 696 26 14 drone
1418 1 1170 697 25 13 drone
1419 1 1170 698 25 13 drone
1420 1 1168 698 26 14 drone
1421 1 1168 696 27 15 drone
1422 1 1167 696 29 15 drone
1423 1 1167 697 29 15 drone
1424 1 1167 697 29 15 drone
1425 1 1167 699 29 15 drone
1426 1 1169 699 27 15 drone
1427 1 1170 700 26 14 drone
1428 1 1170 700 26 14 drone
1429 1 1172 702 25 13 drone
1430 1 1173 703 25 13 drone
1431 1 1173 703 25 13 drone
1432 1 1173 704 25 13 drone
1433 1 1174 703 25 13 drone
1434 1 1176 706 25 13 drone
1435 1 1176 705 25 13 drone
1436 1 1177 706 24 13 drone
1437 1 1177 705 24 13 drone
1438 1 1180 707 22 12 drone
1439 1 1180 707 22 12 drone
1440 1 1181 707 24 13 drone
1441 1 1181 708 24 13 drone
1442 1 1182 708 24 13 drone
1443 1 1183 709 24 13 drone
1444 1 1184 709 24 13 drone
1445 1 1183 710 24 13 drone
1446 1 1184 710 24 13 drone
1447 1 1182 711 24 13 drone
1448 1 1183 713 24 13 drone
1449 1 1183 712 24 13 drone
1450 1 1183 714 24 13 drone
1451 1 1183 714 24 13 drone
1452 1 1180 713 24 13 drone
1453 1 1178 714 24 13 drone
1454 1 1170 714 24 13 drone
1455 1 1166 716 24 13 drone
1456 1 1166 715 24 13 drone
1457 1 1166 716 24 13 drone
1458 1 1165 717 24 13 drone
1459 1 1167 718 24 13 drone
1460 1 1168 718 24 13 drone
1461 1 1171 719 22 12 drone
1462 1 1171 720 22 12 drone
1463 1 1174 720 22 12 drone
1464 1 1174 720 22 12 drone
1465 1 1177 722 22 12 drone
1466 1 1176 722 24 13 drone
1467 1 1177 721 24 13 drone
1468 1 1181 723 22 12 drone
1469 1 1181 723 24 13 drone
1470 1 1185 723 22 12 drone
1471 1 1186 724 22 12 drone
1472 1 1189 724 22 12 drone
1473 1 1189 724 22 12 drone
1474 1 1191 725 22 12 drone
1475 1 1194 726 22 12 drone
1476 1 1195 726 22 12 drone
1477 1 1198 726 22 12 drone
1478 1 1198 725 24 13 drone
1479 1 1202 726 22 12 drone
1480 1 1203 727 21 12 drone
1481 1 1205 726 22 12 drone
1482 1 1207 727 22 12 drone
1483 1 1209 727 22 12 drone
1484 1 1204 727 22 12 drone
1485 0
1486 0
1487 0
1488 1 951 724 19 14 drone
1489 1 930 724 19 14 drone
1490 1 924 724 22 22 drone
1491 1 928 724 22 22 drone
1492 1 929 724 22 22 drone
1493 1 931 725 22 22 drone
1494 1 934 725 22 22 drone
1495 1 935 724 22 22 drone
1496 1 938 725 22 22 drone
1497 1 941 724 22 22 drone
1498 1 944 725 22 22 drone
1499 1 945 725 22 22 drone
