0 0
1 0
2 0
3 0
4 0
5 0
6 0
7 0
8 0
9 0
10 0
11 0
12 0
13 0
14 0
15 0
16 0
17 0
18 0
19 0
20 0
21 0
22 0
23 0
24 0
25 0
26 0
27 0
28 0
29 0
30 0
31 0
32 0
33 0
34 0
35 0
36 0
37 0
38 0
39 0
40 0
41 0
42 0
43 0
44 0
45 0
46 0
47 0
48 0
49 0
50 0
51 0
52 0
53 0
54 0
55 0
56 0
57 0
58 0
59 0
60 0
61 0
62 0
63 0
64 0
65 0
66 0
67 0
68 0
69 0
70 0
71 0
72 0
73 0
74 0
75 0
76 0
77 0
78 0
79 0
80 0
81 0
82 0
83 0
84 0
85 0
86 0
87 0
88 0
89 0
90 0
91 0
92 0
93 0
94 0
95 0
96 0
97 0
98 0
99 0
100 0
101 0
102 0
103 0
104 0
105 0
106 0
107 0
108 0
109 0
110 0
111 0
112 0
113 0
114 0
115 0
116 0
117 0
118 0
119 0
120 0
121 0
122 0
123 0
124 0
125 0
126 0
127 0
128 0
129 0
130 0
131 0
132 0
133 0
134 0
135 0
136 0
137 0
138 0
139 0
140 0
141 0
142 0
143 0
144 0
145 0
146 0
147 0
148 0
149 0
150 0
151 0
152 0
153 0
154 0
155 0
156 0
157 0
158 0
159 0
160 0
161 0
162 0
163 0
164 0
165 0
166 0
167 0
168 0
169 0
170 0
171 0
172 0
173 0
174 0
175 0
176 0
177 0
178 0
179 0
180 0
181 0
182 0
183 0
184 0
185 0
186 0
187 0
188 0
189 0
190 0
191 0
192 0
193 0
194 0
195 0
196 0
197 0
198 0
199 0
200 0
201 0
202 0
203 0
204 0
205 0
206 0
207 0
208 0
209 0
210 0
211 0
212 0
213 0
214 0
215 0
216 0
217 0
218 0
219 0
220 0
221 0
222 0
223 0
224 0
225 0
226 0
227 0
228 0
229 0
230 0
231 0
232 0
233 0
234 0
235 0
236 0
237 0
238 0
239 0
240 0
241 0
242 0
243 0
244 0
245 0
246 0
247 0
248 0
249 0
250 0
251 0
252 0
253 0
254 0
255 0
256 0
257 0
258 0
259 0
260 0
261 0
262 0
263 0
264 0
265 0
266 0
267 0
268 0
269 0
270 0
271 0
272 0
273 0
274 0
275 0
276 0
277 0
278 0
279 0
280 0
281 0
282 0
283 0
284 0
285 0
286 0
287 0
288 0
289 0
290 0
291 0
292 0
293 0
294 0
295 0
296 0
297 0
298 0
299 0
300 1 1892 428 13 11 drone
301 1 1850 438 16 12 drone
302 1 1797 439 19 15 drone
303 1 1742 437 16 12 drone
304 1 1691 433 18 14 drone
305 1 1649 439 18 14 drone
306 1 1607 453 17 11 drone
307 1 1568 456 14 13 drone
308 1 1531 459 14 10 drone
309 1 1497 455 12 11 drone
310 1 1465 455 13 10 drone
311 1 1457 460 11 12 drone
312 1 1457 466 11 12 drone
313 1 1457 469 11 12 drone
314 1 1457 461 12 13 drone
315 1 1456 453 12 13 drone
316 1 1456 453 12 13 drone
317 1 1455 463 13 14 drone
318 1 1456 465 13 14 drone
319 1 1455 464 13 14 drone
320 1 1455 458 13 14 drone
321 1 1455 456 12 13 drone
322 1 1453 458 12 13 drone
323 1 1454 462 12 13 drone
324 1 1456 464 13 14 drone
325 1 1455 466 12 13 drone
326 1 1454 461 12 13 drone
327 1 1454 459 12 10 drone
328 1 1455 461 12 10 drone
329 1 1453 466 12 10 drone
330 1 1454 466 12 10 drone
331 1 1453 464 12 10 drone
332 1 1452 458 13 10 drone
333 1 1453 459 12 10 drone
334 1 1453 465 12 10 drone
335 1 1452 468 12 10 drone
336 1 1453 465 11 10 drone
337 1 1454 462 11 10 drone
338 1 1451 458 11 10 drone
339 1 1451 459 11 10 drone
340 1 1452 464 12 10 drone
341 1 1451 466 12 10 drone
342 1 1450 464 12 10 drone
343 1 1449 458 12 10 drone
344 1 1450 458 11 10 drone
345 1 1451 462 11 9 drone
346 1 1451 463 10 9 drone
347 1 1451 462 10 9 drone
348 1 1451 461 10 8 drone
349 1 1451 461 10 8 drone
350 1 1450 461 10 8 drone
351 1 1450 463 10 8 drone
352 1 1450 462 10 8 drone
353 1 1448 460 10 8 drone
354 1 1448 459 10 9 drone
355 1 1447 462 10 9 drone
356 1 1423 463 11 11 drone
357 1 1373 465 12 10 drone
358 1 1355 464 12 10 drone
359 1 1335 460 12 10 drone
360 1 1286 456 13 10 drone
361 1 1234 457 13 12 drone
362 1 1200 463 11 11 drone
363 1 1156 466 13 10 drone
364 1 1107 461 12 10 drone
365 1 1086 456 10 10 drone
366 1 1089 459 10 10 drone
367 1 1092 464 10 10 drone
368 1 1091 467 10 10 drone
369 1 1090 463 10 10 drone
370 1 1090 459 10 10 drone
371 1 1090 458 10 10 drone
372 1 1088 462 11 11 drone
373 1 1088 465 11 11 drone
374 1 1089 463 10 10 drone
375 1 1089 458 10 10 drone
376 1 1090 456 10 10 drone
377 1 1090 459 10 10 drone
378 1 1088 465 11 11 drone
379 1 1089 467 11 11 drone
380 1 1090 462 11 11 drone
381 1 1088 459 11 11 drone
382 1 1089 460 10 10 drone
383 1 1087 463 11 11 drone
384 1 1088 464 11 11 drone
385 1 1088 464 10 10 drone
386 1 1088 460 11 11 drone
387 1 1087 459 11 11 drone
388 1 1087 461 11 11 drone
389 1 1087 466 11 11 drone
390 1 1087 467 10 10 drone
391 1 1087 462 10 10 drone
392 1 1088 460 10 10 drone
393 1 1087 460 10 10 drone
394 1 1086 463 10 10 drone
395 1 1086 464 10 10 drone
396 1 1086 460 10 10 drone
397 1 1086 459 10 10 drone
398 1 1086 458 10 10 drone
399 1 1085 462 10 10 drone
400 1 1080 464 10 10 drone
401 1 1075 467 10 10 drone
402 1 1070 466 10 10 drone
403 1 1064 466 10 10 drone
404 1 1059 465 10 10 drone
405 1 1054 472 10 10 drone
406 0
407 0
408 0
409 0
410 0
411 0
412 0
413 0
414 0
415 0
416 1 1052 471 10 10 drone
417 1 1052 471 10 10 drone
418 1 1051 473 10 10 drone
419 1 1051 468 10 10 drone
420 1 1051 468 10 10 drone
421 1 1050 472 10 10 drone
422 1 1051 472 10 10 drone
423 1 1050 472 11 10 drone
424 1 1050 470 11 10 drone
425 1 1048 469 11 10 drone
426 1 1048 469 12 10 drone
427 1 1048 473 12 10 drone
428 1 1049 474 12 10 drone
429 1 1048 469 12 10 drone
430 1 1048 469 11 10 drone
431 1 1048 469 11 10 drone
432 1 1047 473 12 10 drone
433 1 1047 472 12 10 drone
434 1 1047 472 12 10 drone
435 1 1047 472 12 10 drone
436 1 1047 471 12 10 drone
437 1 1047 472 12 10 drone
438 1 1046 472 12 10 drone
439 1 1046 472 12 10 drone
440 1 1046 472 12 10 drone
441 1 1046 471 12 10 drone
442 1 1047 468 12 10 drone
443 1 1050 466 12 10 drone
444 1 1055 467 12 10 drone
445 1 1060 464 12 10 drone
446 1 1063 461 12 10 drone
447 1 1069 454 12 10 drone
448 1 1076 453 12 11 drone
449 1 1082 453 13 12 drone
450 1 1089 451 16 15 drone
451 1 1096 447 16 15 drone
452 1 1103 441 16 15 drone
453 1 1104 438 13 12 drone
454 1 1104 440 14 13 drone
455 1 1105 445 14 13 drone
456 1 1105 445 14 13 drone
457 1 1105 442 13 12 drone
458 1 1105 440 12 11 drone
459 1 1103 441 12 11 drone
460 1 1104 444 12 11 drone
461 1 1105 446 12 11 drone
462 1 1105 446 12 11 drone
463 1 1103 443 12 11 drone
464 1 1103 439 12 11 drone
465 1 1103 442 12 11 drone
466 1 1104 445 12 11 drone
467 1 1103 446 12 11 drone
468 1 1103 444 11 10 drone
469 1 1103 444 11 10 drone
470 1 1105 447 10 9 drone
471 1 1104 450 10 9 drone
472 1 1104 447 11 10 drone
473 1 1103 443 11 10 drone
474 1 1104 442 10 9 drone
475 1 1102 444 11 10 drone
476 1 1102 446 11 10 drone
477 1 1103 447 11 10 drone
478 1 1103 445 11 10 drone
479 1 1102 443 11 10 drone
480 1 1102 445 11 10 drone
481 1 1102 446 11 10 drone
482 1 1101 444 10 9 drone
483 1 1098 442 11 10 drone
484 1 1096 444 11 10 drone
485 1 1090 445 11 10 drone
486 1 1059 445 11 10 drone
487 1 1043 446 11 10 drone
488 1 1029 446 11 10 drone
489 1 1012 447 11 10 drone
490 1 993 446 12 10 drone
491 1 981 445 12 11 drone
492 1 980 444 12 11 drone
493 1 979 443 12 10 drone
494 1 979 444 12 10 drone
495 1 981 444 11 10 drone
496 1 981 446 11 10 drone
497 1 981 445 11 10 drone
498 1 981 445 11 10 drone
499 1 980 445 12 10 drone
500 1 980 445 11 10 drone
501 1 980 445 11 10 drone
502 1 980 445 11 10 drone
503 1 980 444 12 10 drone
504 1 980 442 10 10 drone
505 1 981 445 10 10 drone
506 1 981 444 10 10 drone
507 1 981 444 10 10 drone
508 1 982 445 10 10 drone
509 1 981 445 10 10 drone
510 1 980 448 10 10 drone
511 1 981 446 10 10 drone
512 1 980 443 11 10 drone
513 1 980 442 11 10 drone
514 1 980 443 11 10 drone
515 1 980 445 11 10 drone
516 1 981 446 11 10 drone
517 1 983 445 11 10 drone
518 1 983 444 11 10 drone
519 1 983 443 11 10 drone
520 1 983 444 11 10 drone
521 1 981 444 12 10 drone
522 1 981 443 12 10 drone
523 1 981 443 12 10 drone
524 1 983 442 12 10 drone
525 1 982 443 12 10 drone
526 1 982 446 12 10 drone
527 1 983 448 12 10 drone
528 1 983 444 11 10 drone
529 1 981 440 11 10 drone
530 1 982 439 12 10 drone
531 1 982 445 12 10 drone
532 1 983 448 12 10 drone
533 1 983 446 12 10 drone
534 1 983 442 11 10 drone
535 1 982 441 11 10 drone
536 1 982 445 11 10 drone
537 1 983 448 11 10 drone
538 1 983 448 11 10 drone
539 1 983 444 11 10 drone
540 1 983 439 11 10 drone
541 1 981 441 12 10 drone
542 1 981 444 12 10 drone
543 1 982 447 12 10 drone
544 1 983 443 12 10 drone
545 1 981 443 12 10 drone
546 1 982 442 12 10 drone
547 1 982 444 12 10 drone
548 1 982 447 12 10 drone
549 1 981 444 12 10 drone
550 1 981 442 12 10 drone
551 1 981 442 12 10 drone
552 1 981 446 12 10 drone
553 1 979 447 12 10 drone
554 1 978 445 12 10 drone
555 1 980 441 11 10 drone
556 1 980 441 11 10 drone
557 1 981 444 11 10 drone
558 1 980 445 11 10 drone
559 1 980 445 11 10 drone
560 1 981 440 11 10 drone
561 1 980 440 11 10 drone
562 1 981 442 11 10 drone
563 1 981 447 12 10 drone
564 1 980 445 11 10 drone
565 1 979 444 11 9 drone
566 1 978 440 11 9 drone
567 1 979 441 11 9 drone
568 1 981 441 11 9 drone
569 1 980 441 11 9 drone
570 1 982 435 11 10 drone
571 1 982 426 11 10 drone
572 1 982 420 11 10 drone
573 1 983 417 11 10 drone
574 1 983 418 12 10 drone
575 1 984 416 12 10 drone
576 1 985 409 11 10 drone
577 1 986 407 11 10 drone
578 1 982 402 14 14 drone
579 1 983 401 14 14 drone
580 1 983 398 13 13 drone
581 1 984 394 13 13 drone
582 1 983 394 13 13 drone
583 1 982 392 13 13 drone
584 1 985 390 13 13 drone
585 1 985 389 13 13 drone
586 1 985 387 13 13 drone
587 1 981 384 20 16 drone
588 1 983 384 19 15 drone
589 1 984 383 20 16 drone
590 1 984 379 21 17 drone
591 1 982 376 21 17 drone
592 1 978 370 21 17 drone
593 1 979 371 21 17 drone
594 1 978 371 22 18 drone
595 1 982 370 22 18 drone
596 1 983 366 22 18 drone
597 1 981 364 22 18 drone
598 1 981 364 22 18 drone
599 1 979 368 22 18 drone
600 1 979 371 23 19 drone
601 1 979 369 23 19 drone
602 1 975 358 24 20 drone
603 1 974 351 26 21 drone
604 1 976 358 24 20 drone
605 1 978 371 24 20 drone
606 1 976 373 24 20 drone
607 1 974 360 26 21 drone
608 1 974 350 26 21 drone
609 1 975 349 26 21 drone
610 1 974 359 26 21 drone
611 1 975 367 26 21 drone
612 1 975 364 26 21 drone
613 1 972 355 26 21 drone
614 1 974 353 21 19 drone
615 1 977 369 21 19 drone
616 1 978 380 21 19 drone
617 1 979 382 20 18 drone
618 1 977 371 21 19 drone
619 1 978 365 22 20 drone
620 1 976 364 22 20 drone
621 1 976 372 22 20 drone
622 1 975 371 22 20 drone
623 1 972 357 22 20 drone
624 1 971 349 22 20 drone
625 1 974 351 22 20 drone
626 1 972 363 23 21 drone
627 1 972 371 22 20 drone
628 1 971 361 23 21 drone
629 1 969 350 23 21 drone
630 1 968 347 23 21 drone
631 1 968 358 24 22 drone
632 1 970 371 23 21 drone
633 1 969 367 22 20 drone
634 1 968 353 22 20 drone
635 1 967 345 22 20 drone
636 1 966 355 22 20 drone
637 1 968 365 21 19 drone
638 1 967 367 20 18 drone
639 1 967 356 20 18 drone
640 1 966 349 20 18 drone
641 1 964 354 21 19 drone
642 1 966 367 20 18 drone
643 1 966 369 21 19 drone
644 1 962 354 22 20 drone
645 1 963 343 22 20 drone
646 1 962 353 22 20 drone
647 1 964 371 23 21 drone
648 1 965 386 24 22 drone
649 1 960 368 23 21 drone
650 1 960 342 23 21 drone
651 1 959 345 23 21 drone
652 1 959 384 21 17 drone
653 1 962 411 22 18 drone
654 1 962 395 22 18 drone
655 1 956 363 21 17 drone
656 1 958 354 21 17 drone
657 1 958 372 21 17 drone
658 1 959 402 22 18 drone
659 1 961 400 22 18 drone
660 1 955 365 22 18 drone
661 1 951 336 22 18 drone
662 1 957 359 22 18 drone
663 1 959 400 21 18 drone
664 1 953 403 21 18 drone
665 1 954 371 21 18 drone
666 1 952 334 21 18 drone
667 1 947 335 21 18 drone
668 1 950 367 21 18 drone
669 1 953 396 21 18 drone
670 1 951 377 21 18 drone
671 1 945 341 21 18 drone
672 1 947 326 21 18 drone
673 1 945 353 21 18 drone
674 1 949 384 21 18 drone
675 1 951 380 20 17 drone
676 1 945 354 20 17 drone
677 1 942 338 20 17 drone
678 1 942 344 20 17 drone
679 1 944 362 20 17 drone
680 1 945 370 21 17 drone
681 1 943 365 20 17 drone
682 1 943 361 20 17 drone
683 1 941 361 21 17 drone
684 1 941 358 21 17 drone
685 1 941 354 20 17 drone
686 1 939 349 20 17 drone
687 1 938 348 21 17 drone
688 1 939 354 20 17 drone
689 1 939 360 20 17 drone
690 1 938 358 20 17 drone
691 1 934 350 20 17 drone
692 1 936 345 21 18 drone
693 1 933 351 21 18 drone
694 1 932 360 21 18 drone
695 1 931 360 22 19 drone
696 1 929 354 22 19 drone
697 1 930 354 22 19 drone
698 1 931 354 22 19 drone
699 1 929 358 23 19 drone
700 1 926 355 23 20 drone
701 1 927 335 23 20 drone
702 1 920 330 24 20 drone
703 1 922 340 23 20 drone
704 1 926 355 24 20 drone
705 1 918 336 24 21 drone
706 1 917 300 24 21 drone
707 1 914 280 24 21 drone
708 1 913 308 24 21 drone
709 1 914 357 24 21 drone
710 1 918 361 24 21 drone
711 1 915 331 24 21 drone
712 1 909 310 24 21 drone
713 1 911 310 24 21 drone
714 1 914 323 24 21 drone
715 1 908 338 24 21 drone
716 1 913 344 24 21 drone
717 1 913 324 24 21 drone
718 1 906 293 24 21 drone
719 1 905 284 24 21 drone
720 1 899 295 25 22 drone
721 1 905 326 25 22 drone
722 1 910 350 26 20 drone
723 1 900 329 27 21 drone
724 1 902 278 27 21 drone
725 1 895 243 27 21 drone
726 1 890 262 27 21 drone
727 1 895 307 27 21 drone
728 1 901 329 27 21 drone
729 1 899 308 27 21 drone
730 1 889 279 27 21 drone
731 1 890 268 27 21 drone
732 1 899 301 27 21 drone
733 1 897 333 27 21 drone
734 1 901 351 26 21 drone
735 1 898 323 26 21 drone
736 1 891 278 26 21 drone
737 1 884 245 26 21 drone
738 1 886 271 26 21 drone
739 1 893 316 26 21 drone
740 1 895 334 26 21 drone
741 1 888 297 26 21 drone
742 1 880 250 26 21 drone
743 1 882 248 27 22 drone
744 1 887 293 27 22 drone
745 1 890 328 27 22 drone
746 1 888 312 27 22 drone
747 1 880 263 27 22 drone
748 1 876 234 27 22 drone
749 1 878 260 27 22 drone
750 1 882 312 27 22 drone
751 1 882 331 27 22 drone
752 1 886 317 27 22 drone
753 1 883 270 27 22 drone
754 1 878 249 27 22 drone
755 1 874 256 27 22 drone
756 1 879 297 27 22 drone
757 1 883 316 27 22 drone
758 1 881 306 27 22 drone
759 1 876 278 27 22 drone
760 1 879 270 27 22 drone
761 1 877 292 27 22 drone
762 1 878 308 27 22 drone
763 1 878 299 27 22 drone
764 1 872 274 27 22 drone
765 1 872 263 27 22 drone
766 1 870 269 27 22 drone
767 1 867 288 27 22 drone
768 1 870 290 27 22 drone
769 1 874 285 27 22 drone
770 1 875 277 27 22 drone
771 1 863 271 27 22 drone
772 1 859 272 27 22 drone
773 1 865 276 28 23 drone
774 1 864 285 27 22 drone
775 1 866 282 27 22 drone
776 1 863 278 27 22 drone
777 1 861 272 28 23 drone
778 1 862 273 28 23 drone
779 1 861 280 28 23 drone
780 1 866 306 28 23 drone
781 1 863 319 28 23 drone
782 1 868 312 28 23 drone
783 1 868 279 28 23 drone
784 1 863 265 27 22 drone
785 1 865 277 28 23 drone
786 1 868 296 28 23 drone
787 1 856 293 28 23 drone
788 1 856 278 28 23 drone
789 1 863 269 27 22 drone
790 1 858 267 28 23 drone
791 1 854 261 28 23 drone
792 1 857 255 28 23 drone
793 1 855 260 28 23 drone
794 1 848 265 28 23 drone
795 1 855 271 28 23 drone
796 1 851 269 29 23 drone
797 1 851 267 28 23 drone
798 1 852 267 28 23 drone
799 1 848 265 28 23 drone
800 1 851 265 28 23 drone
801 1 849 261 29 23 drone
802 1 847 256 28 23 drone
803 1 846 259 28 23 drone
804 1 846 264 29 24 drone
805 1 847 271 28 23 drone
806 1 845 270 28 23 drone
807 1 846 268 28 23 drone
808 1 847 265 29 23 drone
809 1 842 261 28 23 drone
810 1 844 265 27 23 drone
811 1 843 271 28 23 drone
812 1 841 277 28 23 drone
813 1 840 275 28 23 drone
814 1 840 268 28 23 drone
815 1 837 257 28 23 drone
816 1 836 265 29 24 drone
817 1 836 273 28 23 drone
818 1 836 278 28 23 drone
819 1 834 271 28 23 drone
820 1 834 267 28 23 drone
821 1 833 265 28 23 drone
822 1 832 267 29 23 drone
823 1 831 267 28 23 drone
824 1 829 264 29 23 drone
825 1 827 264 29 24 drone
826 1 827 263 29 24 drone
827 1 826 268 29 23 drone
828 1 824 261 29 24 drone
829 1 825 254 29 24 drone
830 1 822 248 29 23 drone
831 1 823 253 28 23 drone
832 1 822 271 29 24 drone
833 1 821 270 29 24 drone
834 1 821 250 28 23 drone
835 1 819 234 28 23 drone
836 1 816 244 28 23 drone
837 1 817 269 28 23 drone
838 1 820 274 28 23 drone
839 1 817 251 28 23 drone
840 1 809 226 28 23 drone
841 1 810 228 28 23 drone
842 1 815 256 28 23 drone
843 1 812 277 28 23 drone
844 1 810 267 29 24 drone
845 1 809 238 29 24 drone
846 1 807 226 29 24 drone
847 1 810 251 29 24 drone
848 1 809 276 29 24 drone
849 1 808 275 28 24 drone
850 1 806 246 28 24 drone
851 1 803 224 28 24 drone
852 1 800 229 28 24 drone
853 1 803 254 28 24 drone
854 1 807 272 28 24 drone
855 1 805 264 28 24 drone
856 1 799 234 28 24 drone
857 1 796 212 28 24 drone
858 1 805 236 28 24 drone
859 1 801 269 28 24 drone
860 1 802 270 29 25 drone
861 1 800 239 25 24 drone
862 1 796 219 25 24 drone
863 1 796 229 24 23 drone
864 1 796 254 29 23 drone
865 1 795 255 28 23 drone
866 1 793 235 28 22 drone
867 1 787 220 29 23 drone
868 1 789 233 29 23 drone
869 1 792 265 29 23 drone
870 1 793 278 29 23 drone
871 1 788 266 28 22 drone
872 1 789 239 28 22 drone
873 1 785 238 28 22 drone
874 1 793 263 28 22 drone
875 1 790 275 28 22 drone
876 1 783 245 28 22 drone
877 1 782 217 28 22 drone
878 1 786 214 29 23 drone
879 1 781 237 29 23 drone
880 1 782 266 29 23 drone
881 1 782 259 29 23 drone
882 1 780 231 29 23 drone
883 1 774 210 29 23 drone
884 1 775 221 29 23 drone
885 1 778 253 29 23 drone
886 1 779 261 29 23 drone
887 1 778 247 30 24 drone
888 1 771 224 30 24 drone
889 1 778 228 30 24 drone
890 1 772 244 30 24 drone
891 1 768 253 30 24 drone
892 1 772 253 30 24 drone
893 1 771 242 31 24 drone
894 1 771 240 31 25 drone
895 1 771 244 30 24 drone
896 1 772 243 30 24 drone
897 1 764 245 30 24 drone
898 1 765 236 31 24 drone
899 1 768 245 30 24 drone
900 1 761 254 31 25 drone
901 1 766 251 30 24 drone
902 1 767 232 30 24 drone
903 1 756 211 31 24 drone
904 1 758 221 30 24 drone
905 1 763 242 30 24 drone
906 1 762 270 30 24 drone
907 1 763 257 30 24 drone
908 1 755 228 32 25 drone
909 1 752 209 33 26 drone
910 1 755 240 29 26 drone
911 1 762 276 29 26 drone
912 1 753 277 30 27 drone
913 1 750 244 30 27 drone
914 1 756 217 31 22 drone
915 1 752 218 31 22 drone
916 1 741 233 31 22 drone
917 1 753 245 31 22 drone
918 1 752 245 31 22 drone
919 1 751 249 30 21 drone
920 1 744 241 31 22 drone
921 1 746 233 30 22 drone
922 1 744 217 31 22 drone
923 1 743 221 31 22 drone
924 1 741 223 31 22 drone
925 1 743 233 31 22 drone
926 1 743 239 30 21 drone
927 1 740 240 31 22 drone
928 1 737 226 30 21 drone
929 1 737 217 30 22 drone
930 1 736 222 31 22 drone
931 1 738 233 31 22 drone
932 1 739 239 31 22 drone
933 1 735 228 30 21 drone
934 1 736 226 31 22 drone
935 1 735 223 31 22 drone
936 1 734 236 30 22 drone
937 1 730 233 31 22 drone
938 1 732 229 31 22 drone
939 1 730 218 31 22 drone
940 1 728 221 31 22 drone
941 1 728 231 30 21 drone
942 1 730 241 31 22 drone
943 1 730 238 30 22 drone
944 1 725 221 31 22 drone
945 1 725 214 30 21 drone
946 1 723 221 31 22 drone
947 1 722 242 31 22 drone
948 1 722 246 31 22 drone
949 1 722 237 31 22 drone
950 1 719 222 31 22 drone
951 1 717 226 31 22 drone
952 1 717 236 31 22 drone
953 1 717 236 31 22 drone
954 1 716 225 30 22 drone
955 1 713 219 31 22 drone
956 1 713 226 31 22 drone
957 1 712 232 31 22 drone
958 1 711 231 31 22 drone
959 1 709 221 31 22 drone
960 1 709 218 31 22 drone
961 1 708 222 31 22 drone
962 1 712 230 31 22 drone
963 1 732 236 31 22 drone
964 1 940 245 31 22 drone
965 1 1128 251 31 22 drone
966 1 1193 241 31 22 drone
967 1 1263 229 31 22 drone
968 1 1267 222 31 22 drone
969 1 1268 235 31 22 drone
970 1 1267 244 31 22 drone
971 1 1264 237 30 22 drone
972 1 1266 221 31 22 drone
973 1 1263 221 31 22 drone
974 1 1260 227 31 22 drone
975 1 1259 231 30 22 drone
976 1 1262 226 30 21 drone
977 1 1259 225 30 21 drone
978 1 1257 228 30 21 drone
979 1 1256 227 31 22 drone
980 1 1258 224 30 21 drone
981 1 1256 217 30 21 drone
982 1 1251 210 30 21 drone
983 1 1254 218 30 21 drone
984 1 1257 230 30 21 drone
985 1 1253 231 29 21 drone
986 1 1253 212 30 21 drone
987 1 1251 211 30 21 drone
988 1 1251 224 30 21 drone
989 1 1250 237 29 21 drone
990 1 1249 244 29 21 drone
991 1 1250 251 29 21 drone
992 1 1248 259 29 21 drone
993 1 1244 244 30 21 drone
994 1 1248 241 30 21 drone
995 1 1242 224 29 21 drone
996 1 1236 211 30 21 drone
997 1 1236 220 30 21 drone
998 1 1235 250 30 21 drone
999 1 1231 255 30 21 drone
1000 1 1230 233 29 21 drone
1001 1 1229 208 29 21 drone
1002 1 1228 200 29 21 drone
1003 1 1222 204 29 21 drone
1004 1 1219 205 30 22 drone
1005 1 1217 208 30 21 drone
1006 1 1219 208 30 22 drone
1007 1 1217 212 29 21 drone
1008 1 1212 202 29 21 drone
1009 1 1209 194 29 21 drone
1010 1 1208 190 29 21 drone
1011 1 1210 203 30 21 drone
1012 1 1208 213 31 23 drone
1013 1 1204 210 32 23 drone
1014 1 1202 195 31 23 drone
1015 1 1201 185 32 24 drone
1016 1 1200 193 31 23 drone
1017 1 1201 207 31 23 drone
1018 1 1202 217 31 23 drone
1019 1 1197 208 31 23 drone
1020 1 1196 191 31 23 drone
1021 1 1190 183 31 23 drone
1022 1 1192 203 31 23 drone
1023 1 1190 231 31 23 drone
1024 1 1186 230 31 23 drone
1025 1 1173 200 31 23 drone
1026 1 1145 172 31 23 drone
1027 1 1035 183 31 23 drone
1028 1 867 213 31 23 drone
1029 1 755 242 31 23 drone
1030 1 657 217 31 23 drone
1031 1 521 181 31 23 drone
1032 1 494 160 31 23 drone
1033 1 493 186 31 23 drone
1034 1 495 217 31 23 drone
1035 1 500 220 31 23 drone
1036 1 498 201 31 23 drone
1037 1 488 184 32 24 drone
1038 1 493 191 31 23 drone
1039 1 499 210 32 24 drone
1040 1 493 224 32 23 drone
1041 1 489 212 32 24 drone
1042 1 489 210 32 24 drone
1043 1 489 194 32 24 drone
1044 1 492 208 32 24 drone
1045 1 488 228 32 24 drone
1046 1 482 219 32 24 drone
1047 1 481 197 32 24 drone
1048 1 491 185 32 24 drone
1049 1 482 192 32 24 drone
1050 1 477 200 32 24 drone
1051 1 480 193 33 24 drone
1052 1 477 183 33 24 drone
1053 1 476 176 34 25 drone
1054 1 480 188 32 24 drone
1055 1 483 209 33 24 drone
1056 1 479 251 33 24 drone
1057 1 475 419 33 24 drone
1058 1 474 506 33 24 drone
1059 1 475 586 33 24 drone
1060 1 468 704 33 24 drone
1061 1 471 749 33 24 drone
1062 1 471 757 33 24 drone
1063 1 473 727 31 24 drone
1064 1 467 698 31 24 drone
1065 1 468 709 31 24 drone
1066 1 473 742 31 24 drone
1067 1 475 769 31 24 drone
1068 1 472 761 32 24 drone
1069 1 466 736 32 24 drone
1070 1 466 723 31 24 drone
1071 1 468 741 32 24 drone
1072 1 468 766 32 24 drone
1073 1 464 764 33 24 drone
1074 1 466 737 32 25 drone
1075 1 457 701 32 25 drone
1076 1 456 719 32 25 drone
1077 1 465 747 32 25 drone
1078 1 466 763 32 25 drone
1079 1 454 727 32 25 drone
1080 1 450 693 32 25 drone
1081 1 447 693 33 26 drone
1082 1 453 732 33 26 drone
1083 1 453 758 33 26 drone
1084 1 448 738 32 25 drone
1085 1 443 697 32 25 drone
1086 1 441 678 32 25 drone
1087 1 440 700 32 25 drone
1088 1 444 732 32 25 drone
1089 1 444 741 32 25 drone
1090 1 440 715 32 25 drone
1091 1 435 692 32 25 drone
1092 1 435 696 32 25 drone
1093 1 437 720 32 25 drone
1094 1 440 736 32 25 drone
1095 1 441 737 32 25 drone
1096 1 444 717 32 25 drone
1097 1 487 715 32 25 drone
1098 1 550 735 32 25 drone
1099 1 571 733 34 26 drone
1100 1 576 720 34 26 drone
1101 1 574 704 34 26 drone
1102 1 572 705 34 26 drone
1103 1 573 713 34 26 drone
1104 1 574 724 34 26 drone
1105 1 572 724 34 26 drone
1106 1 572 701 35 28 drone
1107 1 568 688 35 28 drone
1108 1 568 691 35 28 drone
1109 1 568 712 35 28 drone
1110 1 571 722 35 28 drone
1111 1 569 718 35 28 drone
1112 1 562 693 37 29 drone
1113 1 560 680 37 29 drone
1114 1 562 689 35 28 drone
1115 1 563 708 37 29 drone
1116 1 563 716 37 29 drone
1117 1 560 704 37 29 drone
1118 1 561 690 37 29 drone
1119 1 562 692 37 29 drone
1120 1 558 707 37 29 drone
1121 1 558 718 37 29 drone
1122 1 563 716 35 28 drone
1123 1 560 699 37 29 drone
1124 1 559 690 37 29 drone
1125 1 556 692 35 28 drone
1126 1 557 706 34 26 drone
1127 1 559 708 32 25 drone
1128 1 558 697 32 25 drone
1129 1 555 678 32 25 drone
1130 1 553 653 32 25 drone
1131 1 553 637 32 25 drone
1132 1 554 607 32 25 drone
1133 1 553 538 32 25 drone
1134 1 551 472 30 21 drone
1135 1 549 406 31 22 drone
1136 1 549 341 31 22 drone
1137 1 546 285 33 23 drone
1138 1 546 277 35 24 drone
1139 1 548 278 33 23 drone
1140 1 547 269 35 24 drone
1141 1 544 269 35 24 drone
1142 1 544 267 35 24 drone
1143 1 547 276 33 23 drone
1144 1 546 279 33 23 drone
1145 1 545 276 33 23 drone
1146 1 543 270 31 22 drone
1147 1 542 262 31 22 drone
1148 1 541 267 31 22 drone
1149 1 542 274 31 22 drone
1150 1 541 276 31 22 drone
1151 1 540 269 31 22 drone
1152 1 538 264 31 22 drone
1153 1 537 265 31 22 drone
1154 1 536 269 31 22 drone
1155 1 537 271 31 22 drone
1156 1 535 266 31 22 drone
1157 1 532 260 31 22 drone
1158 1 533 261 30 21 drone
1159 1 533 268 30 21 drone
1160 1 533 274 30 21 drone
1161 1 532 272 30 21 drone
1162 1 527 262 31 22 drone
1163 1 519 253 31 22 drone
1164 1 514 253 31 22 drone
1165 1 514 260 31 22 drone
1166 1 512 259 33 23 drone
1167 1 508 252 35 24 drone
1168 1 506 248 35 24 drone
1169 1 504 249 35 24 drone
1170 1 506 257 33 23 drone
1171 1 506 259 31 22 drone
1172 1 505 255 31 22 drone
1173 1 504 249 31 22 drone
1174 1 502 248 33 23 drone
1175 1 502 252 33 23 drone
1176 1 502 256 33 23 drone
1177 1 499 254 35 24 drone
1178 1 498 247 35 24 drone
1179 1 498 245 35 24 drone
1180 1 498 247 35 24 drone
1181 1 498 252 35 24 drone
1182 1 496 251 35 24 drone
1183 1 496 247 35 24 drone
1184 1 495 242 35 24 drone
1185 1 495 243 33 23 drone
1186 1 495 248 33 23 drone
1187 1 494 249 33 23 drone
1188 1 492 243 35 24 drone
1189 1 490 238 35 24 drone
1190 1 489 236 35 24 drone
1191 1 486 238 35 24 drone
1192 1 478 236 35 24 drone
1193 1 471 230 35 24 drone
1194 1 470 228 33 23 drone
1195 1 468 225 35 24 drone
1196 1 467 227 35 24 drone
1197 1 467 230 35 24 drone
1198 1 466 230 36 25 drone
1199 1 466 228 35 24 drone
1200 1 465 227 35 24 drone
1201 1 463 225 36 25 drone
1202 1 463 228 36 25 drone
1203 1 462 228 36 25 drone
1204 1 462 227 36 25 drone
1205 1 459 222 38 27 drone
1206 1 457 221 38 27 drone
1207 1 457 220 38 27 drone
1208 1 457 220 38 27 drone
1209 1 456 217 38 27 drone
1210 1 457 216 38 27 drone
1211 1 460 216 38 27 drone
1212 1 466 219 38 27 drone
1213 1 497 221 40 28 drone
1214 1 614 226 36 27 drone
1215 1 654 221 36 27 drone
1216 1 659 219 36 27 drone
1217 1 658 222 36 27 drone
1218 1 663 229 34 26 drone
1219 1 664 233 33 24 drone
1220 1 662 228 33 24 drone
1221 1 661 223 33 24 drone
1222 1 659 223 31 23 drone
1223 1 659 228 33 24 drone
1224 1 660 230 33 24 drone
1225 1 660 230 33 24 drone
1226 1 657 223 34 26 drone
1227 1 656 223 34 26 drone
1228 1 658 230 34 26 drone
1229 1 659 237 34 26 drone
1230 1 658 234 34 26 drone
1231 1 656 229 34 26 drone
1232 1 657 225 33 24 drone
1233 1 654 221 33 24 drone
1234 1 653 219 33 24 drone
1235 1 653 223 33 24 drone
1236 1 652 234 33 24 drone
1237 1 653 237 33 24 drone
1238 1 648 222 34 26 drone
1239 1 648 206 34 26 drone
1240 1 645 202 34 26 drone
1241 1 643 221 36 27 drone
1242 1 642 228 36 27 drone
1243 1 637 215 38 28 drone
1244 1 636 189 40 30 drone
1245 1 634 186 40 30 drone
1246 1 632 201 40 30 drone
1247 1 636 219 40 30 drone
1248 1 638 217 38 28 drone
1249 1 629 199 40 30 drone
1250 1 627 204 40 30 drone
1251 1 629 261 42 31 drone
1252 1 631 328 37 30 drone
1253 1 627 379 37 30 drone
1254 1 626 439 37 30 drone
1255 1 627 510 35 29 drone
1256 1 621 586 37 30 drone
1257 1 622 691 37 30 drone
1258 1 626 792 35 29 drone
1259 1 621 813 37 30 drone
1260 1 619 793 37 30 drone
1261 1 619 788 35 29 drone
1262 1 620 803 35 29 drone
1263 1 621 820 37 30 drone
1264 1 619 817 37 30 drone
1265 1 616 800 37 30 drone
1266 1 615 784 37 30 drone
1267 1 614 788 37 30 drone
1268 1 611 801 37 30 drone
1269 1 609 807 39 32 drone
1270 1 610 794 39 32 drone
1271 1 607 788 37 30 drone
1272 1 604 786 37 30 drone
1273 1 607 798 35 29 drone
1274 1 608 796 35 29 drone
1275 1 606 778 37 30 drone
1276 1 602 764 37 30 drone
1277 1 595 764 37 30 drone
1278 1 599 776 37 30 drone
1279 1 599 779 39 32 drone
1280 1 594 762 41 34 drone
1281 1 588 747 41 34 drone
1282 1 587 750 41 34 drone
1283 1 593 769 39 32 drone
1284 1 591 779 39 32 drone
1285 1 583 762 41 34 drone
1286 1 580 734 41 34 drone
1287 1 580 657 38 35 drone
1288 1 580 562 36 33 drone
1289 1 579 477 36 33 drone
1290 1 579 381 36 30 drone
1291 1 576 282 34 27 drone
1292 1 574 268 34 27 drone
1293 1 575 275 34 27 drone
1294 1 572 286 34 27 drone
1295 1 572 289 34 27 drone
1296 1 568 273 36 28 drone
1297 1 565 260 36 28 drone
1298 1 562 263 36 28 drone
1299 1 563 274 36 28 drone
1300 1 560 279 36 28 drone
1301 1 560 270 36 28 drone
1302 1 555 258 36 28 drone
1303 1 553 254 36 28 drone
1304 1 554 261 36 28 drone
1305 1 552 265 36 28 drone
1306 1 551 262 34 27 drone
1307 1 549 253 34 27 drone
1308 1 548 249 32 26 drone
1309 1 548 253 32 26 drone
1310 1 546 256 32 26 drone
1311 1 545 250 32 26 drone
1312 1 540 240 34 27 drone
1313 1 538 238 34 27 drone
1314 1 537 241 34 27 drone
1315 1 537 249 34 27 drone
1316 1 538 247 32 26 drone
1317 1 534 239 34 27 drone
1318 1 530 230 34 27 drone
1319 1 528 229 34 27 drone
1320 1 527 230 34 27 drone
1321 1 526 232 34 27 drone
1322 1 525 231 32 26 drone
1323 1 525 229 32 26 drone
1324 1 523 227 31 24 drone
1325 1 519 224 31 24 drone
1326 1 519 221 31 24 drone
1327 1 516 222 31 24 drone
1328 1 515 220 31 24 drone
1329 1 512 215 31 24 drone
1330 1 511 211 32 26 drone
1331 1 508 211 34 27 drone
1332 1 509 218 32 26 drone
1333 1 506 215 32 26 drone
1334 1 505 206 32 26 drone
1335 1 499 198 34 27 drone
1336 1 496 197 34 27 drone
1337 1 496 203 34 27 drone
1338 1 496 202 32 26 drone
1339 1 493 198 32 26 drone
1340 1 492 194 32 26 drone
1341 1 489 191 32 26 drone
1342 1 487 191 32 26 drone
1343 1 487 189 32 26 drone
1344 1 484 186 34 27 drone
1345 1 482 186 34 27 drone
1346 1 480 186 34 27 drone
1347 1 479 184 34 27 drone
1348 1 478 184 32 26 drone
1349 1 474 179 34 27 drone
1350 1 472 178 34 27 drone
1351 1 472 180 34 27 drone
1352 1 470 175 34 27 drone
1353 1 467 167 34 27 drone
1354 1 461 162 34 27 drone
1355 1 462 165 34 27 drone
1356 1 459 171 32 26 drone
1357 1 456 168 32 26 drone
1358 1 456 162 32 26 drone
1359 1 454 155 34 27 drone
1360 1 449 155 34 27 drone
1361 1 449 155 34 27 drone
1362 1 446 154 34 27 drone
1363 1 444 151 34 27 drone
1364 1 443 147 34 27 drone
1365 1 439 144 34 27 drone
1366 1 438 147 34 27 drone
1367 1 436 148 34 27 drone
1368 1 432 140 36 28 drone
1369 1 431 132 36 28 drone
1370 1 428 127 36 28 drone
1371 1 427 135 36 28 drone
1372 1 425 142 36 28 drone
1373 1 424 142 36 28 drone
1374 1 423 132 36 28 drone
1375 1 418 123 36 28 drone
1376 1 412 106 37 30 drone
1377 1 414 104 37 30 drone
1378 1 412 121 39 31 drone
1379 1 412 138 39 31 drone
1380 1 408 129 39 31 drone
1381 1 406 102 39 31 drone
1382 1 407 94 37 30 drone
1383 1 400 113 37 30 drone
1384 1 405 132 39 31 drone
1385 1 397 122 39 31 drone
1386 1 396 99 39 31 drone
1387 1 395 96 39 31 drone
1388 1 394 146 37 28 drone
1389 1 394 190 35 27 drone
1390 1 392 199 35 27 drone
1391 1 397 179 37 28 drone
1392 1 389 160 37 28 drone
1393 1 387 160 37 28 drone
1394 1 382 170 39 30 drone
1395 1 379 173 39 30 drone
1396 1 383 174 37 28 drone
1397 1 385 173 35 27 drone
1398 1 381 168 33 26 drone
1399 1 375 152 35 27 drone
1400 1 372 155 35 27 drone
1401 1 381 178 37 28 drone
1402 1 376 207 35 27 drone
1403 1 372 188 37 28 drone
1404 1 369 149 35 30 drone
1405 1 367 130 37 31 drone
1406 1 366 157 37 31 drone
1407 1 364 184 37 31 drone
1408 1 365 179 37 31 drone
1409 1 358 156 39 33 drone
1410 1 350 114 39 33 drone
1411 1 350 122 39 33 drone
1412 1 350 135 37 31 drone
1413 1 350 150 37 31 drone
1414 1 348 139 37 31 drone
1415 1 343 120 39 33 drone
1416 1 339 89 41 35 drone
1417 1 337 94 41 35 drone
1418 1 338 121 41 35 drone
1419 1 339 139 41 35 drone
1420 1 334 123 41 35 drone
1421 1 329 97 41 35 drone
1422 1 327 81 41 35 drone
1423 1 329 136 36 31 drone
1424 1 326 272 38 33 drone
1425 1 323 372 40 35 drone
1426 1 320 433 40 35 drone
1427 1 317 489 38 31 drone
1428 1 315 520 38 31 drone
1429 1 316 556 38 32 drone
1430 1 317 598 37 29 drone
1431 1 317 614 39 30 drone
1432 1 306 589 39 30 drone
1433 1 312 581 39 30 drone
1434 1 304 603 39 30 drone
1435 1 305 626 39 30 drone
1436 1 308 626 37 29 drone
1437 1 302 599 39 30 drone
1438 1 299 576 41 32 drone
1439 1 294 587 41 32 drone
1440 1 294 611 41 32 drone
1441 1 297 620 41 32 drone
1442 1 290 601 41 32 drone
1443 1 289 585 43 34 drone
1444 1 287 591 41 32 drone
1445 1 286 612 43 34 drone
1446 1 283 620 43 34 drone
1447 1 285 611 41 32 drone
1448 1 285 596 41 32 drone
1449 1 282 592 39 30 drone
1450 1 278 597 39 30 drone
1451 1 274 606 39 30 drone
1452 1 279 609 39 30 drone
1453 1 277 604 39 30 drone
1454 1 268 596 39 30 drone
1455 1 266 592 39 30 drone
1456 1 265 593 39 30 drone
1457 1 264 593 37 29 drone
1458 1 261 599 37 29 drone
1459 1 261 603 37 29 drone
1460 1 258 596 37 29 drone
1461 1 252 584 39 30 drone
1462 1 251 579 37 29 drone
1463 1 249 581 37 29 drone
1464 1 249 590 37 29 drone
1465 1 248 593 37 29 drone
1466 1 258 588 37 29 drone
1467 1 275 573 37 29 drone
1468 1 485 567 37 29 drone
1469 1 632 567 37 29 drone
1470 1 641 575 37 29 drone
1471 1 640 576 37 29 drone
1472 1 635 563 39 30 drone
1473 1 635 557 39 30 drone
1474 1 630 563 37 29 drone
1475 1 630 564 37 29 drone
1476 1 630 565 37 29 drone
1477 1 628 574 37 29 drone
1478 1 626 584 37 29 drone
1479 1 622 572 39 30 drone
1480 1 622 553 41 32 drone
1481 1 621 539 43 34 drone
1482 1 615 549 45 35 drone
1483 1 613 559 43 34 drone
1484 1 614 557 41 32 drone
1485 1 610 537 43 34 drone
1486 1 602 513 43 34 drone
1487 1 599 499 43 34 drone
1488 1 599 507 43 34 drone
1489 1 597 524 43 34 drone
1490 1 595 522 43 34 drone
1491 1 592 501 43 34 drone
1492 1 589 483 43 34 drone
1493 1 589 492 41 32 drone
1494 1 588 506 41 32 drone
1495 1 586 505 41 32 drone
1496 1 581 487 43 34 drone
1497 1 578 474 43 34 drone
1498 1 578 479 41 32 drone
1499 1 576 488 41 32 drone
1500 1 574 487 41 32 drone
1501 1 572 475 41 32 drone
1502 1 570 466 41 32 drone
1503 1 569 467 41 32 drone
1504 1 567 472 41 32 drone
1505 1 563 473 41 32 drone
1506 1 562 468 41 32 drone
1507 1 561 466 39 30 drone
1508 1 555 464 39 30 drone
1509 1 552 464 39 30 drone
1510 1 555 469 39 30 drone
1511 1 554 469 39 30 drone
1512 1 551 465 39 30 drone
1513 1 548 461 39 30 drone
1514 1 545 460 39 30 drone
1515 1 541 457 39 30 drone
1516 1 541 451 39 30 drone
1517 1 542 443 39 30 drone
1518 1 539 445 39 30 drone
1519 1 535 455 39 30 drone
1520 1 533 463 39 30 drone
1521 1 531 458 37 29 drone
1522 1 530 447 39 30 drone
1523 1 527 446 39 30 drone
1524 1 523 454 41 32 drone
1525 1 520 456 41 32 drone
