0 0
1 1 670 473 30 13 drone
2 1 678 475 30 13 drone
3 1 678 479 36 13 drone
4 1 683 480 35 13 drone
5 1 687 479 36 13 drone
6 1 693 479 36 13 drone
7 1 711 480 36 13 drone
8 1 742 482 35 13 drone
9 1 769 483 35 12 drone
10 1 791 484 35 13 drone
11 1 810 485 35 12 drone
12 1 830 486 36 13 drone
13 1 851 488 34 12 drone
14 1 872 489 35 13 drone
15 1 892 490 33 12 drone
16 1 913 490 32 12 drone
17 1 936 491 33 12 drone
18 1 958 494 34 12 drone
19 1 978 497 32 12 drone
20 1 997 496 34 12 drone
21 1 1015 494 33 12 drone
22 1 1030 494 32 12 drone
23 1 1043 496 35 13 drone
24 1 1057 501 33 12 drone
25 1 1072 503 31 11 drone
26 1 1086 502 31 11 drone
27 1 1098 500 31 11 drone
28 1 1107 501 33 12 drone
29 1 1117 505 31 11 drone
30 1 1128 508 32 12 drone
31 1 1139 507 34 12 drone
32 1 1154 505 32 12 drone
33 1 1168 504 33 12 drone
34 1 1184 508 34 12 drone
35 1 1200 511 31 11 drone
36 1 1212 510 32 12 drone
37 1 1216 507 32 12 drone
38 1 1219 507 32 12 drone
39 1 1224 511 32 11 drone
40 1 1231 515 31 11 drone
41 1 1235 514 32 11 drone
42 1 1224 512 32 12 drone
43 1 1207 511 32 11 drone
44 1 1190 513 32 11 drone
45 1 1172 519 30 11 drone
46 1 1154 520 32 12 drone
47 1 1135 519 30 11 drone
48 1 1116 516 32 11 drone
49 1 1097 518 30 11 drone
50 1 1079 522 31 11 drone
51 1 1060 525 30 11 drone
52 1 1042 525 30 11 drone
53 1 1022 523 30 11 drone
54 1 1001 523 32 12 drone
55 1 983 525 32 12 drone
56 1 964 528 33 12 drone
57 1 946 529 32 12 drone
58 1 926 528 33 12 drone
59 1 908 528 32 11 drone
60 1 888 529 33 12 drone
61 1 870 532 33 12 drone
62 1 853 532 34 12 drone
63 1 837 533 33 12 drone
64 1 825 532 34 12 drone
65 1 817 532 34 12 drone
66 1 821 534 34 12 drone
67 1 841 536 36 13 drone
68 1 863 537 34 12 drone
69 1 871 537 35 13 drone
70 1 876 537 34 12 drone
71 1 878 537 36 13 drone
72 1 888 540 34 12 drone
73 1 905 542 35 13 drone
74 1 920 542 35 13 drone
75 1 933 541 35 12 drone
76 1 944 543 34 12 drone
77 1 954 546 35 13 drone
78 1 966 548 33 12 drone
79 1 976 547 35 14 drone
80 1 988 547 35 14 drone
81 1 999 548 36 14 drone
82 1 1010 549 36 15 drone
83 1 1017 551 36 15 drone
84 1 1024 552 35 14 drone
85 1 1031 553 36 14 drone
86 1 1037 554 35 14 drone
87 1 1044 554 35 14 drone
88 1 1054 555 34 14 drone
89 1 1064 557 34 14 drone
90 1 1074 557 34 13 drone
91 1 1082 557 36 14 drone
92 1 1089 558 35 14 drone
93 1 1096 559 34 14 drone
94 1 1102 560 34 14 drone
95 1 1109 561 35 14 drone
96 1 1115 562 34 14 drone
97 1 1106 563 35 14 drone
98 1 1091 563 35 14 drone
99 1 1075 564 34 13 drone
100 1 1058 566 34 14 drone
101 1 1040 567 32 13 drone
102 1 1022 567 34 14 drone
103 1 1004 567 34 14 drone
104 1 986 568 33 13 drone
105 1 969 570 31 12 drone
106 1 952 572 31 12 drone
107 1 933 572 32 13 drone
108 1 915 572 31 12 drone
109 1 896 572 33 13 drone
110 1 878 573 32 13 drone
111 1 862 576 31 12 drone
112 1 848 576 31 12 drone
113 1 839 577 31 12 drone
114 1 840 576 33 14 drone
115 1 866 578 33 14 drone
116 1 895 580 33 14 drone
117 1 906 581 33 14 drone
118 1 908 581 33 14 drone
119 1 911 581 33 14 drone
120 1 917 582 32 14 drone
121 1 924 584 33 14 drone
122 1 933 586 32 14 drone
123 1 941 586 31 13 drone
124 1 945 585 33 14 drone
125 1 949 585 38 16 drone
126 1 955 588 34 14 drone
127 1 961 589 37 16 drone
128 1 968 589 38 16 drone
129 1 976 589 36 15 drone
130 1 985 590 34 14 drone
131 1 993 593 31 13 drone
132 1 999 594 31 13 drone
133 1 1006 595 32 14 drone
134 1 1012 595 34 15 drone
135 1 1019 595 34 15 drone
136 1 1028 597 33 14 drone
137 1 1037 599 31 13 drone
138 1 1045 601 30 13 drone
139 1 1054 601 31 13 drone
140 1 1062 601 32 14 drone
141 1 1070 602 31 13 drone
142 1 1076 603 32 13 drone
143 1 1083 603 32 14 drone
144 1 1089 604 31 13 drone
145 1 1098 606 30 13 drone
146 1 1107 607 33 14 drone
147 1 1116 608 33 14 drone
148 1 1124 608 31 13 drone
149 1 1130 609 32 14 drone
150 1 1141 611 29 12 drone
151 1 1149 613 30 13 drone
152 1 1151 615 30 13 drone
153 1 1143 616 28 12 drone
154 1 1127 616 29 12 drone
155 1 1110 616 30 13 drone
156 1 1095 618 28 12 drone
157 1 1076 618 30 13 drone
158 1 1057 616 33 14 drone
159 1 1040 618 33 14 drone
160 1 1022 618 35 15 drone
161 1 1006 621 32 14 drone
162 1 989 622 29 12 drone
163 1 970 620 34 15 drone
164 1 953 619 34 14 drone
165 1 935 621 32 14 drone
166 1 917 623 33 14 drone
167 1 896 624 37 14 drone
168 1 878 624 39 15 drone
169 1 861 624 37 14 drone
170 1 843 624 37 14 drone
171 1 825 625 40 15 drone
172 1 809 628 37 14 drone
173 1 791 630 38 14 drone
174 1 773 628 38 15 drone
175 1 756 627 41 16 drone
176 1 739 629 37 14 drone
177 1 723 633 37 14 drone
178 1 703 634 38 15 drone
179 1 687 634 37 14 drone
180 1 669 634 37 14 drone
181 1 649 633 40 15 drone
182 1 635 635 39 15 drone
183 1 622 636 38 14 drone
184 1 618 636 37 14 drone
185 1 639 636 37 14 drone
186 1 639 636 37 14 drone
187 1 725 640 36 14 drone
188 1 740 644 34 13 drone
189 1 759 642 38 15 drone
190 1 781 640 38 15 drone
191 1 808 638 38 15 drone
192 1 839 640 38 15 drone
193 1 871 643 37 15 drone
194 1 899 647 37 15 drone
195 1 927 648 37 15 drone
196 1 952 648 38 15 drone
197 1 980 648 37 15 drone
198 1 1004 649 35 14 drone
199 1 1016 650 37 15 drone
200 1 1022 650 39 16 drone
201 1 1034 649 35 16 drone
202 1 1047 651 35 16 drone
203 1 1067 656 28 13 drone
204 1 1080 655 29 13 drone
205 1 1089 654 27 12 drone
206 1 1094 653 26 12 drone
207 1 1098 652 28 13 drone
208 1 1106 656 27 13 drone
209 1 1111 661 27 12 drone
210 1 1118 662 26 12 drone
211 1 1124 657 27 12 drone
212 1 1135 655 27 13 drone
213 1 1145 657 31 14 drone
214 1 1152 660 34 15 drone
215 1 1160 661 34 15 drone
216 1 1167 659 35 16 drone
217 1 1175 655 35 16 drone
218 1 1186 656 34 16 drone
219 1 1195 661 33 15 drone
220 1 1188 666 32 15 drone
221 1 1177 668 29 13 drone
222 1 1160 666 31 14 drone
223 1 1143 665 32 15 drone
224 1 1126 666 33 15 drone
225 1 1110 670 32 15 drone
226 1 1093 671 33 15 drone
227 1 1076 669 33 15 drone
228 1 1058 666 34 15 drone
229 1 1043 667 30 14 drone
230 1 1027 672 28 13 drone
231 1 1010 675 28 13 drone
232 1 993 674 31 14 drone
233 1 974 671 32 14 drone
234 1 957 670 31 14 drone
235 1 938 670 33 15 drone
236 1 922 673 31 14 drone
237 1 903 672 35 16 drone
238 1 887 673 33 15 drone
239 1 871 674 35 16 drone
240 1 858 677 33 15 drone
241 1 849 677 31 14 drone
242 1 855 675 31 14 drone
243 1 888 673 31 14 drone
244 1 922 677 31 14 drone
245 1 942 680 31 14 drone
246 1 953 679 33 15 drone
247 1 966 677 30 13 drone
248 1 981 678 31 14 drone
249 1 1000 682 38 15 drone
250 1 1019 685 38 15 drone
251 1 1038 684 37 15 drone
252 1 1053 681 37 15 drone
253 1 1069 681 39 16 drone
254 1 1087 685 38 16 drone
255 1 1105 688 37 15 drone
256 1 1122 687 37 15 drone
257 1 1141 686 34 14 drone
258 1 1159 687 36 14 drone
259 1 1175 690 37 15 drone
260 1 1192 692 36 15 drone
261 1 1210 691 37 15 drone
262 1 1226 688 37 15 drone
263 1 1243 688 35 14 drone
264 1 1260 691 38 15 drone
265 1 1277 696 39 16 drone
266 1 1295 697 38 16 drone
267 1 1309 693 40 16 drone
268 1 1324 690 38 16 drone
269 1 1344 694 36 14 drone
270 1 1364 698 42 17 drone
271 1 1386 700 37 15 drone
272 1 1403 700 35 14 drone
273 1 1421 699 29 12 drone
274 1 1438 701 25 13 drone
275 1 1456 706 24 13 drone
276 1 1468 705 25 13 drone
277 1 1460 701 25 13 drone
278 1 1446 700 25 13 drone
279 1 1430 704 25 13 drone
280 1 1413 709 24 13 drone
281 1 1398 707 30 15 drone
282 1 1382 706 28 14 drone
283 1 1365 705 28 14 drone
284 1 1348 708 28 14 drone
285 1 1331 712 30 15 drone
286 1 1316 714 27 13 drone
287 1 1299 711 29 14 drone
288 1 1283 712 26 13 drone
289 1 1263 717 31 14 drone
290 1 1247 721 30 14 drone
291 1 1231 723 29 13 drone
292 1 1214 722 33 15 drone
293 1 1198 721 32 13 drone
294 1 1182 722 32 13 drone
295 1 1167 726 32 13 drone
296 1 1151 727 29 12 drone
297 1 1133 727 33 14 drone
298 1 1116 727 33 13 drone
299 1 1097 729 35 13 drone
300 1 1082 732 30 11 drone
301 1 1067 732 34 13 drone
302 1 1053 733 33 12 drone
303 1 1039 733 36 13 drone
304 1 1032 735 34 12 drone
305 1 1033 736 35 12 drone
306 1 1039 737 34 12 drone
307 1 1037 739 36 13 drone
308 1 1029 743 35 12 drone
309 1 1018 743 31 11 drone
310 1 1006 743 33 12 drone
311 1 1004 743 33 12 drone
312 1 1018 744 34 12 drone
313 1 1053 748 33 12 drone
314 1 1084 749 32 11 drone
315 1 1102 749 32 11 drone
316 1 1123 747 33 12 drone
317 1 1167 748 33 12 drone
318 1 1214 752 33 12 drone
319 1 1260 755 33 12 drone
320 1 1303 754 33 12 drone
321 1 1342 750 33 12 drone
322 1 1375 750 33 12 drone
323 1 1416 755 33 12 drone
324 1 1455 756 33 12 drone
325 1 1494 760 29 13 drone
326 1 1534 755 31 15 drone
327 1 1556 759 31 15 drone
328 1 1572 762 31 15 drone
329 1 1592 762 31 15 drone
330 1 1618 763 31 15 drone
331 1 1626 762 31 15 drone
332 1 1619 766 31 15 drone
333 1 1606 766 31 15 drone
334 1 1593 767 33 16 drone
335 1 1579 762 33 16 drone
336 1 1566 764 33 16 drone
337 1 1550 765 34 17 drone
338 1 1533 768 36 17 drone
339 1 1515 766 36 17 drone
340 1 1498 765 36 17 drone
341 1 1484 767 36 17 drone
342 1 1467 770 36 17 drone
343 1 1455 772 36 17 drone
344 1 1438 771 36 17 drone
345 1 1421 772 36 17 drone
346 1 1402 773 36 17 drone
347 1 1387 778 36 17 drone
348 1 1372 781 34 17 drone
349 1 1354 778 34 17 drone
350 1 1339 778 33 16 drone
351 1 1322 778 33 16 drone
352 1 1306 782 34 17 drone
353 1 1288 784 34 17 drone
354 1 1273 783 34 17 drone
355 1 1253 781 36 17 drone
356 1 1237 783 36 17 drone
357 1 1222 788 36 17 drone
358 1 1206 790 36 17 drone
359 1 1189 788 36 17 drone
360 1 1175 788 36 17 drone
361 1 1157 787 36 17 drone
362 1 1142 783 36 17 drone
363 1 1124 749 36 17 drone
364 1 1109 691 33 14 drone
365 1 1096 662 35 15 drone
366 1 1078 660 35 15 drone
367 1 1063 661 37 16 drone
368 1 1048 663 37 16 drone
369 1 1028 661 37 16 drone
370 1 1012 660 37 16 drone
371 1 999 660 37 16 drone
372 1 977 663 39 17 drone
373 1 963 667 39 17 drone
374 1 950 669 39 17 drone
375 1 936 668 37 16 drone
376 1 919 665 37 16 drone
377 1 902 665 37 16 drone
378 1 887 669 37 16 drone
379 1 871 673 37 16 drone
380 1 855 675 37 16 drone
381 1 839 673 37 16 drone
382 1 820 671 37 16 drone
383 1 808 674 37 16 drone
384 1 789 677 37 16 drone
385 1 770 679 37 16 drone
386 1 760 677 37 16 drone
387 1 741 676 37 16 drone
388 1 727 676 37 16 drone
389 1 715 680 39 17 drone
390 1 701 683 39 17 drone
391 1 707 683 39 17 drone
392 1 770 680 37 16 drone
393 1 846 681 37 16 drone
394 1 867 682 35 15 drone
395 1 884 682 37 16 drone
396 1 926 684 35 15 drone
397 1 956 683 35 15 drone
398 1 1001 685 35 15 drone
399 1 1047 689 33 14 drone
400 1 1071 690 35 15 drone
401 1 1087 691 33 14 drone
402 1 1105 685 35 15 drone
403 1 1136 688 35 15 drone
404 1 1162 691 37 16 drone
405 1 1182 694 39 17 drone
406 1 1194 694 37 16 drone
407 1 1207 692 39 17 drone
408 1 1223 694 31 16 drone
409 1 1236 693 31 16 drone
410 1 1233 694 31 16 drone
411 1 1224 695 33 17 drone
412 1 1205 700 33 17 drone
413 1 1189 699 33 17 drone
414 1 1178 698 34 18 drone
415 1 1161 696 34 18 drone
416 1 1144 696 36 19 drone
417 1 1131 698 36 19 drone
418 1 1113 703 36 19 drone
419 1 1098 704 36 19 drone
420 1 1080 704 36 19 drone
421 1 1067 700 36 19 drone
422 1 1053 699 38 19 drone
423 1 1036 702 38 19 drone
424 1 1018 705 38 19 drone
425 1 1005 707 36 19 drone
426 1 990 686 32 17 drone
427 1 973 645 32 17 drone
428 1 958 613 32 17 drone
429 1 944 590 34 18 drone
430 1 927 572 35 19 drone
431 1 912 548 34 17 drone
432 1 898 522 34 17 drone
433 1 882 488 34 17 drone
434 1 867 469 32 16 drone
435 1 847 459 34 17 drone
436 1 836 457 34 17 drone
437 1 820 452 34 17 drone
438 1 804 449 34 17 drone
439 1 791 453 34 17 drone
440 1 772 458 34 17 drone
441 1 758 458 34 17 drone
442 1 741 453 34 17 drone
443 1 729 451 34 17 drone
444 1 710 455 34 17 drone
445 1 698 461 34 17 drone
446 1 688 465 36 18 drone
447 1 688 461 36 14 drone
448 1 716 459 34 13 drone
449 1 755 460 36 14 drone
450 1 777 466 36 14 drone
451 1 781 468 37 13 drone
452 1 786 466 37 13 drone
453 1 800 463 37 13 drone
454 1 819 464 37 13 drone
455 1 834 467 37 13 drone
456 1 852 470 35 12 drone
457 1 869 468 31 15 drone
458 1 884 469 31 15 drone
459 1 903 471 30 14 drone
460 1 917 473 31 15 drone
461 1 942 476 30 14 drone
462 1 954 475 30 14 drone
463 1 969 473 28 14 drone
464 1 984 474 28 14 drone
465 1 998 478 28 14 drone
466 1 991 482 28 14 drone
467 1 979 480 28 14 drone
468 1 959 472 39 19 drone
469 1 950 473 39 19 drone
470 1 937 478 39 19 drone
471 1 923 481 37 18 drone
472 1 911 482 37 18 drone
473 1 896 477 37 18 drone
474 1 878 474 37 18 drone
475 1 873 479 35 17 drone
476 1 862 483 35 17 drone
477 1 861 484 35 17 drone
478 1 867 480 35 17 drone
479 1 903 477 35 17 drone
480 1 953 482 33 16 drone
481 1 987 485 35 17 drone
482 1 1030 484 35 17 drone
483 1 1086 483 33 16 drone
484 1 1132 483 33 16 drone
485 1 1176 485 33 16 drone
486 1 1219 486 35 17 drone
487 1 1246 484 35 17 drone
488 1 1275 480 35 17 drone
489 1 1312 479 35 17 drone
490 1 1355 481 33 16 drone
491 1 1383 484 35 17 drone
492 1 1417 482 35 17 drone
493 1 1443 481 37 18 drone
494 1 1478 480 26 18 drone
495 1 1510 479 26 18 drone
496 1 1540 481 27 19 drone
497 1 1553 481 27 19 drone
498 1 1555 482 27 19 drone
499 1 1556 483 27 19 drone
500 1 1551 484 27 19 drone
501 1 1543 476 35 22 drone
502 1 1535 476 35 22 drone
503 1 1533 476 37 23 drone
504 1 1531 475 39 24 drone
505 1 1529 473 37 23 drone
506 1 1517 469 39 24 drone
507 1 1516 469 39 24 drone
508 1 1518 473 39 24 drone
509 1 1521 474 37 23 drone
510 1 1519 473 37 23 drone
511 1 1515 471 37 23 drone
512 1 1516 472 35 22 drone
513 1 1509 475 35 22 drone
514 1 1516 478 35 22 drone
515 1 1509 476 35 21 drone
516 1 1516 475 35 21 drone
517 1 1506 469 27 18 drone
518 1 1506 473 27 18 drone
519 1 1505 477 27 18 drone
520 1 1502 479 27 18 drone
521 1 1496 473 27 18 drone
522 1 1492 474 27 18 drone
523 1 1471 470 35 22 drone
524 1 1462 480 35 22 drone
525 1 1435 480 37 23 drone
526 1 1417 475 37 23 drone
527 1 1400 467 39 24 drone
528 1 1376 469 37 23 drone
529 1 1354 461 39 24 drone
530 1 1344 468 39 24 drone
531 1 1331 471 39 24 drone
532 1 1309 464 34 21 drone
533 1 1296 460 32 20 drone
534 1 1284 461 34 21 drone
535 1 1274 472 34 21 drone
536 1 1264 478 29 17 drone
537 1 1258 472 29 17 drone
538 1 1244 460 29 17 drone
539 1 1232 457 29 17 drone
540 1 1227 464 29 17 drone
541 1 1223 475 28 16 drone
542 1 1217 479 28 17 drone
543 1 1212 466 31 18 drone
544 1 1209 455 27 16 drone
545 1 1208 453 27 16 drone
546 1 1208 464 28 17 drone
547 1 1208 471 30 18 drone
548 1 1199 463 38 20 drone
549 1 1195 450 38 20 drone
550 1 1195 447 39 21 drone
551 1 1195 459 39 20 drone
552 1 1196 470 42 22 drone
553 1 1196 467 41 21 drone
554 1 1195 454 37 19 drone
555 1 1194 446 37 19 drone
556 1 1194 452 38 20 drone
557 1 1195 465 37 20 drone
558 1 1196 468 38 20 drone
559 1 1195 460 39 20 drone
560 1 1194 450 39 20 drone
561 1 1193 451 39 20 drone
562 1 1195 463 39 20 drone
563 1 1196 471 37 20 drone
564 1 1198 465 35 18 drone
565 1 1199 455 33 17 drone
566 1 1198 453 34 18 drone
567 1 1197 459 34 18 drone
568 1 1198 466 33 18 drone
569 1 1198 465 36 19 drone
570 1 1195 458 38 20 drone
571 1 1193 455 36 19 drone
572 1 1191 461 37 19 drone
573 1 1187 466 35 19 drone
574 1 1180 460 35 19 drone
575 1 1170 448 35 19 drone
576 1 1158 447 36 19 drone
577 1 1136 455 37 19 drone
578 1 1126 464 35 18 drone
579 1 1108 461 39 20 drone
580 1 1089 451 38 19 drone
581 1 1069 443 39 20 drone
582 1 1050 443 43 22 drone
583 1 1035 453 36 18 drone
584 1 1017 457 36 18 drone
585 1 1001 452 32 17 drone
586 1 986 446 32 17 drone
587 1 972 448 32 17 drone
588 1 965 450 36 19 drone
589 1 945 454 31 17 drone
590 1 935 453 31 17 drone
591 1 924 448 33 18 drone
592 1 915 444 32 17 drone
593 1 906 446 31 17 drone
594 1 897 450 32 18 drone
595 1 891 454 31 17 drone
596 1 880 448 33 18 drone
597 1 872 442 30 17 drone
598 1 861 437 31 17 drone
599 1 852 442 32 18 drone
600 1 844 449 32 18 drone
601 1 834 449 34 19 drone
602 1 825 444 32 17 drone
603 1 816 437 32 18 drone
604 1 803 435 38 21 drone
605 1 796 442 34 19 drone
606 1 787 445 33 18 drone
607 1 779 443 28 15 drone
608 1 766 436 29 16 drone
609 1 757 432 30 16 drone
610 1 753 436 29 16 drone
611 1 736 441 30 17 drone
612 1 725 440 29 16 drone
613 1 714 435 29 16 drone
614 1 703 429 29 16 drone
615 1 692 432 29 16 drone
616 1 680 438 32 18 drone
617 1 673 439 31 17 drone
618 1 665 434 28 16 drone
619 1 655 426 31 17 drone
620 1 646 427 31 17 drone
621 1 641 432 33 18 drone
622 1 638 438 28 16 drone
623 1 641 433 30 16 drone
624 1 668 426 30 17 drone
625 1 736 422 30 17 drone
626 1 800 430 30 17 drone
627 1 843 434 30 17 drone
628 1 898 429 30 17 drone
629 1 958 424 30 17 drone
630 1 1014 419 33 16 drone
631 1 1068 422 33 16 drone
632 1 1126 426 35 17 drone
633 1 1191 426 37 18 drone
634 1 1257 423 30 14 drone
635 1 1321 418 31 15 drone
636 1 1379 417 31 15 drone
637 1 1403 423 38 17 drone
638 1 1408 425 38 17 drone
639 1 1416 423 38 17 drone
640 1 1425 412 40 18 drone
641 1 1441 411 40 18 drone
642 1 1445 416 38 17 drone
643 1 1439 416 38 17 drone
644 1 1426 415 38 17 drone
645 1 1418 408 40 18 drone
646 1 1403 408 40 18 drone
647 1 1391 410 42 19 drone
648 1 1383 414 42 19 drone
649 1 1376 413 40 18 drone
650 1 1360 408 42 19 drone
651 1 1349 404 42 19 drone
652 1 1339 405 42 19 drone
653 1 1332 409 40 18 drone
654 1 1322 409 40 18 drone
655 1 1312 405 42 19 drone
656 1 1298 402 44 20 drone
657 1 1285 402 44 20 drone
658 1 1275 406 46 21 drone
659 1 1267 406 46 21 drone
660 1 1259 403 44 20 drone
661 1 1244 399 46 21 drone
662 1 1232 399 42 18 drone
663 1 1224 400 44 19 drone
664 1 1213 401 44 19 drone
665 1 1202 402 42 18 drone
666 1 1194 399 44 19 drone
667 1 1183 397 44 19 drone
668 1 1170 396 44 19 drone
669 1 1161 397 44 19 drone
670 1 1151 398 42 18 drone
671 1 1139 394 42 18 drone
672 1 1127 394 40 17 drone
673 1 1115 394 40 17 drone
674 1 1107 396 38 16 drone
675 1 1098 399 38 16 drone
676 1 1084 400 40 17 drone
677 1 1075 403 38 16 drone
678 1 1064 415 38 16 drone
679 1 1054 450 34 18 drone
680 1 1045 474 34 18 drone
681 1 1031 481 36 19 drone
682 1 1020 484 36 19 drone
683 1 1006 486 34 18 drone
684 1 1000 487 32 17 drone
685 1 984 489 34 18 drone
686 1 972 490 34 18 drone
687 1 961 489 36 19 drone
688 1 953 488 36 19 drone
689 1 942 488 36 19 drone
690 1 930 487 34 18 drone
691 1 920 486 34 18 drone
692 1 909 482 36 19 drone
693 1 897 482 36 19 drone
694 1 882 480 36 19 drone
695 1 870 482 38 20 drone
696 1 859 482 36 19 drone
697 1 846 479 38 20 drone
698 1 833 476 38 20 drone
699 1 822 475 38 20 drone
700 1 815 474 38 20 drone
701 1 800 475 38 20 drone
702 1 794 473 36 19 drone
703 1 783 469 36 19 drone
704 1 776 469 36 19 drone
705 1 783 471 36 19 drone
706 1 839 469 33 16 drone
707 1 922 470 33 16 drone
708 1 945 470 33 16 drone
709 1 957 466 40 16 drone
710 1 993 466 38 17 drone
711 1 1041 465 38 17 drone
712 1 1087 469 38 13 drone
713 1 1123 465 37 16 drone
714 1 1163 462 37 16 drone
715 1 1212 460 35 15 drone
716 1 1252 461 35 15 drone
717 1 1295 460 35 15 drone
718 1 1338 461 35 15 drone
719 1 1371 457 37 16 drone
720 1 1388 457 43 16 drone
721 1 1411 458 35 13 drone
722 1 1434 458 39 15 drone
723 1 1466 456 39 15 drone
724 1 1494 454 39 15 drone
725 1 1494 454 39 15 drone
726 1 1495 451 39 15 drone
727 1 1486 451 38 15 drone
728 1 1474 450 37 14 drone
729 1 1452 448 40 14 drone
730 1 1456 448 37 13 drone
731 1 1432 443 43 18 drone
732 1 1423 446 39 16 drone
733 1 1411 444 39 16 drone
734 1 1403 442 35 15 drone
735 1 1381 437 39 18 drone
736 1 1367 437 37 17 drone
737 1 1354 436 38 17 drone
738 1 1348 436 37 17 drone
739 1 1336 437 33 15 drone
740 1 1323 432 33 15 drone
741 1 1312 431 33 15 drone
742 1 1304 432 34 15 drone
743 1 1293 433 32 14 drone
744 1 1282 431 31 14 drone
745 1 1268 427 33 15 drone
746 1 1257 427 31 14 drone
747 1 1243 425 35 15 drone
748 1 1232 426 33 14 drone
749 1 1220 425 33 15 drone
750 1 1203 422 38 17 drone
751 1 1188 420 36 16 drone
752 1 1178 419 33 15 drone
753 1 1166 420 33 15 drone
754 1 1154 419 35 16 drone
755 1 1142 416 35 16 drone
756 1 1130 414 33 15 drone
757 1 1119 414 32 15 drone
758 1 1107 413 33 15 drone
759 1 1092 409 37 17 drone
760 1 1082 408 39 18 drone
761 1 1070 405 38 18 drone
762 1 1054 405 44 17 drone
763 1 1042 404 45 17 drone
764 1 1033 402 41 16 drone
765 1 1021 400 41 16 drone
766 1 1010 399 40 15 drone
767 1 1000 399 35 14 drone
768 1 984 395 41 16 drone
769 1 973 394 43 17 drone
770 1 958 397 38 15 drone
771 1 947 395 37 14 drone
772 1 935 394 38 15 drone
773 1 923 394 38 15 drone
774 1 911 394 41 16 drone
775 1 899 390 43 17 drone
776 1 887 391 42 17 drone
777 1 874 388 44 17 drone
778 1 865 388 42 16 drone
779 1 849 385 42 16 drone
780 1 838 384 44 17 drone
781 1 827 384 46 18 drone
782 1 816 382 46 18 drone
783 1 809 379 46 18 drone
784 1 801 378 44 17 drone
785 1 805 377 46 18 drone
786 1 854 375 36 16 drone
787 1 917 376 36 16 drone
788 1 938 372 36 16 drone
789 1 960 370 37 15 drone
790 1 985 368 39 16 drone
791 1 1018 369 38 15 drone
792 1 1053 369 38 15 drone
793 1 1053 369 38 15 drone
794 1 1105 362 38 15 drone
795 1 1130 361 38 15 drone
796 1 1161 362 38 15 drone
797 1 1179 359 39 15 drone
798 1 1189 358 36 14 drone
799 1 1201 357 35 14 drone
800 1 1213 356 36 14 drone
801 1 1228 358 32 13 drone
802 1 1227 357 32 13 drone
803 1 1215 353 32 13 drone
804 1 1206 351 29 12 drone
805 1 1195 350 28 11 drone
806 1 1182 349 32 13 drone
807 1 1170 348 32 13 drone
808 1 1158 346 32 13 drone
809 1 1145 344 32 13 drone
810 1 1133 341 33 13 drone
811 1 1120 342 31 13 drone
812 1 1108 341 32 13 drone
813 1 1095 339 33 13 drone
814 1 1083 338 33 14 drone
815 1 1070 336 32 13 drone
816 1 1057 334 34 14 drone
817 1 1046 335 33 14 drone
818 1 1032 332 33 13 drone
819 1 1019 331 33 13 drone
820 1 1007 329 32 13 drone
821 1 994 328 33 13 drone
822 1 983 329 31 13 drone
823 1 968 326 34 14 drone
824 1 958 326 31 13 drone
825 1 941 323 31 13 drone
826 1 929 325 29 12 drone
827 1 929 329 20 18 drone
828 0
829 0
830 0
831 0
832 0
833 0
834 1 826 540 32 15 drone
835 1 829 568 30 14 drone
836 1 803 571 33 13 drone
837 1 808 574 25 10 drone
838 1 777 575 30 12 drone
839 1 766 577 30 12 drone
840 1 752 578 31 12 drone
841 1 740 578 31 12 drone
842 1 727 577 30 12 drone
843 1 714 576 31 12 drone
844 1 701 575 30 12 drone
845 1 689 574 29 12 drone
846 1 676 573 32 13 drone
847 1 662 572 32 13 drone
848 1 650 572 28 11 drone
849 1 638 571 29 12 drone
850 1 617 568 40 15 drone
851 1 616 566 37 14 drone
852 1 598 566 37 14 drone
853 1 586 564 40 15 drone
854 1 577 562 39 15 drone
855 1 572 561 39 15 drone
856 1 587 560 38 15 drone
857 1 643 555 38 15 drone
858 1 703 555 38 15 drone
859 1 723 553 39 16 drone
860 1 740 554 40 16 drone
861 1 771 550 40 16 drone
862 1 822 550 40 16 drone
863 1 871 546 40 16 drone
864 1 910 545 40 16 drone
865 1 946 544 40 16 drone
866 1 991 542 38 15 drone
867 1 1028 539 38 15 drone
868 1 1067 537 40 16 drone
869 1 1112 539 38 14 drone
870 1 1154 537 38 14 drone
871 1 1193 535 38 14 drone
872 1 1214 535 38 14 drone
873 1 1221 536 38 14 drone
874 1 1218 537 38 14 drone
875 1 1226 536 40 15 drone
876 1 1228 530 40 15 drone
877 1 1224 526 40 15 drone
878 1 1219 526 40 15 drone
879 1 1207 528 40 15 drone
880 1 1199 528 40 15 drone
881 1 1182 526 42 15 drone
882 1 1167 517 42 15 drone
883 1 1156 516 41 18 drone
884 1 1146 516 41 18 drone
885 1 1135 517 41 18 drone
886 1 1118 516 43 19 drone
887 1 1109 514 43 19 drone
888 1 1095 510 43 19 drone
889 1 1078 507 45 20 drone
890 1 1066 506 45 20 drone
891 1 1053 506 43 19 drone
892 1 1041 503 43 19 drone
893 1 1025 502 45 20 drone
894 1 1015 502 43 19 drone
895 1 1001 504 41 18 drone
896 1 988 501 41 18 drone
897 1 973 499 43 19 drone
898 1 960 496 43 19 drone
899 1 949 495 43 19 drone
900 1 939 495 41 18 drone
901 1 924 495 41 18 drone
902 1 910 493 41 18 drone
903 1 895 491 41 18 drone
904 1 884 489 41 18 drone
905 1 872 491 41 18 drone
906 1 858 488 41 18 drone
907 1 847 481 43 19 drone
908 1 836 481 43 19 drone
909 1 832 481 43 19 drone
910 1 841 481 43 19 drone
911 1 872 478 43 19 drone
912 1 905 472 45 20 drone
913 1 926 471 43 19 drone
914 1 941 473 43 19 drone
915 1 954 475 41 18 drone
916 1 971 472 43 19 drone
917 1 997 468 43 19 drone
918 1 1020 466 45 20 drone
919 1 1039 464 45 20 drone
920 1 1059 464 43 19 drone
921 1 1075 464 43 19 drone
922 1 1091 461 43 19 drone
923 1 1111 460 41 18 drone
924 1 1126 460 39 17 drone
925 1 1138 457 41 18 drone
926 1 1154 453 41 18 drone
927 0
928 0
929 0
930 0
931 0
932 0
933 0
934 0
935 0
936 0
937 0
938 0
939 0
940 0
941 0
942 0
943 0
944 0
945 0
946 0
947 0
948 0
949 0
950 0
951 0
952 0
953 0
954 1 1126 421 39 13 drone
955 1 1152 417 39 13 drone
956 1 1162 415 39 13 drone
957 1 1176 417 41 14 drone
958 1 1204 420 41 14 drone
959 1 1227 416 43 14 drone
960 1 1235 406 43 14 drone
961 1 1242 397 45 15 drone
962 1 1252 397 45 15 drone
963 1 1267 405 45 15 drone
964 1 1266 412 43 14 drone
965 1 1257 409 43 14 drone
966 1 1245 400 43 14 drone
967 1 1227 397 43 14 drone
968 1 1214 400 43 14 drone
969 1 1203 414 43 14 drone
970 1 1193 420 43 14 drone
971 1 1179 415 43 14 drone
972 1 1163 397 43 14 drone
973 1 1145 383 45 15 drone
974 1 1133 387 47 15 drone
975 1 1121 403 47 15 drone
976 1 1105 412 50 16 drone
977 1 1096 403 40 16 drone
978 1 1081 383 40 16 drone
979 1 1068 375 40 16 drone
980 1 1053 383 40 16 drone
981 1 1043 396 40 16 drone
982 1 1021 399 42 17 drone
983 1 1008 385 42 17 drone
984 1 991 368 44 18 drone
985 1 977 369 42 17 drone
986 1 972 390 42 17 drone
987 1 950 401 44 18 drone
988 1 939 387 44 18 drone
989 1 917 365 44 18 drone
990 1 910 357 44 18 drone
991 1 891 373 40 17 drone
992 1 879 395 40 17 drone
993 1 866 395 40 17 drone
994 1 848 379 38 16 drone
995 1 833 361 38 16 drone
996 1 819 359 40 17 drone
997 1 804 375 40 17 drone
998 1 789 386 42 18 drone
999 1 777 385 42 18 drone
1000 1 765 369 42 18 drone
1001 1 756 355 42 18 drone
1002 1 746 351 42 18 drone
1003 1 740 360 40 17 drone
1004 1 758 365 38 13 drone
1005 1 801 360 37 15 drone
1006 1 844 348 37 15 drone
1007 1 857 349 37 15 drone
1008 1 869 356 39 16 drone
1009 1 884 354 39 16 drone
1010 1 911 341 39 16 drone
1011 1 946 328 39 16 drone
1012 1 977 334 39 16 drone
1013 1 1017 344 39 16 drone
1014 1 1045 348 41 17 drone
1015 1 1075 340 39 16 drone
1016 1 1104 328 41 17 drone
1017 1 1133 325 41 17 drone
1018 1 1161 331 41 17 drone
1019 1 1185 334 41 17 drone
1020 1 1216 334 39 16 drone
1021 1 1237 332 37 15 drone
1022 1 1280 327 35 15 drone
1023 1 1299 330 37 16 drone
1024 1 1325 333 37 16 drone
1025 1 1353 330 37 16 drone
1026 1 1344 320 37 16 drone
1027 1 1334 317 35 15 drone
1028 1 1319 326 37 16 drone
1029 1 1307 333 37 16 drone
1030 1 1292 330 37 16 drone
1031 1 1277 314 35 15 drone
1032 1 1261 306 35 15 drone
1033 1 1248 313 33 14 drone
1034 1 1232 323 35 15 drone
1035 1 1220 323 33 14 drone
1036 1 1204 313 32 14 drone
1037 1 1190 305 32 14 drone
1038 1 1177 305 32 14 drone
1039 1 1156 312 32 14 drone
1040 1 1145 316 33 14 drone
1041 1 1131 312 33 14 drone
1042 1 1116 302 33 14 drone
1043 1 1101 304 33 14 drone
1044 1 1087 311 32 14 drone
1045 1 1069 318 32 14 drone
1046 1 1056 329 32 14 drone
1047 1 1039 366 32 14 drone
1048 1 1023 398 35 14 drone
1049 1 1009 433 35 14 drone
1050 1 991 461 37 15 drone
1051 1 975 475 39 14 drone
1052 1 961 480 39 14 drone
1053 1 946 488 39 14 drone
1054 1 929 500 39 14 drone
1055 1 916 513 39 14 drone
1056 1 902 519 41 15 drone
1057 1 887 521 41 15 drone
1058 1 871 518 41 15 drone
1059 1 855 514 41 15 drone
1060 1 839 510 41 15 drone
1061 1 825 512 39 14 drone
1062 1 810 513 39 14 drone
1063 1 793 512 39 14 drone
1064 1 778 507 41 15 drone
1065 1 765 506 43 15 drone
1066 1 747 506 43 15 drone
1067 1 732 509 43 15 drone
1068 1 717 511 41 15 drone
1069 1 703 507 41 15 drone
1070 1 690 501 41 15 drone
1071 1 679 500 39 14 drone
1072 1 668 500 41 15 drone
1073 1 680 501 39 14 drone
1074 1 722 497 39 14 drone
1075 1 772 492 41 15 drone
1076 1 806 494 43 16 drone
1077 1 853 501 43 16 drone
1078 1 900 502 43 16 drone
1079 1 946 490 45 17 drone
1080 1 967 476 43 16 drone
1081 1 1003 474 43 16 drone
1082 1 1052 487 41 15 drone
1083 1 1107 499 41 15 drone
1084 1 1152 492 41 15 drone
1085 1 1174 476 43 16 drone
1086 1 1180 466 43 16 drone
1087 1 1183 467 45 17 drone
1088 1 1201 481 43 16 drone
1089 1 1222 486 45 17 drone
1090 1 1237 483 45 17 drone
1091 1 1232 472 45 17 drone
1092 1 1224 469 43 16 drone
1093 1 1208 470 43 16 drone
1094 1 1193 471 43 16 drone
1095 1 1179 473 43 16 drone
1096 1 1163 470 43 16 drone
1097 1 1151 468 41 15 drone
1098 1 1134 467 41 15 drone
1099 1 1116 468 41 15 drone
1100 1 1104 462 43 16 drone
1101 1 1087 453 43 16 drone
1102 1 1069 444 43 16 drone
1103 1 1055 446 43 16 drone
1104 1 1039 455 43 16 drone
1105 1 1023 460 43 16 drone
1106 1 1010 455 41 15 drone
1107 1 992 439 41 15 drone
1108 1 976 438 41 15 drone
1109 1 960 446 43 16 drone
1110 1 948 455 41 15 drone
1111 1 934 452 43 16 drone
1112 1 916 437 41 15 drone
1113 1 902 431 39 14 drone
1114 1 894 438 39 14 drone
1115 1 887 450 39 14 drone
1116 1 902 448 39 14 drone
1117 1 930 435 39 14 drone
1118 1 949 424 39 14 drone
1119 1 966 429 37 13 drone
1120 1 982 440 37 13 drone
1121 1 998 444 37 13 drone
1122 1 1012 433 35 13 drone
1123 1 1024 422 34 12 drone
1124 1 1059 421 32 12 drone
1125 1 1077 430 32 12 drone
1126 1 1097 435 34 13 drone
1127 1 1113 431 34 13 drone
1128 1 1130 416 40 13 drone
1129 1 1150 414 40 13 drone
1130 1 1162 421 40 13 drone
1131 1 1154 427 40 13 drone
1132 1 1140 425 40 13 drone
1133 1 1125 412 42 14 drone
1134 1 1109 406 42 14 drone
1135 1 1096 416 40 13 drone
1136 1 1079 427 42 14 drone
1137 1 1067 429 42 14 drone
1138 1 1050 412 42 14 drone
1139 1 1037 400 42 14 drone
1140 1 1013 398 44 14 drone
1141 1 998 408 46 15 drone
1142 1 981 414 49 16 drone
1143 1 964 407 51 17 drone
1144 1 948 395 54 17 drone
1145 1 936 393 46 17 drone
1146 1 920 402 46 17 drone
1147 1 910 408 46 17 drone
1148 1 895 405 48 18 drone
1149 1 886 394 46 17 drone
1150 1 880 392 48 18 drone
1151 1 883 395 48 18 drone
1152 1 887 398 48 18 drone
1153 1 888 394 48 18 drone
1154 1 887 385 51 19 drone
1155 1 885 381 41 18 drone
1156 1 874 385 43 19 drone
1157 1 863 389 43 19 drone
1158 1 845 385 43 19 drone
1159 1 828 377 45 20 drone
1160 1 819 375 45 20 drone
1161 1 808 380 43 19 drone
1162 1 813 384 45 20 drone
1163 1 837 379 36 20 drone
1164 1 861 369 34 19 drone
1165 1 887 364 42 17 drone
1166 1 901 369 42 17 drone
1167 1 923 375 42 17 drone
1168 1 942 376 42 17 drone
1169 1 963 369 44 18 drone
1170 1 981 360 46 19 drone
1171 1 997 360 46 19 drone
1172 1 1018 367 44 18 drone
1173 1 1035 370 44 18 drone
1174 1 1050 364 46 19 drone
1175 1 1071 356 46 19 drone
1176 1 1084 350 46 19 drone
1177 1 1071 351 46 19 drone
1178 1 1062 357 44 18 drone
1179 1 1052 357 44 18 drone
1180 1 1028 349 42 17 drone
1181 1 1015 345 42 17 drone
1182 1 998 345 42 17 drone
1183 1 979 347 42 17 drone
1184 1 965 349 42 17 drone
1185 1 951 344 42 17 drone
1186 1 933 341 42 17 drone
1187 1 915 341 42 17 drone
1188 1 899 343 42 17 drone
1189 1 881 343 42 17 drone
1190 1 867 339 42 17 drone
1191 1 853 336 44 18 drone
1192 1 843 334 42 17 drone
1193 1 839 335 42 17 drone
1194 1 847 335 44 18 drone
1195 1 866 335 44 18 drone
1196 1 876 331 44 18 drone
1197 1 877 330 44 18 drone
1198 1 875 330 44 18 drone
1199 1 878 330 44 18 drone
1200 1 879 332 42 17 drone
1201 1 895 328 42 17 drone
1202 1 914 323 44 18 drone
1203 1 938 322 46 19 drone
1204 1 956 322 46 19 drone
1205 1 972 322 46 19 drone
1206 1 989 321 46 19 drone
1207 1 1003 317 49 20 drone
1208 1 1022 314 49 20 drone
1209 1 1043 315 46 19 drone
1210 1 1064 316 46 19 drone
1211 1 1079 315 46 19 drone
1212 1 1102 312 44 18 drone
1213 1 1118 312 42 17 drone
1214 1 1135 311 42 17 drone
1215 1 1153 310 42 17 drone
1216 1 1156 307 42 17 drone
1217 1 1146 305 44 18 drone
1218 1 1133 306 46 19 drone
1219 1 1114 308 46 19 drone
1220 1 1097 308 44 18 drone
1221 1 1080 303 46 19 drone
1222 1 1066 301 49 20 drone
1223 1 1046 300 49 20 drone
1224 1 1030 302 49 20 drone
1225 1 1015 299 46 19 drone
1226 1 997 297 44 18 drone
1227 1 982 292 46 19 drone
1228 1 961 290 46 19 drone
1229 1 946 291 46 19 drone
1230 1 925 291 46 19 drone
1231 1 910 292 46 19 drone
1232 1 895 290 44 18 drone
1233 1 876 283 46 19 drone
1234 1 859 283 46 19 drone
1235 1 840 283 46 19 drone
1236 1 824 288 46 19 drone
1237 1 809 288 46 19 drone
1238 1 788 307 44 18 drone
1239 1 768 346 42 17 drone
1240 1 756 382 42 17 drone
1241 1 736 414 42 17 drone
1242 1 722 441 42 17 drone
1243 1 703 461 42 17 drone
1244 1 686 481 40 16 drone
1245 1 669 499 38 15 drone
1246 1 655 511 40 16 drone
1247 1 641 517 40 16 drone
1248 1 627 514 40 16 drone
1249 1 632 508 40 16 drone
1250 1 657 503 40 16 drone
1251 1 684 505 42 17 drone
1252 1 700 511 40 16 drone
1253 1 707 509 40 16 drone
1254 1 715 501 42 17 drone
1255 1 726 494 42 17 drone
1256 1 736 494 42 17 drone
1257 1 749 495 44 18 drone
1258 1 764 495 44 18 drone
1259 1 773 492 46 19 drone
1260 1 783 483 49 20 drone
1261 1 798 482 46 19 drone
1262 1 813 486 46 19 drone
1263 1 826 490 44 18 drone
1264 1 837 487 42 17 drone
1265 1 851 479 42 17 drone
1266 1 871 472 40 16 drone
1267 1 891 474 42 17 drone
1268 1 916 480 42 17 drone
1269 1 940 481 40 16 drone
1270 1 961 474 40 16 drone
1271 1 981 466 40 16 drone
1272 1 1001 463 40 16 drone
1273 1 1017 466 40 16 drone
1274 1 1027 467 40 16 drone
1275 1 1042 466 40 16 drone
1276 1 1060 462 42 17 drone
1277 1 1051 459 42 17 drone
1278 1 1037 458 42 17 drone
1279 1 1020 455 42 17 drone
1280 1 1003 453 42 17 drone
1281 1 990 449 42 17 drone
1282 1 969 447 44 18 drone
1283 1 955 448 42 17 drone
1284 1 938 450 40 16 drone
1285 1 920 449 40 16 drone
1286 1 901 445 40 16 drone
1287 1 889 445 38 15 drone
1288 1 871 444 38 15 drone
1289 1 861 444 38 15 drone
1290 1 858 441 38 15 drone
1291 1 849 435 38 15 drone
1292 1 867 433 36 15 drone
1293 1 888 432 38 15 drone
1294 1 909 433 38 15 drone
1295 1 919 430 36 15 drone
1296 1 932 425 36 15 drone
1297 1 944 421 38 15 drone
1298 1 961 420 36 15 drone
1299 1 973 420 38 15 drone
1300 1 999 422 36 15 drone
1301 1 1016 416 36 15 drone
1302 1 1029 407 38 15 drone
1303 1 1037 404 38 15 drone
1304 1 1055 405 40 16 drone
1305 1 1079 415 38 15 drone
1306 1 1097 419 38 15 drone
1307 1 1100 412 38 15 drone
1308 1 1097 399 38 15 drone
1309 1 1095 398 40 16 drone
1310 1 1095 404 42 17 drone
1311 1 1098 409 42 17 drone
1312 1 1087 399 44 18 drone
1313 1 1071 386 44 18 drone
1314 1 1057 383 42 17 drone
1315 1 1036 392 44 18 drone
1316 1 1022 401 44 18 drone
1317 1 1006 394 44 18 drone
1318 1 992 379 44 18 drone
1319 1 969 374 46 19 drone
1320 1 948 380 44 18 drone
1321 1 931 388 44 18 drone
1322 1 916 389 44 18 drone
1323 1 897 382 44 18 drone
1324 1 875 376 46 19 drone
1325 1 859 378 46 19 drone
1326 1 842 377 46 19 drone
1327 1 823 374 46 19 drone
1328 1 802 364 44 18 drone
1329 1 784 365 44 18 drone
1330 1 770 364 44 18 drone
1331 1 752 368 44 18 drone
1332 1 730 369 44 18 drone
1333 1 707 366 44 18 drone
1334 1 696 366 42 17 drone
1335 1 678 366 42 17 drone
1336 1 658 374 44 18 drone
1337 1 643 402 46 19 drone
1338 1 631 439 43 17 drone
1339 1 620 472 43 17 drone
1340 1 617 494 43 17 drone
1341 1 623 510 43 17 drone
1342 1 636 533 43 17 drone
1343 1 644 565 45 18 drone
1344 1 644 606 45 18 drone
1345 1 633 611 43 17 drone
1346 1 615 604 43 17 drone
1347 1 597 590 41 16 drone
1348 1 578 590 41 16 drone
1349 1 562 597 41 16 drone
1350 1 547 612 41 16 drone
1351 1 533 604 39 16 drone
1352 1 525 587 37 15 drone
1353 1 521 575 35 14 drone
1354 1 524 584 34 13 drone
1355 1 535 600 35 14 drone
1356 1 567 601 34 13 drone
1357 1 583 587 34 13 drone
1358 1 596 567 34 13 drone
1359 1 606 568 32 13 drone
1360 1 611 573 44 17 drone
1361 1 620 584 44 17 drone
1362 1 633 576 46 18 drone
1363 1 644 565 46 18 drone
1364 1 656 555 46 18 drone
1365 1 668 562 46 18 drone
1366 1 679 570 46 18 drone
1367 1 695 567 44 17 drone
1368 1 711 553 44 17 drone
1369 1 720 546 44 17 drone
1370 1 727 551 44 17 drone
1371 1 730 561 44 17 drone
1372 1 738 562 44 17 drone
1373 1 745 548 44 17 drone
1374 1 751 532 44 17 drone
1375 1 753 529 44 17 drone
1376 1 756 541 44 17 drone
1377 1 764 551 44 17 drone
1378 1 769 546 46 18 drone
1379 1 771 529 46 18 drone
1380 1 762 520 46 18 drone
1381 1 754 527 44 17 drone
1382 1 739 539 42 16 drone
1383 1 725 539 42 16 drone
1384 1 703 527 42 16 drone
1385 1 685 526 42 16 drone
1386 1 691 517 40 15 drone
1387 1 690 524 40 15 drone
1388 1 680 525 42 16 drone
1389 1 679 518 44 17 drone
1390 1 674 506 46 18 drone
1391 1 681 503 46 18 drone
1392 1 690 510 46 18 drone
1393 1 695 514 46 18 drone
1394 1 692 508 46 18 drone
1395 1 693 501 46 18 drone
1396 1 690 494 49 19 drone
1397 1 691 495 46 18 drone
1398 1 698 500 44 17 drone
1399 1 706 496 44 17 drone
1400 1 699 489 46 18 drone
1401 1 703 484 46 18 drone
1402 1 713 484 49 19 drone
1403 1 715 491 49 19 drone
1404 1 726 488 49 19 drone
1405 1 730 479 49 19 drone
1406 1 736 468 49 19 drone
1407 1 735 467 49 19 drone
1408 1 740 473 51 20 drone
1409 1 749 481 51 20 drone
1410 1 763 478 49 19 drone
1411 1 768 462 51 20 drone
1412 1 766 451 53 21 drone
1413 1 771 455 51 20 drone
1414 1 773 465 51 20 drone
1415 1 781 470 51 20 drone
1416 1 788 460 49 19 drone
1417 1 791 448 49 19 drone
1418 1 800 452 46 18 drone
1419 1 811 464 49 19 drone
1420 1 832 459 46 18 drone
1421 1 820 444 46 18 drone
1422 1 835 444 48 19 drone
1423 1 835 453 48 19 drone
1424 1 839 456 48 19 drone
1425 1 842 439 48 19 drone
1426 1 849 422 46 18 drone
1427 1 852 413 48 19 drone
1428 1 855 422 50 20 drone
1429 1 874 431 53 21 drone
1430 1 892 427 50 20 drone
1431 1 892 408 50 20 drone
1432 1 883 402 50 20 drone
1433 1 887 422 53 21 drone
1434 1 900 437 56 22 drone
1435 1 907 419 56 22 drone
1436 1 898 387 58 23 drone
1437 1 896 384 58 23 drone
1438 1 896 384 58 23 drone
1439 1 896 384 58 23 drone
1440 1 922 415 58 25 drone
1441 1 925 389 53 25 drone
1442 1 925 371 53 25 drone
1443 1 929 368 54 25 drone
1444 1 939 389 51 21 drone
1445 1 942 398 54 22 drone
1446 1 950 391 54 22 drone
1447 1 958 358 56 23 drone
1448 1 959 352 56 23 drone
1449 1 958 354 59 24 drone
1450 1 958 365 59 24 drone
1451 1 959 373 56 23 drone
1452 1 958 369 52 17 drone
1453 1 950 372 52 17 drone
1454 1 944 360 52 17 drone
1455 1 938 367 52 17 drone
1456 1 938 365 52 17 drone
1457 1 939 371 52 17 drone
1458 1 944 362 52 17 drone
1459 1 943 358 52 17 drone
1460 1 943 354 52 17 drone
1461 1 943 355 52 17 drone
1462 1 944 366 55 18 drone
1463 1 941 369 55 18 drone
1464 1 945 366 55 18 drone
1465 1 939 349 57 19 drone
1466 1 935 344 57 19 drone
1467 1 945 348 45 14 drone
1468 1 950 361 45 14 drone
1469 0
1470 0
1471 0
1472 0
1473 0
1474 0
