0 1 125 297 10 10 drone
1 1 124 299 10 10 drone
2 1 125 299 10 10 drone
3 1 126 299 10 10 drone
4 1 126 299 10 10 drone
5 1 127 299 10 10 drone
6 1 128 299 10 10 drone
7 1 129 299 10 10 drone
8 1 129 299 10 10 drone
9 1 131 299 10 10 drone
10 1 131 299 10 10 drone
11 1 132 299 10 10 drone
12 1 133 299 10 10 drone
13 1 134 299 10 10 drone
14 1 135 299 10 10 drone
15 1 135 299 11 11 drone
16 1 136 300 10 10 drone
17 1 137 299 10 10 drone
18 1 138 300 10 10 drone
19 1 139 299 10 10 drone
20 1 139 300 10 10 drone
21 1 140 299 11 11 drone
22 1 141 300 10 10 drone
23 1 141 299 11 11 drone
24 1 142 299 11 11 drone
25 1 143 299 10 10 drone
26 1 144 300 11 11 drone
27 1 145 299 11 11 drone
28 1 146 299 11 11 drone
29 1 146 299 11 11 drone
30 1 147 299 11 11 drone
31 1 148 299 11 11 drone
32 1 149 299 11 11 drone
33 1 150 299 11 11 drone
34 1 150 299 11 11 drone
35 1 151 299 11 11 drone
36 1 152 299 12 12 drone
37 1 152 299 12 12 drone
38 1 154 299 12 12 drone
39 1 154 299 12 12 drone
40 1 155 299 12 12 drone
41 1 156 299 12 12 drone
42 1 157 299 12 12 drone
43 1 160 299 10 10 drone
44 1 161 299 10 10 drone
45 1 161 299 11 11 drone
46 1 162 298 11 11 drone
47 1 163 299 10 10 drone
48 1 164 298 10 10 drone
49 1 166 299 11 11 drone
50 1 166 299 11 11 drone
51 1 167 299 11 11 drone
52 1 168 299 11 11 drone
53 1 169 299 11 11 drone
54 1 170 299 11 11 drone
55 1 171 299 11 11 drone
56 1 171 299 11 11 drone
57 1 173 299 11 11 drone
58 1 173 299 11 11 drone
59 1 175 299 11 11 drone
60 1 175 299 11 11 drone
61 1 176 299 11 11 drone
62 1 177 299 11 11 drone
63 1 178 299 11 11 drone
64 1 179 299 11 11 drone
65 1 180 299 11 11 drone
66 1 181 300 11 11 drone
67 1 182 299 11 11 drone
68 1 183 300 11 11 drone
69 1 184 299 12 12 drone
70 1 185 299 12 12 drone
71 1 186 299 12 12 drone
72 1 188 300 10 11 drone
73 1 189 300 10 11 drone
74 1 190 300 10 11 drone
75 1 191 300 10 11 drone
76 1 192 300 10 11 drone
77 1 193 300 10 11 drone
78 1 194 300 10 11 drone
79 1 196 300 10 11 drone
80 1 196 300 10 11 drone
81 1 198 300 10 11 drone
82 1 200 300 10 11 drone
83 1 202 301 10 11 drone
84 1 205 300 10 11 drone
85 1 210 301 10 11 drone
86 1 214 300 10 11 drone
87 1 218 301 10 11 drone
88 1 222 301 10 11 drone
89 1 225 301 10 11 drone
90 1 229 301 10 11 drone
91 1 231 301 10 11 drone
92 1 233 301 10 11 drone
93 1 234 301 10 11 drone
94 1 235 301 10 11 drone
95 1 236 301 10 11 drone
96 1 236 301 10 12 drone
97 1 238 301 11 12 drone
98 1 239 302 10 11 drone
99 1 240 301 11 12 drone
100 1 242 302 10 11 drone
101 1 242 301 10 11 drone
102 1 244 302 10 11 drone
103 1 244 301 11 12 drone
104 1 246 301 11 12 drone
105 1 246 301 11 12 drone
106 1 248 302 11 12 drone
107 1 249 301 11 12 drone
108 1 250 302 10 11 drone
109 1 252 302 10 11 drone
110 1 253 302 10 11 drone
111 1 253 302 10 11 drone
112 1 255 302 10 11 drone
113 1 256 302 10 11 drone
114 1 257 302 11 12 drone
115 1 259 302 10 11 drone
116 1 259 302 10 11 drone
117 1 261 303 10 11 drone
118 1 262 302 10 11 drone
119 1 263 303 10 11 drone
120 1 264 303 10 11 drone
121 1 266 303 10 11 drone
122 1 267 303 10 11 drone
123 1 268 303 10 11 drone
124 1 269 302 10 11 drone
125 1 270 303 10 11 drone
126 1 271 303 10 11 drone
127 1 272 303 10 11 drone
128 1 274 303 10 11 drone
129 1 275 303 10 11 drone
130 1 275 303 10 11 drone
131 1 277 303 10 11 drone
132 1 277 303 10 11 drone
133 1 278 304 10 11 drone
134 1 278 304 10 11 drone
135 1 278 303 10 11 drone
136 1 279 304 10 11 drone
137 1 280 304 10 11 drone
138 1 281 304 10 11 drone
139 1 282 304 10 11 drone
140 1 283 304 10 11 drone
141 1 284 304 10 11 drone
142 1 285 304 10 12 drone
143 1 286 304 11 12 drone
144 1 288 304 11 12 drone
145 1 289 304 11 12 drone
146 1 290 304 11 12 drone
147 1 290 305 11 12 drone
148 1 290 304 11 12 drone
149 1 291 305 11 12 drone
150 1 291 305 11 12 drone
151 1 291 305 11 12 drone
152 1 291 305 11 12 drone
153 1 289 305 11 12 drone
154 1 287 305 11 12 drone
155 1 286 305 11 12 drone
156 1 285 305 11 12 drone
157 1 285 305 10 11 drone
158 1 284 306 10 11 drone
159 1 283 305 10 11 drone
160 1 282 306 10 11 drone
161 1 280 306 10 11 drone
162 1 279 306 10 11 drone
163 1 278 306 10 12 drone
164 1 277 306 10 11 drone
165 1 276 306 10 11 drone
166 1 274 306 10 11 drone
167 1 273 306 11 12 drone
168 1 272 306 10 11 drone
169 1 271 306 10 11 drone
170 1 270 307 10 11 drone
171 1 268 307 11 12 drone
172 1 267 307 10 11 drone
173 1 266 307 11 12 drone
174 1 264 307 10 11 drone
175 1 262 307 11 12 drone
176 1 262 307 10 11 drone
177 1 260 307 10 11 drone
178 1 259 308 10 11 drone
179 1 257 307 10 11 drone
180 1 256 308 10 11 drone
181 1 254 308 10 11 drone
182 1 253 308 10 11 drone
183 1 251 308 10 11 drone
184 1 249 308 10 11 drone
185 1 249 308 11 10 drone
186 1 247 308 11 10 drone
187 1 246 308 11 10 drone
188 1 244 308 11 10 drone
189 1 242 308 11 10 drone
190 1 240 308 11 10 drone
191 1 238 307 11 10 drone
192 1 236 307 11 10 drone
193 1 234 307 11 10 drone
194 1 232 307 11 10 drone
195 1 229 307 11 10 drone
196 1 227 307 11 10 drone
197 1 224 307 11 10 drone
198 1 221 307 11 10 drone
199 1 218 307 11 10 drone
200 1 214 307 11 10 drone
201 1 210 307 11 10 drone
202 1 207 307 12 11 drone
203 1 203 307 12 11 drone
204 1 199 307 12 11 drone
205 1 196 307 12 11 drone
206 1 192 307 12 11 drone
207 1 188 307 12 11 drone
208 1 184 307 12 11 drone
209 1 181 307 12 11 drone
210 1 177 307 12 11 drone
211 1 174 307 12 11 drone
212 1 170 306 12 11 drone
213 1 166 306 13 12 drone
214 1 162 306 13 12 drone
215 1 158 306 13 12 drone
216 1 155 305 14 13 drone
217 1 153 305 14 13 drone
218 1 151 305 15 13 drone
219 1 149 304 15 13 drone
220 1 147 304 15 14 drone
221 1 146 304 15 14 drone
222 1 148 303 15 14 drone
223 1 151 303 15 14 drone
224 1 153 302 16 14 drone
225 1 156 302 16 14 drone
226 1 158 301 16 14 drone
227 1 161 301 16 14 drone
228 1 163 300 16 15 drone
229 1 166 299 16 15 drone
230 1 169 299 16 15 drone
231 1 172 299 16 15 drone
232 1 174 298 16 15 drone
233 1 177 297 16 15 drone
234 1 179 296 17 15 drone
235 1 182 296 17 15 drone
236 1 184 296 17 16 drone
237 1 187 295 17 15 drone
238 1 190 295 17 16 drone
239 1 193 295 17 15 drone
240 1 195 294 17 16 drone
241 1 198 293 18 16 drone
242 1 201 293 18 16 drone
243 1 203 292 18 17 drone
244 1 206 292 18 16 drone
245 1 209 291 18 17 drone
246 1 212 291 18 16 drone
247 1 216 291 17 15 drone
248 1 218 291 17 15 drone
249 1 221 291 16 15 drone
250 1 224 290 16 15 drone
251 1 227 290 16 14 drone
252 1 230 290 15 14 drone
253 1 232 289 16 14 drone
254 1 234 288 16 15 drone
255 1 234 288 17 15 drone
256 1 235 287 17 15 drone
257 1 235 286 18 16 drone
258 1 236 286 18 16 drone
259 1 237 285 18 16 drone
260 1 238 285 17 16 drone
261 1 239 284 18 16 drone
262 1 241 284 17 16 drone
263 1 242 283 17 15 drone
264 1 244 283 17 16 drone
265 1 244 282 18 16 drone
266 1 248 281 16 15 drone
267 1 248 280 16 15 drone
268 1 247 280 17 15 drone
269 1 246 279 17 16 drone
270 1 246 278 17 16 drone
271 1 245 277 17 16 drone
272 1 245 277 18 17 drone
273 1 245 276 18 17 drone
274 1 244 276 19 17 drone
275 1 244 276 18 17 drone
276 1 244 275 18 17 drone
277 1 244 275 18 17 drone
278 1 243 274 19 18 drone
279 1 243 274 19 18 drone
280 1 243 273 18 17 drone
281 1 243 272 18 17 drone
282 1 243 272 18 17 drone
283 1 243 272 18 17 drone
284 1 242 271 18 17 drone
285 1 242 271 18 17 drone
286 1 241 270 18 17 drone
287 1 237 270 18 17 drone
288 1 231 269 18 17 drone
289 1 226 268 18 17 drone
290 1 221 268 18 17 drone
291 1 216 267 18 17 drone
292 1 211 267 18 17 drone
293 1 205 266 19 18 drone
294 1 199 265 19 18 drone
295 1 192 264 19 18 drone
296 1 184 262 20 19 drone
297 1 177 262 20 18 drone
298 1 169 261 20 18 drone
299 1 161 260 20 18 drone
300 1 152 259 20 18 drone
301 1 143 258 20 19 drone
302 1 133 257 20 19 drone
303 1 123 256 21 20 drone
304 1 112 255 21 19 drone
305 1 100 254 21 20 drone
306 1 88 253 21 20 drone
307 1 75 251 21 20 drone
308 1 62 250 21 19 drone
309 1 47 248 21 20 drone
310 1 33 246 23 21 drone
311 1 18 244 24 23 drone
312 1 8 242 25 24 drone
313 1 2 241 26 24 drone
314 1 -2 240 23 21 drone
315 0
316 0
317 0
318 0
319 0
320 1 9 241 12 14 drone
321 1 9 238 17 17 drone
322 1 14 237 17 17 drone
323 1 19 237 17 17 drone
324 1 24 237 16 16 drone
325 1 29 236 16 16 drone
326 1 34 236 16 16 drone
327 1 39 235 16 16 drone
328 1 44 235 16 16 drone
329 1 49 234 16 16 drone
330 1 55 234 16 16 drone
331 1 60 233 16 16 drone
332 1 65 233 16 16 drone
333 1 70 233 16 16 drone
334 1 75 232 15 15 drone
335 1 80 232 15 15 drone
336 1 85 231 15 15 drone
337 1 91 231 15 15 drone
338 1 96 230 15 15 drone
339 1 101 230 16 16 drone
340 1 106 229 16 16 drone
341 1 111 229 16 16 drone
342 1 113 228 19 15 drone
343 1 118 227 19 15 drone
344 1 123 227 19 15 drone
345 1 128 226 20 16 drone
346 1 133 225 20 16 drone
347 1 138 224 21 17 drone
348 1 143 224 21 17 drone
349 1 148 223 22 17 drone
350 1 154 223 22 17 drone
351 1 159 222 22 17 drone
352 1 164 221 22 17 drone
353 1 169 221 22 17 drone
354 1 175 221 22 17 drone
355 1 180 220 22 17 drone
356 1 186 220 21 17 drone
357 1 190 219 22 17 drone
358 1 193 219 22 17 drone
359 1 197 218 22 17 drone
360 1 198 217 23 18 drone
361 1 201 217 22 17 drone
362 1 200 216 22 18 drone
363 1 199 216 21 17 drone
364 1 197 215 22 17 drone
365 1 197 215 21 17 drone
366 1 197 214 22 18 drone
367 1 196 214 22 18 drone
368 1 196 213 22 18 drone
369 1 196 212 22 18 drone
370 1 196 212 22 18 drone
371 1 196 212 22 18 drone
372 1 196 211 22 17 drone
373 1 197 211 23 18 drone
374 1 197 210 23 18 drone
375 1 197 210 23 18 drone
376 1 198 209 22 17 drone
377 1 199 209 22 17 drone
378 1 200 209 22 17 drone
379 1 200 208 23 18 drone
380 1 201 208 23 18 drone
381 1 201 207 23 18 drone
382 1 202 206 23 18 drone
383 1 202 206 23 18 drone
384 1 203 206 24 19 drone
385 1 204 205 24 19 drone
386 1 204 205 23 19 drone
387 1 205 204 24 19 drone
388 1 206 204 24 19 drone
389 1 206 203 24 19 drone
390 1 207 203 24 19 drone
391 1 208 202 24 19 drone
392 1 209 202 24 19 drone
393 1 209 201 25 20 drone
394 1 210 201 26 20 drone
395 1 211 201 25 20 drone
396 1 211 200 25 20 drone
397 1 212 200 26 21 drone
398 1 212 199 26 21 drone
399 1 212 199 27 21 drone
400 1 212 198 27 22 drone
401 1 213 198 27 21 drone
402 1 214 198 26 21 drone
403 1 214 197 27 21 drone
404 1 215 197 27 21 drone
405 1 216 197 26 21 drone
406 1 217 197 26 20 drone
407 1 217 197 25 20 drone
408 1 218 196 26 20 drone
409 1 219 196 25 20 drone
410 1 219 196 25 20 drone
411 1 219 195 26 21 drone
412 1 219 195 27 21 drone
413 1 220 195 26 21 drone
414 1 220 195 27 21 drone
415 1 220 194 26 21 drone
416 1 221 194 27 21 drone
417 1 221 194 26 21 drone
418 1 222 194 26 20 drone
419 1 222 193 26 21 drone
420 1 222 194 25 20 drone
421 1 223 193 25 20 drone
422 1 223 193 25 20 drone
423 1 223 193 25 20 drone
424 1 223 193 26 20 drone
425 1 223 193 25 20 drone
426 1 223 193 25 20 drone
427 1 223 193 25 20 drone
428 1 223 193 25 20 drone
429 1 222 192 26 20 drone
430 1 222 193 25 20 drone
431 1 222 192 25 20 drone
432 1 221 192 25 19 drone
433 1 221 192 25 19 drone
434 1 221 193 24 19 drone
435 1 220 192 24 19 drone
436 1 219 192 24 19 drone
437 1 218 192 24 19 drone
438 1 217 192 24 19 drone
439 1 216 192 24 19 drone
440 1 215 192 24 19 drone
441 1 213 192 23 18 drone
442 1 212 192 24 19 drone
443 1 210 192 23 19 drone
444 1 209 192 23 19 drone
445 1 207 192 23 18 drone
446 1 206 192 23 18 drone
447 1 204 193 23 18 drone
448 1 203 192 22 18 drone
449 1 201 193 22 18 drone
450 1 200 193 22 17 drone
451 1 198 193 21 17 drone
452 1 197 193 21 17 drone
453 1 196 193 20 16 drone
454 1 195 193 20 16 drone
455 1 194 193 20 15 drone
456 1 193 193 21 17 drone
457 1 192 193 21 17 drone
458 1 191 193 21 17 drone
459 1 190 193 21 17 drone
460 1 190 193 21 17 drone
461 1 189 193 22 17 drone
462 1 189 193 22 17 drone
463 1 189 193 22 17 drone
464 1 189 193 21 17 drone
465 1 189 193 21 17 drone
466 1 190 194 21 17 drone
467 1 190 194 21 17 drone
468 1 190 194 21 17 drone
469 1 191 194 21 17 drone
470 1 191 194 21 17 drone
471 1 192 194 21 17 drone
472 1 193 195 21 16 drone
473 1 193 195 21 17 drone
474 1 194 195 21 17 drone
475 1 195 195 21 17 drone
476 1 196 195 21 17 drone
477 1 197 195 21 16 drone
478 1 198 196 20 16 drone
479 1 199 196 21 16 drone
480 1 200 196 21 17 drone
481 1 200 196 21 17 drone
482 1 201 196 21 17 drone
483 1 202 196 21 17 drone
484 1 203 196 21 17 drone
485 1 204 197 21 17 drone
486 1 204 197 21 17 drone
487 1 205 197 21 17 drone
488 1 206 197 21 17 drone
489 1 207 197 22 17 drone
490 1 208 197 21 17 drone
491 1 208 198 21 17 drone
492 1 209 198 22 17 drone
493 1 210 198 21 17 drone
494 1 210 198 21 17 drone
495 1 211 199 21 17 drone
496 1 212 199 21 17 drone
497 1 212 199 21 17 drone
498 1 213 199 21 17 drone
499 1 213 199 21 17 drone
500 1 214 200 21 17 drone
501 1 214 200 21 16 drone
502 1 215 200 21 17 drone
503 1 215 201 21 16 drone
504 1 216 201 21 17 drone
505 1 216 201 21 16 drone
506 1 216 201 21 16 drone
507 1 217 202 20 16 drone
508 1 217 202 20 16 drone
509 1 217 202 21 16 drone
510 1 218 202 20 16 drone
511 1 218 203 21 16 drone
512 1 218 203 21 16 drone
513 1 219 203 21 16 drone
514 1 219 204 21 16 drone
515 1 218 204 21 17 drone
516 1 219 204 20 15 drone
517 1 219 205 20 16 drone
518 1 219 205 20 16 drone
519 1 219 205 20 16 drone
520 1 218 206 20 16 drone
521 1 218 206 20 16 drone
522 1 218 206 20 16 drone
523 1 218 206 20 16 drone
524 1 217 207 20 16 drone
525 1 217 207 20 16 drone
526 1 217 208 20 16 drone
527 1 216 208 20 16 drone
528 1 216 208 20 16 drone
529 1 215 209 20 16 drone
530 1 214 209 20 15 drone
531 1 213 210 20 15 drone
532 1 213 210 20 16 drone
533 1 211 210 20 16 drone
534 1 210 211 20 16 drone
535 1 209 211 20 16 drone
536 1 208 211 20 16 drone
537 1 206 212 20 16 drone
538 1 205 212 20 16 drone
539 1 203 213 20 16 drone
540 1 201 213 20 16 drone
541 1 200 213 20 16 drone
542 1 198 214 20 15 drone
543 1 196 214 19 15 drone
544 1 194 215 20 16 drone
545 1 192 215 20 16 drone
546 1 189 215 20 16 drone
547 1 188 216 20 15 drone
548 1 185 216 19 15 drone
549 1 183 217 19 15 drone
550 1 181 218 19 15 drone
551 1 179 218 19 15 drone
552 1 178 218 19 15 drone
553 1 176 219 19 15 drone
554 1 174 219 19 15 drone
555 1 172 219 19 15 drone
556 1 171 220 19 15 drone
557 1 170 221 19 15 drone
558 1 168 221 19 15 drone
559 1 167 222 19 15 drone
560 1 166 222 19 15 drone
561 1 165 223 19 15 drone
562 1 164 223 19 15 drone
563 1 164 223 18 14 drone
564 1 163 224 18 14 drone
565 1 163 225 18 14 drone
566 1 163 225 18 14 drone
567 1 162 225 18 14 drone
568 1 162 226 18 14 drone
569 1 161 227 18 14 drone
570 1 161 227 18 14 drone
571 1 161 228 18 14 drone
572 1 164 228 18 14 drone
573 1 167 229 17 14 drone
574 1 170 230 17 14 drone
575 1 172 230 18 14 drone
576 1 175 230 17 14 drone
577 1 177 231 17 14 drone
578 1 179 232 18 14 drone
579 1 182 232 17 14 drone
580 1 184 233 17 14 drone
581 1 186 233 18 14 drone
582 1 189 234 17 14 drone
583 1 191 234 17 14 drone
584 1 194 235 17 14 drone
585 1 196 235 18 14 drone
586 1 198 236 18 14 drone
587 1 200 236 18 14 drone
588 1 203 237 18 14 drone
589 1 205 237 18 14 drone
590 1 208 238 18 14 drone
591 1 210 239 17 14 drone
592 1 212 239 17 14 drone
593 1 214 240 18 14 drone
594 1 217 240 17 14 drone
595 1 219 241 17 14 drone
596 1 221 242 17 14 drone
597 1 223 242 17 14 drone
598 1 225 243 18 14 drone
599 1 228 243 17 14 drone
600 1 230 244 17 14 drone
601 1 232 244 17 14 drone
602 1 234 245 17 13 drone
603 1 236 246 17 13 drone
604 1 238 246 17 14 drone
605 1 240 247 17 13 drone
606 1 242 248 17 13 drone
607 1 242 248 17 13 drone
608 1 241 249 17 13 drone
609 1 240 249 17 13 drone
610 1 240 250 17 13 drone
611 1 240 251 17 13 drone
612 1 240 251 17 13 drone
613 1 239 252 17 13 drone
614 1 238 252 17 13 drone
615 1 238 253 17 13 drone
616 1 238 254 16 13 drone
617 1 237 255 16 13 drone
618 1 236 255 16 13 drone
619 1 236 256 16 13 drone
620 1 235 256 16 13 drone
621 1 234 257 16 13 drone
622 1 234 258 16 13 drone
623 1 233 259 16 13 drone
624 1 232 259 16 13 drone
625 1 231 260 16 13 drone
626 1 230 261 16 13 drone
627 1 230 261 16 13 drone
628 1 229 262 16 12 drone
629 1 228 263 16 12 drone
630 1 227 263 16 12 drone
631 1 226 264 16 12 drone
632 1 225 265 15 12 drone
633 1 224 265 15 12 drone
634 1 223 266 15 12 drone
635 1 222 267 15 12 drone
636 1 220 268 15 12 drone
637 1 219 268 15 12 drone
638 1 218 269 15 12 drone
639 1 217 270 15 12 drone
640 1 215 270 15 12 drone
641 1 214 271 15 12 drone
642 1 212 272 15 12 drone
643 1 211 272 15 12 drone
644 1 209 273 15 12 drone
645 1 208 274 15 12 drone
646 1 206 274 15 12 drone
647 1 204 275 15 12 drone
648 1 202 275 15 12 drone
649 1 200 276 15 12 drone
650 1 199 277 15 11 drone
651 1 196 278 15 12 drone
652 1 194 278 14 11 drone
653 1 192 279 14 11 drone
654 1 189 280 15 11 drone
655 1 187 280 14 11 drone
656 1 184 281 14 11 drone
657 1 182 282 14 11 drone
658 1 179 283 14 11 drone
659 1 176 283 14 11 drone
660 1 173 284 14 11 drone
661 1 170 284 14 11 drone
662 1 167 285 14 11 drone
663 1 164 286 14 11 drone
664 1 161 287 14 11 drone
665 1 157 287 14 11 drone
666 1 154 288 14 11 drone
667 1 151 288 14 11 drone
668 1 148 289 14 11 drone
669 1 144 290 14 11 drone
670 1 141 290 14 11 drone
671 1 138 290 14 11 drone
672 1 135 291 14 11 drone
673 1 132 292 14 11 drone
674 1 129 292 14 11 drone
675 1 126 293 14 11 drone
676 1 124 293 14 11 drone
677 1 122 294 14 11 drone
678 1 120 295 14 11 drone
679 1 117 295 14 11 drone
680 1 116 296 14 11 drone
681 1 114 296 14 11 drone
682 1 112 297 14 11 drone
683 1 110 297 14 11 drone
684 1 109 298 13 11 drone
685 1 107 298 13 11 drone
686 1 106 299 14 11 drone
687 1 105 299 14 11 drone
688 1 104 300 13 11 drone
689 1 103 301 13 11 drone
690 1 101 301 14 11 drone
691 1 100 301 14 11 drone
692 1 102 302 13 11 drone
693 1 104 303 13 10 drone
694 1 106 303 13 10 drone
695 1 107 304 13 10 drone
696 1 109 304 13 10 drone
697 1 113 305 13 10 drone
698 1 117 305 13 10 drone
699 1 120 306 13 10 drone
700 1 124 306 13 10 drone
701 1 128 307 13 10 drone
702 1 132 307 13 10 drone
703 1 136 308 13 10 drone
704 1 139 309 13 10 drone
705 1 143 309 13 10 drone
706 1 146 310 13 10 drone
707 1 149 310 13 10 drone
708 1 151 311 13 10 drone
709 1 153 311 13 10 drone
710 1 155 312 13 10 drone
711 1 156 312 13 10 drone
712 1 158 313 13 10 drone
713 1 159 313 13 10 drone
714 1 161 314 13 10 drone
715 1 163 314 13 10 drone
716 1 164 315 13 10 drone
717 1 166 315 21 11 drone
718 1 168 313 20 14 drone
719 1 170 313 20 14 drone
720 1 171 314 20 14 drone
721 1 172 314 20 14 drone
722 1 174 314 20 14 drone
723 1 175 314 21 14 drone
724 1 177 315 21 15 drone
725 1 178 315 21 15 drone
726 1 179 315 21 15 drone
727 1 181 315 21 15 drone
728 1 182 315 20 14 drone
729 1 184 316 21 15 drone
730 1 185 315 21 15 drone
731 1 186 316 22 15 drone
732 1 188 315 22 15 drone
733 1 189 316 22 15 drone
734 1 190 315 22 16 drone
735 1 191 315 22 16 drone
736 1 193 315 23 16 drone
737 1 194 315 23 16 drone
738 1 195 315 22 15 drone
739 1 196 315 22 16 drone
740 1 198 315 22 15 drone
741 1 199 315 22 15 drone
742 1 200 315 22 15 drone
743 1 202 315 21 15 drone
744 1 203 315 21 15 drone
745 1 205 315 21 15 drone
746 1 205 315 21 15 drone
747 1 204 314 21 15 drone
748 1 202 314 20 14 drone
749 1 201 314 21 14 drone
750 1 199 314 21 14 drone
751 1 198 314 21 14 drone
752 1 196 314 21 14 drone
753 1 195 313 20 14 drone
754 1 193 313 20 14 drone
755 1 192 313 20 14 drone
756 1 190 313 20 14 drone
757 1 189 313 20 14 drone
758 1 187 313 19 14 drone
759 1 185 312 19 14 drone
760 1 183 312 19 13 drone
761 1 182 312 19 13 drone
762 1 180 311 19 13 drone
763 1 178 311 19 14 drone
764 1 176 311 19 13 drone
765 1 174 310 19 13 drone
766 1 172 310 19 13 drone
767 1 170 309 19 13 drone
768 1 167 309 19 13 drone
769 1 165 309 19 13 drone
770 1 163 308 19 13 drone
771 1 160 308 19 13 drone
772 1 158 308 19 13 drone
773 1 155 307 19 13 drone
774 1 153 307 19 13 drone
775 1 150 306 19 13 drone
776 1 147 306 19 13 drone
777 1 144 305 19 14 drone
778 1 141 305 19 13 drone
779 1 138 305 18 13 drone
780 1 135 304 18 13 drone
781 1 133 304 18 12 drone
782 1 132 303 18 13 drone
783 1 132 303 18 12 drone
784 1 132 303 18 12 drone
785 1 132 302 18 12 drone
786 1 132 302 17 12 drone
787 1 131 301 17 12 drone
788 1 131 301 18 12 drone
789 1 130 300 18 12 drone
790 1 129 299 18 12 drone
791 1 128 299 18 13 drone
792 1 128 298 18 12 drone
793 1 127 298 18 13 drone
794 1 126 297 18 13 drone
795 1 125 297 18 12 drone
796 1 125 296 18 13 drone
797 1 126 295 18 12 drone
798 1 128 295 18 12 drone
799 1 130 294 18 12 drone
800 1 132 293 18 12 drone
801 1 134 293 18 12 drone
802 1 136 292 18 12 drone
803 1 138 292 18 12 drone
804 1 140 291 18 12 drone
805 1 142 291 18 12 drone
806 1 144 290 17 12 drone
807 1 146 289 17 12 drone
808 1 148 289 17 12 drone
809 1 150 288 18 13 drone
810 1 152 287 18 12 drone
811 1 154 287 18 12 drone
812 1 158 284 22 15 drone
813 1 161 283 22 15 drone
814 1 163 283 22 16 drone
815 1 164 282 22 15 drone
816 1 166 281 22 16 drone
817 1 168 281 22 16 drone
818 1 170 280 23 16 drone
819 1 172 279 23 16 drone
820 1 173 279 19 13 drone
821 1 175 278 19 13 drone
822 1 177 277 19 13 drone
823 1 179 277 19 13 drone
824 1 180 276 19 13 drone
825 1 182 275 19 14 drone
826 1 184 274 20 14 drone
827 1 186 273 20 14 drone
828 1 187 273 20 14 drone
829 1 189 272 19 14 drone
830 1 191 271 20 14 drone
831 1 193 271 20 14 drone
832 1 194 270 20 14 drone
833 1 196 269 20 14 drone
834 1 197 269 20 14 drone
835 1 199 268 20 14 drone
836 1 201 268 19 14 drone
837 1 203 267 19 13 drone
838 1 204 267 19 14 drone
839 1 206 266 19 14 drone
840 1 207 265 19 14 drone
841 1 209 264 19 13 drone
842 1 210 263 19 13 drone
843 1 211 263 19 13 drone
844 1 213 262 19 13 drone
845 1 214 261 19 14 drone
846 1 216 261 19 13 drone
847 1 217 260 19 14 drone
848 1 218 259 19 14 drone
849 1 220 258 19 14 drone
850 1 221 257 20 14 drone
851 1 222 257 20 14 drone
852 1 224 256 20 14 drone
853 1 224 255 20 14 drone
854 1 226 254 20 14 drone
855 1 226 253 20 14 drone
856 1 228 253 20 14 drone
857 1 229 252 21 14 drone
858 1 230 251 21 14 drone
859 1 231 251 21 14 drone
860 1 232 250 20 14 drone
861 1 233 249 20 14 drone
862 1 234 249 20 14 drone
863 1 235 248 20 14 drone
864 1 236 247 20 14 drone
865 1 237 246 21 14 drone
866 1 238 245 21 14 drone
867 1 239 245 20 14 drone
868 1 240 244 20 14 drone
869 1 242 242 20 14 drone
870 1 242 241 21 15 drone
871 1 243 241 20 14 drone
872 1 243 240 21 15 drone
873 1 243 239 21 15 drone
874 1 243 238 21 15 drone
875 1 241 237 21 15 drone
876 1 238 237 21 15 drone
877 1 234 236 21 15 drone
878 1 231 235 21 15 drone
879 1 227 234 21 15 drone
880 1 224 233 22 15 drone
881 1 221 233 21 15 drone
882 1 218 232 22 15 drone
883 1 215 231 21 15 drone
884 1 211 230 21 15 drone
885 1 208 229 21 15 drone
886 1 205 229 22 15 drone
887 1 204 228 21 15 drone
888 1 204 227 21 15 drone
889 1 203 226 22 15 drone
890 1 203 225 21 15 drone
891 1 203 224 22 15 drone
892 1 203 223 22 15 drone
893 1 203 223 22 15 drone
894 1 202 222 22 16 drone
895 1 203 221 22 16 drone
896 1 202 220 22 16 drone
897 1 203 219 22 15 drone
898 1 203 219 22 16 drone
899 1 203 218 22 15 drone
900 1 203 217 22 15 drone
901 1 204 216 22 15 drone
902 1 204 215 22 15 drone
903 1 204 214 22 15 drone
904 1 204 214 22 15 drone
905 1 204 213 22 15 drone
906 1 204 212 22 15 drone
907 1 204 211 22 15 drone
908 1 204 210 22 15 drone
909 1 204 210 22 15 drone
910 1 205 209 22 15 drone
911 1 205 208 22 15 drone
912 1 206 207 22 15 drone
913 1 206 207 22 16 drone
914 1 206 206 22 16 drone
915 1 207 205 23 16 drone
916 1 207 204 23 16 drone
917 1 208 203 23 16 drone
918 1 210 203 23 16 drone
919 1 211 202 22 16 drone
920 1 213 201 22 16 drone
921 1 216 200 22 16 drone
922 1 218 200 22 16 drone
923 1 221 199 23 16 drone
924 1 224 198 22 16 drone
925 1 227 198 23 16 drone
926 1 230 197 23 16 drone
927 1 234 196 22 15 drone
928 1 237 195 23 16 drone
929 1 241 195 23 16 drone
930 1 244 194 22 16 drone
931 1 247 194 23 16 drone
932 1 251 193 23 16 drone
933 1 254 192 23 16 drone
934 1 258 191 23 16 drone
935 1 261 191 23 16 drone
936 1 264 190 23 16 drone
937 1 268 189 23 16 drone
938 1 271 189 23 16 drone
939 1 275 188 23 16 drone
940 1 278 187 23 16 drone
941 1 282 187 23 16 drone
942 1 285 186 24 17 drone
943 1 288 185 24 17 drone
944 1 291 185 24 17 drone
945 1 295 184 24 17 drone
946 1 298 184 24 17 drone
947 1 301 183 24 17 drone
948 1 304 182 24 17 drone
949 1 308 182 24 17 drone
950 1 311 181 24 17 drone
951 1 314 181 24 17 drone
952 1 317 181 24 17 drone
953 1 320 180 25 17 drone
954 1 323 179 25 17 drone
955 1 326 179 25 17 drone
956 1 328 178 25 17 drone
957 1 329 178 25 17 drone
958 1 329 177 25 17 drone
959 1 330 177 25 17 drone
960 1 330 177 25 18 drone
961 1 331 176 25 17 drone
962 1 331 176 25 18 drone
963 1 331 175 25 18 drone
964 1 332 175 25 17 drone
965 1 332 175 25 17 drone
966 1 332 174 25 18 drone
967 1 332 174 25 17 drone
968 1 332 174 25 17 drone
969 1 332 173 25 18 drone
970 1 332 173 25 17 drone
971 1 332 173 25 18 drone
972 1 331 172 25 18 drone
973 1 331 172 25 18 drone
974 1 331 172 25 18 drone
975 1 331 172 26 18 drone
976 1 331 171 26 18 drone
977 1 331 171 26 18 drone
978 1 331 171 26 18 drone
979 1 331 171 26 18 drone
980 1 331 170 26 18 drone
981 1 331 170 26 18 drone
982 1 331 170 26 18 drone
983 1 331 170 26 18 drone
984 1 330 170 26 18 drone
985 1 330 169 26 18 drone
986 1 330 169 26 18 drone
987 1 330 169 26 18 drone
988 1 330 169 26 19 drone
989 1 330 170 26 18 drone
990 1 330 174 26 18 drone
991 1 330 182 26 18 drone
992 1 330 192 26 18 drone
993 1 330 197 26 18 drone
994 1 330 200 26 18 drone
995 1 330 204 26 18 drone
996 1 330 207 26 18 drone
997 1 330 209 26 18 drone
998 1 330 212 26 18 drone
999 1 330 214 26 18 drone
1000 1 330 216 25 18 drone
1001 1 330 217 26 18 drone
1002 1 330 219 25 18 drone
1003 1 330 220 25 18 drone
1004 1 329 222 26 18 drone
1005 1 329 223 25 18 drone
1006 1 329 225 25 18 drone
1007 1 329 226 26 18 drone
1008 1 329 227 26 18 drone
1009 1 329 229 26 18 drone
1010 1 329 230 26 18 drone
1011 1 329 231 26 18 drone
1012 1 329 233 25 18 drone
1013 1 329 235 25 18 drone
1014 1 329 236 25 17 drone
1015 1 329 238 25 17 drone
1016 1 329 239 25 17 drone
1017 1 329 239 25 17 drone
1018 1 328 239 25 17 drone
1019 1 329 239 25 17 drone
1020 1 328 240 25 17 drone
1021 1 328 240 25 17 drone
1022 1 328 239 25 17 drone
1023 1 328 239 25 18 drone
1024 1 328 239 25 17 drone
1025 1 328 239 25 17 drone
1026 1 327 239 25 17 drone
1027 1 327 239 25 17 drone
1028 1 327 238 25 18 drone
1029 1 326 238 25 18 drone
1030 1 326 238 25 17 drone
1031 1 326 238 25 17 drone
1032 1 326 237 25 17 drone
1033 1 326 237 25 17 drone
1034 1 326 236 25 17 drone
1035 1 326 237 25 17 drone
1036 1 325 236 25 18 drone
1037 1 325 235 25 18 drone
1038 1 325 235 25 18 drone
1039 1 325 235 25 17 drone
1040 1 325 235 25 17 drone
1041 1 324 235 25 17 drone
1042 1 324 234 25 18 drone
1043 1 324 234 25 18 drone
1044 1 324 234 25 18 drone
1045 1 324 233 25 18 drone
1046 1 323 233 25 18 drone
1047 1 323 233 25 18 drone
1048 1 323 232 25 18 drone
1049 1 323 232 25 17 drone
1050 1 322 232 25 17 drone
1051 1 322 232 25 17 drone
1052 1 322 231 25 17 drone
1053 1 322 231 25 17 drone
1054 1 321 231 25 18 drone
1055 1 321 230 25 18 drone
1056 1 321 230 25 18 drone
1057 1 320 230 25 18 drone
1058 1 320 230 25 18 drone
1059 1 320 229 25 18 drone
1060 1 320 229 25 17 drone
1061 1 319 229 25 18 drone
1062 1 319 229 25 18 drone
1063 1 319 229 25 18 drone
1064 1 318 228 25 18 drone
1065 1 318 228 25 18 drone
1066 1 316 228 25 18 drone
1067 1 308 228 25 17 drone
1068 1 296 227 25 17 drone
1069 1 282 227 25 17 drone
1070 1 268 228 24 17 drone
1071 1 256 228 24 17 drone
1072 1 243 228 24 17 drone
1073 1 229 227 24 17 drone
1074 1 216 227 24 17 drone
1075 1 201 227 24 17 drone
1076 1 187 227 24 17 drone
1077 1 172 227 24 17 drone
1078 1 158 226 24 17 drone
1079 1 144 226 24 17 drone
1080 1 130 225 24 17 drone
1081 1 117 224 24 17 drone
1082 1 104 224 25 17 drone
1083 1 92 223 24 17 drone
1084 1 81 223 24 17 drone
1085 1 69 222 25 17 drone
1086 1 59 222 25 17 drone
1087 1 54 221 25 18 drone
1088 1 51 221 25 18 drone
1089 1 46 220 25 18 drone
1090 1 41 219 26 18 drone
1091 1 37 219 26 18 drone
1092 1 37 219 26 18 drone
1093 1 36 218 26 18 drone
1094 1 35 217 26 18 drone
1095 1 34 216 26 19 drone
1096 1 34 216 26 18 drone
1097 1 33 215 27 19 drone
1098 1 33 214 26 18 drone
1099 1 32 213 27 19 drone
1100 1 32 213 27 19 drone
1101 1 32 212 27 19 drone
1102 1 31 211 27 19 drone
1103 1 31 210 27 19 drone
1104 1 31 209 28 19 drone
1105 1 30 209 27 19 drone
1106 1 30 208 28 19 drone
1107 1 30 207 28 19 drone
1108 1 29 206 28 20 drone
1109 1 27 204 28 20 drone
1110 1 25 202 29 20 drone
1111 1 22 201 29 21 drone
1112 1 18 199 30 21 drone
1113 1 14 196 30 21 drone
1114 1 9 194 30 21 drone
1115 1 3 191 30 21 drone
1116 1 7 185 15 23 drone
1117 0
1118 0
1119 0
1120 0
1121 0
1122 0
1123 0
1124 0
1125 0
1126 0
1127 0
1128 0
1129 0
1130 0
1131 0
1132 0
1133 0
1134 0
1135 0
1136 0
1137 0
1138 0
1139 0
1140 0
1141 0
1142 0
1143 0
1144 0
1145 0
1146 0
1147 0
1148 0
1149 0
1150 0
1151 0
1152 0
1153 0
1154 0
1155 0
1156 0
1157 0
1158 0
1159 0
1160 0
1161 0
1162 0
1163 0
1164 0
1165 0
1166 0
1167 0
1168 0
1169 0
1170 0
1171 0
1172 0
1173 0
1174 0
1175 0
1176 0
1177 0
1178 0
1179 0
1180 0
1181 0
1182 0
1183 0
1184 0
1185 0
1186 0
1187 0
1188 0
1189 0
1190 0
1191 0
1192 0
1193 0
1194 0
1195 0
1196 0
1197 0
1198 0
1199 0
1200 0
1201 0
1202 0
1203 0
1204 0
1205 0
1206 0
1207 0
1208 0
1209 0
1210 0
1211 0
1212 0
1213 0
1214 0
1215 0
1216 0
1217 0
1218 0
1219 0
1220 0
1221 0
1222 0
1223 0
1224 0
1225 0
1226 0
1227 0
1228 0
1229 0
1230 0
1231 0
1232 0
1233 0
1234 0
1235 0
1236 0
1237 0
1238 0
1239 0
1240 1 174 0 36 13 drone
1241 1 182 2 37 16 drone
1242 1 193 -1 47 26 drone
1243 1 204 1 46 30 drone
1244 1 214 3 46 33 drone
1245 1 224 8 46 33 drone
1246 1 235 13 45 32 drone
1247 1 245 18 45 32 drone
1248 1 256 24 43 31 drone
1249 1 264 28 44 32 drone
1250 1 273 32 44 32 drone
1251 1 282 37 43 31 drone
1252 1 293 43 41 29 drone
1253 1 301 47 40 29 drone
1254 1 310 51 40 28 drone
1255 1 318 54 39 28 drone
1256 1 326 54 39 28 drone
1257 1 333 54 40 28 drone
1258 1 342 54 38 28 drone
1259 1 349 54 40 29 drone
1260 1 356 54 40 29 drone
1261 1 366 54 39 28 drone
1262 1 373 54 40 29 drone
1263 1 382 54 40 28 drone
1264 1 389 54 40 29 drone
1265 1 398 54 40 29 drone
1266 1 406 54 41 29 drone
1267 1 414 54 40 29 drone
1268 1 423 54 40 29 drone
1269 1 431 53 41 30 drone
1270 1 439 53 41 29 drone
1271 1 449 55 37 27 drone
1272 1 452 53 41 29 drone
1273 1 453 52 42 30 drone
1274 1 456 55 38 27 drone
1275 1 458 55 38 27 drone
1276 1 460 56 38 27 drone
1277 1 462 56 38 27 drone
1278 1 463 56 38 27 drone
1279 1 465 56 37 27 drone
1280 1 467 57 37 27 drone
1281 1 468 57 37 27 drone
1282 1 470 58 37 27 drone
1283 1 471 58 37 27 drone
1284 1 472 58 37 27 drone
1285 1 474 59 37 26 drone
1286 1 475 59 37 26 drone
1287 1 476 60 37 27 drone
1288 1 477 60 37 27 drone
1289 1 478 60 37 26 drone
1290 1 479 61 37 26 drone
1291 1 480 61 37 26 drone
1292 1 481 62 37 26 drone
1293 1 482 62 37 26 drone
1294 1 483 63 36 26 drone
1295 1 483 63 36 26 drone
1296 1 484 64 36 26 drone
1297 1 485 64 36 26 drone
1298 1 486 64 36 26 drone
1299 1 487 65 36 26 drone
1300 1 487 65 36 26 drone
1301 1 488 66 36 26 drone
1302 1 489 66 36 26 drone
1303 1 489 67 36 26 drone
1304 1 490 67 36 26 drone
1305 1 490 68 36 26 drone
1306 1 491 68 36 26 drone
1307 1 491 69 36 25 drone
1308 1 492 69 36 26 drone
1309 1 492 70 36 26 drone
1310 1 493 70 36 26 drone
1311 1 493 71 36 26 drone
1312 1 494 71 36 26 drone
1313 1 494 71 36 26 drone
1314 1 494 72 36 25 drone
1315 1 495 72 36 26 drone
1316 1 495 73 35 25 drone
1317 1 495 74 35 25 drone
1318 1 495 74 35 25 drone
1319 1 496 75 35 25 drone
1320 1 496 75 35 25 drone
1321 1 496 76 35 25 drone
1322 1 496 76 35 25 drone
1323 1 496 77 35 25 drone
1324 1 496 78 35 25 drone
1325 1 495 80 35 25 drone
1326 1 494 82 34 25 drone
1327 1 493 85 34 24 drone
1328 1 490 88 34 24 drone
1329 1 489 91 34 24 drone
1330 1 486 95 33 24 drone
1331 1 484 99 33 24 drone
1332 1 482 103 32 23 drone
1333 1 479 106 32 23 drone
1334 1 477 110 31 22 drone
1335 1 475 113 31 22 drone
1336 1 473 116 30 22 drone
1337 1 470 120 30 21 drone
1338 1 468 123 30 21 drone
1339 1 466 126 29 21 drone
1340 1 464 129 29 20 drone
1341 1 462 131 28 20 drone
1342 1 460 134 28 20 drone
1343 1 458 137 28 20 drone
1344 1 456 139 27 20 drone
1345 1 454 142 27 19 drone
1346 1 453 143 27 19 drone
1347 1 452 144 27 19 drone
1348 1 452 144 27 20 drone
1349 1 452 145 27 20 drone
1350 1 451 145 27 19 drone
1351 1 451 145 27 19 drone
1352 1 450 145 27 20 drone
1353 1 450 146 27 19 drone
1354 1 450 146 27 19 drone
1355 1 449 146 27 19 drone
1356 1 449 146 27 19 drone
1357 1 448 146 27 19 drone
1358 1 448 146 27 19 drone
1359 1 447 147 27 20 drone
1360 1 447 147 27 19 drone
1361 1 446 147 27 19 drone
1362 1 446 147 27 19 drone
1363 1 445 147 27 19 drone
1364 1 445 147 27 20 drone
1365 1 444 147 27 19 drone
1366 1 443 147 27 20 drone
1367 1 443 147 27 20 drone
1368 1 442 147 27 20 drone
1369 1 441 146 27 20 drone
1370 1 441 147 27 19 drone
1371 1 440 146 27 20 drone
1372 1 439 146 28 20 drone
1373 1 439 146 28 20 drone
1374 1 438 146 27 20 drone
1375 1 437 146 28 20 drone
1376 1 437 145 27 20 drone
1377 1 436 145 28 20 drone
1378 1 435 145 28 20 drone
1379 1 434 145 28 20 drone
1380 1 433 144 28 20 drone
1381 1 433 144 28 20 drone
1382 1 432 144 28 20 drone
1383 1 431 144 28 20 drone
1384 1 430 143 28 20 drone
1385 1 429 143 28 20 drone
1386 1 428 142 28 20 drone
1387 1 427 142 28 20 drone
1388 1 426 141 28 20 drone
1389 1 425 141 28 20 drone
1390 1 424 141 28 20 drone
1391 1 423 140 29 21 drone
1392 1 422 139 29 21 drone
1393 1 421 139 29 21 drone
1394 1 419 138 29 21 drone
1395 1 418 138 29 21 drone
1396 1 417 137 29 21 drone
1397 1 416 136 30 21 drone
1398 1 415 136 30 21 drone
1399 1 414 135 30 21 drone
1400 1 412 135 30 22 drone
1401 1 411 134 30 22 drone
1402 1 410 133 30 22 drone
1403 1 408 132 31 22 drone
1404 1 407 132 31 22 drone
1405 1 406 131 31 22 drone
1406 1 404 130 31 22 drone
1407 1 403 129 31 23 drone
1408 1 402 128 31 22 drone
1409 1 400 127 31 22 drone
1410 1 399 126 31 22 drone
1411 1 397 125 31 23 drone
1412 1 396 124 32 23 drone
1413 1 394 124 31 22 drone
1414 1 393 123 31 22 drone
1415 1 391 122 31 22 drone
1416 1 390 121 31 22 drone
1417 1 388 120 31 22 drone
1418 1 386 119 31 22 drone
1419 1 385 118 31 22 drone
1420 1 383 116 31 22 drone
1421 1 381 115 31 22 drone
1422 1 380 114 31 23 drone
1423 1 378 113 31 22 drone
1424 1 376 112 32 23 drone
1425 1 374 111 32 23 drone
1426 1 372 110 32 23 drone
1427 1 371 109 32 23 drone
1428 1 369 107 32 23 drone
1429 1 367 106 32 23 drone
1430 1 366 105 32 23 drone
1431 1 363 104 31 23 drone
1432 1 361 103 31 23 drone
1433 1 359 102 31 23 drone
1434 1 357 100 31 23 drone
1435 1 355 99 31 23 drone
1436 1 354 98 31 23 drone
1437 1 352 97 31 23 drone
1438 1 350 95 31 23 drone
1439 1 348 94 31 23 drone
1440 1 346 93 31 23 drone
1441 1 344 92 31 23 drone
1442 1 342 90 31 23 drone
1443 1 340 89 31 23 drone
1444 1 338 88 31 23 drone
1445 1 336 86 31 23 drone
1446 1 334 85 31 23 drone
1447 1 331 84 31 23 drone
1448 1 329 82 32 23 drone
1449 1 327 81 32 23 drone
1450 1 325 80 32 24 drone
1451 1 323 78 32 24 drone
1452 1 320 77 32 24 drone
1453 1 318 76 32 23 drone
1454 1 316 74 32 24 drone
1455 1 314 73 32 23 drone
1456 1 312 72 32 23 drone
1457 1 309 70 32 24 drone
1458 1 307 69 32 24 drone
1459 1 305 67 32 24 drone
1460 1 302 66 32 24 drone
1461 1 300 65 32 24 drone
1462 1 298 63 32 24 drone
1463 1 295 62 32 24 drone
1464 1 293 61 32 24 drone
1465 1 291 59 32 24 drone
1466 1 288 58 32 24 drone
1467 1 286 56 33 24 drone
1468 1 283 55 33 25 drone
1469 1 281 54 33 24 drone
1470 1 278 52 33 25 drone
1471 1 276 51 33 25 drone
1472 1 273 49 33 25 drone
1473 1 271 48 33 24 drone
1474 1 268 46 33 25 drone
1475 1 266 45 34 25 drone
1476 1 263 44 34 25 drone
1477 1 261 42 34 25 drone
1478 1 258 41 33 25 drone
1479 1 256 40 33 25 drone
1480 1 253 38 33 25 drone
1481 1 250 37 34 25 drone
1482 1 248 36 34 25 drone
1483 1 246 35 33 25 drone
1484 1 243 34 33 25 drone
1485 1 241 35 34 25 drone
1486 1 238 44 34 25 drone
1487 1 237 66 34 25 drone
1488 1 235 83 34 25 drone
1489 1 233 88 34 25 drone
1490 1 232 92 34 25 drone
1491 1 231 104 34 25 drone
1492 1 233 118 33 25 drone
1493 1 235 128 34 25 drone
1494 1 236 136 33 25 drone
1495 1 237 147 34 25 drone
1496 1 238 161 33 25 drone
1497 1 239 175 32 24 drone
1498 1 239 188 33 25 drone
1499 1 239 201 33 25 drone
1500 1 239 216 33 25 drone
1501 1 239 230 33 25 drone
1502 1 238 236 33 25 drone
1503 1 235 237 33 25 drone
1504 1 233 239 33 25 drone
1505 1 231 243 33 24 drone
1506 1 229 245 33 25 drone
1507 1 227 244 33 24 drone
1508 1 224 244 32 24 drone
1509 1 221 243 33 24 drone
1510 1 219 242 33 25 drone
1511 1 216 241 33 25 drone
1512 1 213 240 33 24 drone
1513 1 211 238 33 24 drone
1514 1 208 237 33 24 drone
1515 1 205 236 33 25 drone
1516 1 203 234 33 24 drone
1517 1 199 233 34 25 drone
1518 1 197 231 33 25 drone
1519 1 194 230 33 24 drone
1520 1 191 228 33 25 drone
1521 1 189 226 33 25 drone
1522 1 189 225 33 24 drone
1523 1 189 224 34 25 drone
1524 1 190 222 34 25 drone
1525 1 191 221 34 25 drone
1526 1 193 220 33 24 drone
1527 1 197 218 34 25 drone
1528 1 204 217 34 25 drone
1529 1 210 216 34 25 drone
1530 1 215 215 34 25 drone
1531 1 218 214 34 25 drone
1532 1 219 212 34 25 drone
1533 1 218 211 33 25 drone
1534 1 218 210 34 25 drone
1535 1 219 209 33 25 drone
1536 1 220 208 33 25 drone
1537 1 221 207 33 25 drone
1538 1 222 206 33 25 drone
1539 1 223 205 33 25 drone
1540 1 224 204 33 25 drone
1541 1 225 203 34 25 drone
1542 1 225 202 34 25 drone
1543 1 226 201 34 25 drone
1544 1 227 200 34 25 drone
1545 1 228 199 34 25 drone
1546 1 229 198 34 25 drone
1547 1 231 197 33 25 drone
1548 1 232 196 33 25 drone
1549 1 233 195 33 25 drone
1550 1 234 195 34 25 drone
1551 1 235 194 34 25 drone
1552 1 237 193 34 25 drone
1553 1 238 192 34 25 drone
1554 1 240 191 34 25 drone
1555 1 241 190 34 25 drone
1556 1 243 189 34 25 drone
1557 1 245 189 34 25 drone
1558 1 246 188 34 25 drone
1559 1 248 187 34 25 drone
1560 1 250 187 34 25 drone
1561 1 252 187 34 25 drone
1562 1 255 186 34 25 drone
1563 1 257 186 34 26 drone
1564 1 259 185 34 25 drone
1565 1 261 185 34 25 drone
1566 1 264 185 34 26 drone
1567 1 267 184 34 25 drone
1568 1 270 184 34 25 drone
1569 1 272 184 34 26 drone
1570 1 275 184 34 25 drone
1571 1 278 184 35 26 drone
1572 1 281 184 35 26 drone
1573 1 285 184 34 26 drone
1574 1 288 184 34 26 drone
1575 1 291 184 35 26 drone
1576 1 294 184 35 26 drone
1577 1 298 184 34 25 drone
1578 1 302 184 34 26 drone
1579 1 305 184 34 25 drone
1580 1 309 184 34 25 drone
1581 1 313 184 34 25 drone
1582 1 316 184 34 25 drone
1583 1 320 185 34 25 drone
1584 1 324 185 34 25 drone
1585 1 329 185 34 25 drone
1586 1 333 185 34 25 drone
1587 1 337 185 34 25 drone
1588 1 341 185 34 25 drone
1589 1 345 185 34 25 drone
1590 1 350 186 34 25 drone
1591 1 354 186 34 25 drone
1592 1 355 186 34 25 drone
1593 1 356 186 34 25 drone
1594 1 357 186 34 25 drone
1595 1 358 187 34 25 drone
1596 1 359 187 34 25 drone
1597 1 360 188 34 25 drone
1598 1 361 188 34 25 drone
1599 1 362 188 33 25 drone
1600 1 362 188 33 25 drone
1601 1 363 189 33 25 drone
1602 1 364 189 33 25 drone
1603 1 365 190 33 24 drone
1604 1 365 190 33 25 drone
1605 1 366 190 33 24 drone
1606 1 367 190 33 24 drone
1607 1 367 191 33 24 drone
1608 1 368 191 33 24 drone
1609 1 368 191 32 24 drone
1610 1 369 192 33 24 drone
1611 1 369 192 33 24 drone
1612 1 369 193 32 24 drone
1613 1 369 193 32 24 drone
1614 1 369 193 32 24 drone
1615 1 368 194 32 24 drone
1616 1 367 194 32 24 drone
1617 1 367 195 32 24 drone
1618 1 366 196 32 24 drone
1619 1 365 196 32 23 drone
1620 1 364 197 32 24 drone
1621 1 363 197 31 23 drone
1622 1 362 198 31 23 drone
1623 1 361 198 31 23 drone
1624 1 360 199 32 23 drone
1625 1 359 199 32 23 drone
1626 1 358 199 32 24 drone
1627 1 357 200 32 24 drone
1628 1 356 200 32 24 drone
1629 1 355 200 32 24 drone
1630 1 354 201 32 24 drone
1631 1 353 201 32 24 drone
1632 1 352 201 32 24 drone
1633 1 351 201 32 24 drone
1634 1 350 202 32 24 drone
1635 1 349 202 32 24 drone
1636 1 348 202 32 24 drone
1637 1 348 202 32 24 drone
1638 1 349 202 32 24 drone
1639 1 349 203 32 24 drone
1640 1 349 203 32 24 drone
1641 1 350 203 32 24 drone
1642 1 351 204 32 24 drone
1643 1 351 204 32 24 drone
1644 1 352 204 32 24 drone
1645 1 352 204 32 24 drone
1646 1 352 205 32 24 drone
1647 1 353 205 32 24 drone
1648 1 354 205 32 24 drone
1649 1 354 205 32 24 drone
1650 1 354 206 32 24 drone
1651 1 355 206 32 24 drone
1652 1 355 206 32 24 drone
1653 1 356 206 32 24 drone
1654 1 356 207 32 24 drone
1655 1 357 207 32 24 drone
1656 1 357 207 32 24 drone
1657 1 358 207 32 24 drone
1658 1 358 208 32 24 drone
1659 1 358 208 32 24 drone
1660 1 359 208 32 24 drone
1661 1 359 208 32 24 drone
1662 1 359 209 32 24 drone
1663 1 360 209 32 24 drone
1664 1 360 209 32 23 drone
1665 1 360 209 31 23 drone
1666 1 360 210 32 23 drone
1667 1 360 210 32 23 drone
1668 1 360 210 32 23 drone
1669 1 361 210 32 23 drone
1670 1 361 211 31 23 drone
1671 1 361 211 31 23 drone
1672 1 361 211 31 23 drone
1673 1 361 211 31 23 drone
1674 1 361 211 31 23 drone
1675 1 361 211 31 23 drone
1676 1 361 212 31 23 drone
1677 1 360 212 31 23 drone
1678 1 360 212 31 23 drone
1679 1 360 212 31 23 drone
1680 1 360 212 31 23 drone
1681 1 360 213 31 23 drone
1682 1 360 213 31 23 drone
1683 1 360 213 31 23 drone
1684 1 359 213 31 23 drone
1685 1 359 214 31 23 drone
1686 1 359 214 31 23 drone
1687 1 358 215 31 23 drone
1688 1 358 215 31 23 drone
1689 1 358 215 31 23 drone
1690 1 357 216 31 23 drone
1691 1 357 216 31 23 drone
1692 1 357 217 31 23 drone
1693 1 356 217 31 23 drone
1694 1 356 217 31 23 drone
1695 1 356 218 31 23 drone
1696 1 355 218 31 23 drone
1697 1 355 219 31 23 drone
1698 1 354 219 31 23 drone
1699 1 354 220 31 23 drone
1700 1 353 220 31 23 drone
1701 1 353 221 31 23 drone
1702 1 352 221 31 23 drone
1703 1 352 222 32 24 drone
1704 1 351 222 32 24 drone
1705 1 351 223 32 23 drone
1706 1 350 223 31 23 drone
1707 1 350 224 31 23 drone
1708 1 349 224 32 23 drone
1709 1 349 225 31 23 drone
1710 1 349 226 31 23 drone
1711 1 348 226 31 23 drone
1712 1 348 227 32 23 drone
1713 1 347 228 32 23 drone
1714 1 347 229 32 23 drone
1715 1 346 229 32 23 drone
1716 1 346 230 32 23 drone
1717 1 345 231 31 23 drone
1718 1 345 232 31 23 drone
1719 1 344 232 31 23 drone
1720 1 344 233 31 23 drone
1721 1 344 234 31 23 drone
1722 1 343 235 31 23 drone
1723 1 343 236 31 23 drone
1724 1 342 237 31 23 drone
1725 1 342 238 31 23 drone
1726 1 342 239 31 23 drone
1727 1 341 240 31 23 drone
1728 1 341 241 31 23 drone
1729 1 340 242 31 23 drone
1730 1 340 243 31 23 drone
1731 1 340 244 31 23 drone
1732 1 339 245 31 23 drone
1733 1 339 247 31 23 drone
1734 1 339 248 31 23 drone
1735 1 338 249 30 23 drone
1736 1 338 250 30 23 drone
1737 1 338 251 30 23 drone
1738 1 337 253 31 23 drone
1739 1 337 254 31 23 drone
1740 1 337 255 31 23 drone
1741 1 337 256 31 23 drone
1742 1 336 258 31 23 drone
1743 1 336 259 31 23 drone
1744 1 336 260 31 23 drone
1745 1 336 261 31 23 drone
1746 1 335 263 31 23 drone
1747 1 335 264 30 23 drone
1748 1 335 265 30 23 drone
1749 1 335 266 30 23 drone
1750 1 335 268 31 23 drone
1751 1 335 269 31 23 drone
1752 1 335 270 30 23 drone
1753 1 334 272 30 23 drone
1754 1 334 273 30 23 drone
1755 1 334 274 30 23 drone
1756 1 334 276 30 23 drone
1757 1 334 277 31 23 drone
1758 1 334 278 31 23 drone
1759 1 334 280 30 23 drone
1760 1 334 281 30 22 drone
1761 1 334 282 30 22 drone
1762 1 334 284 31 23 drone
1763 1 334 285 31 23 drone
1764 1 334 286 31 23 drone
1765 1 334 288 31 23 drone
1766 1 334 289 31 23 drone
1767 1 334 291 31 23 drone
1768 1 333 292 31 23 drone
1769 1 333 293 31 23 drone
1770 1 326 291 45 27 drone
1771 1 326 292 45 27 drone
1772 1 326 294 45 27 drone
1773 1 326 295 45 27 drone
1774 1 326 296 45 27 drone
1775 1 326 298 45 27 drone
1776 1 326 299 45 27 drone
1777 1 326 300 45 27 drone
1778 1 325 301 45 27 drone
1779 1 326 303 45 27 drone
1780 1 326 304 45 27 drone
1781 1 325 305 45 27 drone
1782 1 325 306 45 27 drone
1783 1 326 308 45 27 drone
1784 1 326 309 45 27 drone
1785 1 326 310 45 27 drone
1786 1 325 311 45 27 drone
1787 1 326 312 45 27 drone
1788 1 326 313 45 27 drone
1789 1 326 315 45 27 drone
1790 1 325 316 46 27 drone
1791 1 325 317 45 27 drone
1792 1 325 318 45 27 drone
1793 1 325 319 45 27 drone
1794 1 324 320 46 27 drone
1795 1 324 322 45 27 drone
1796 1 322 323 46 27 drone
1797 1 319 324 46 27 drone
1798 1 315 325 46 27 drone
1799 1 313 325 46 27 drone
1800 1 310 322 46 27 drone
1801 1 308 314 45 27 drone
1802 1 306 305 45 27 drone
1803 1 304 299 46 27 drone
1804 1 302 295 46 27 drone
1805 1 300 290 46 27 drone
1806 1 298 284 46 28 drone
1807 1 296 278 46 28 drone
1808 1 294 273 46 28 drone
1809 1 292 267 46 28 drone
1810 1 291 262 46 28 drone
1811 1 289 256 46 28 drone
1812 1 287 251 46 28 drone
1813 1 285 245 46 28 drone
1814 1 283 240 46 28 drone
1815 1 281 234 47 28 drone
1816 1 279 228 47 28 drone
1817 1 277 223 47 28 drone
1818 1 276 218 47 28 drone
1819 1 274 214 47 28 drone
1820 1 272 209 47 28 drone
1821 1 271 205 47 28 drone
1822 1 270 203 46 28 drone
1823 1 270 201 47 28 drone
1824 1 270 199 47 28 drone
1825 1 269 197 47 28 drone
1826 1 269 196 47 28 drone
1827 1 269 195 47 28 drone
1828 1 268 194 47 28 drone
1829 1 268 193 47 28 drone
1830 1 268 192 47 28 drone
1831 1 268 192 47 28 drone
1832 1 268 192 48 29 drone
1833 1 268 193 47 28 drone
1834 1 268 194 47 28 drone
1835 1 268 196 47 28 drone
1836 1 267 197 47 28 drone
1837 1 268 198 47 28 drone
1838 1 267 200 47 28 drone
1839 1 267 201 47 28 drone
1840 1 267 202 47 28 drone
1841 1 268 204 47 28 drone
1842 1 267 205 47 28 drone
1843 1 268 207 46 28 drone
1844 1 268 208 46 28 drone
1845 1 268 210 46 28 drone
1846 1 268 211 46 28 drone
1847 1 267 213 46 28 drone
1848 1 267 214 47 28 drone
1849 1 267 216 46 28 drone
1850 1 267 217 46 28 drone
1851 1 267 219 46 28 drone
1852 1 267 220 47 28 drone
1853 1 267 222 47 28 drone
1854 1 267 223 47 28 drone
1855 1 267 225 47 28 drone
1856 1 267 226 47 28 drone
1857 1 267 227 47 28 drone
1858 1 266 229 47 28 drone
1859 1 266 230 47 28 drone
1860 1 266 232 47 28 drone
1861 1 266 233 47 28 drone
1862 1 266 234 47 28 drone
1863 1 266 235 47 28 drone
1864 1 266 236 47 28 drone
1865 1 266 235 47 28 drone
1866 1 266 233 47 28 drone
1867 1 266 230 47 28 drone
1868 1 265 228 47 28 drone
1869 1 265 226 47 28 drone
1870 1 265 225 47 28 drone
1871 1 265 224 48 29 drone
1872 1 265 224 48 29 drone
1873 1 265 224 48 29 drone
1874 1 265 223 48 29 drone
1875 1 264 223 48 29 drone
1876 1 264 223 48 29 drone
1877 1 264 223 48 29 drone
1878 1 264 223 48 29 drone
1879 1 264 223 47 28 drone
1880 1 264 223 48 29 drone
1881 1 264 223 47 28 drone
1882 1 264 223 48 29 drone
1883 1 264 223 47 28 drone
1884 1 264 223 48 29 drone
1885 1 264 223 47 28 drone
1886 1 264 223 47 28 drone
1887 1 264 223 48 29 drone
1888 1 264 223 48 29 drone
1889 1 264 223 48 29 drone
1890 1 264 223 48 29 drone
1891 1 264 223 48 29 drone
1892 1 264 223 48 29 drone
1893 1 264 223 48 29 drone
1894 1 264 223 48 29 drone
1895 1 264 223 48 29 drone
1896 1 264 222 48 29 drone
1897 1 264 222 48 29 drone
1898 1 264 222 48 29 drone
1899 1 264 222 48 29 drone
1900 1 265 222 48 29 drone
1901 1 264 222 48 29 drone
1902 1 265 222 48 29 drone
1903 1 265 222 48 29 drone
1904 1 265 222 48 29 drone
1905 1 265 222 48 29 drone
1906 1 265 222 48 29 drone
1907 1 265 221 48 29 drone
1908 1 265 221 48 29 drone
1909 1 265 221 48 29 drone
1910 1 265 221 48 29 drone
1911 1 265 221 48 29 drone
1912 1 266 221 49 29 drone
1913 1 266 221 48 29 drone
1914 1 266 221 48 29 drone
1915 1 266 221 48 29 drone
1916 1 266 220 49 29 drone
1917 1 267 220 48 29 drone
1918 1 267 220 49 29 drone
1919 1 267 220 49 29 drone
1920 1 267 220 48 29 drone
1921 1 268 220 48 29 drone
1922 1 268 220 49 29 drone
1923 1 268 220 49 29 drone
1924 1 269 220 48 29 drone
1925 1 269 220 47 28 drone
1926 1 270 220 48 29 drone
1927 1 269 220 49 29 drone
1928 1 270 220 48 29 drone
1929 1 271 220 47 28 drone
1930 1 271 220 48 29 drone
1931 1 271 219 48 29 drone
1932 1 271 219 49 29 drone
1933 1 272 219 49 29 drone
1934 1 272 219 49 30 drone
1935 1 272 219 49 30 drone
1936 1 273 219 49 29 drone
1937 1 273 219 49 30 drone
1938 1 274 219 49 30 drone
1939 1 274 219 49 29 drone
1940 1 275 219 49 30 drone
1941 1 276 219 49 29 drone
1942 1 276 219 49 30 drone
1943 1 277 219 49 30 drone
1944 1 277 218 49 30 drone
1945 1 278 218 50 30 drone
1946 1 278 218 50 30 drone
1947 1 279 218 49 30 drone
1948 1 279 218 50 30 drone
1949 1 280 218 50 30 drone
1950 1 280 218 50 30 drone
1951 1 281 218 50 30 drone
1952 1 281 218 50 30 drone
1953 1 282 218 50 30 drone
1954 1 282 218 50 30 drone
1955 1 283 219 50 30 drone
1956 1 284 218 50 30 drone
1957 1 284 218 50 30 drone
1958 1 285 218 50 30 drone
1959 1 286 218 50 30 drone
1960 1 286 218 50 30 drone
1961 1 287 218 50 30 drone
1962 1 288 218 50 30 drone
1963 1 288 218 50 30 drone
1964 1 289 218 51 30 drone
1965 1 290 218 50 30 drone
1966 1 291 218 50 30 drone
1967 1 291 218 50 30 drone
1968 1 292 218 50 30 drone
1969 1 293 218 50 30 drone
1970 1 293 218 50 30 drone
1971 1 294 218 51 31 drone
1972 1 294 218 51 31 drone
1973 1 295 218 51 31 drone
1974 1 296 218 52 31 drone
1975 1 297 217 52 31 drone
1976 1 298 218 51 31 drone
1977 1 298 217 51 31 drone
1978 1 299 217 52 31 drone
1979 1 300 217 51 31 drone
1980 1 301 217 52 31 drone
1981 1 301 217 51 31 drone
1982 1 302 217 51 31 drone
1983 1 303 217 51 31 drone
1984 1 304 217 51 31 drone
1985 1 305 216 52 31 drone
1986 1 306 216 52 31 drone
1987 1 307 216 51 31 drone
1988 1 307 216 52 31 drone
1989 1 308 216 52 31 drone
1990 1 309 216 52 31 drone
1991 1 309 216 52 31 drone
1992 1 310 216 52 31 drone
1993 1 311 215 52 31 drone
1994 1 311 215 52 31 drone
1995 1 311 215 52 31 drone
1996 1 312 215 52 31 drone
1997 1 310 215 51 30 drone
1998 1 307 214 51 31 drone
1999 1 304 214 52 31 drone
2000 1 302 213 52 31 drone
2001 1 301 213 52 31 drone
2002 1 300 212 53 32 drone
2003 1 298 211 52 31 drone
2004 1 297 216 53 32 drone
2005 1 296 216 53 32 drone
2006 1 296 216 53 32 drone
2007 1 294 215 53 32 drone
2008 1 293 215 53 32 drone
2009 1 293 215 54 32 drone
2010 1 292 215 54 32 drone
2011 1 291 214 53 32 drone
2012 1 290 214 53 32 drone
2013 1 289 213 53 32 drone
2014 1 288 212 54 32 drone
2015 1 290 211 54 33 drone
2016 1 289 211 54 33 drone
2017 1 288 210 54 33 drone
2018 1 288 210 54 33 drone
2019 1 287 210 55 33 drone
2020 1 286 209 55 33 drone
2021 1 285 209 55 34 drone
2022 1 285 209 55 33 drone
2023 1 284 208 55 34 drone
2024 1 283 208 55 34 drone
2025 1 283 207 54 33 drone
2026 1 282 207 54 33 drone
2027 1 281 207 54 33 drone
2028 1 281 206 54 33 drone
2029 1 280 206 54 33 drone
2030 1 279 205 54 33 drone
2031 1 278 204 54 33 drone
2032 1 277 204 54 33 drone
2033 1 276 203 54 33 drone
2034 1 276 202 54 33 drone
2035 1 275 202 53 32 drone
2036 1 274 200 53 33 drone
2037 1 273 199 53 32 drone
2038 1 273 199 53 32 drone
2039 1 272 198 53 32 drone
2040 1 275 200 52 32 drone
2041 1 274 199 52 32 drone
2042 1 273 198 52 32 drone
2043 1 272 197 53 32 drone
2044 1 271 196 53 32 drone
2045 1 270 195 53 33 drone
2046 1 269 194 53 33 drone
2047 1 268 193 53 33 drone
2048 1 267 192 54 33 drone
2049 1 266 190 54 33 drone
2050 1 265 189 54 33 drone
2051 1 265 188 54 33 drone
2052 1 264 186 54 33 drone
2053 1 263 184 54 33 drone
2054 1 262 182 54 33 drone
2055 1 261 181 54 34 drone
2056 1 260 179 54 34 drone
2057 1 259 177 55 34 drone
2058 1 258 175 55 34 drone
2059 1 257 173 54 33 drone
2060 1 257 171 54 33 drone
2061 1 256 169 54 33 drone
2062 1 255 167 53 33 drone
2063 1 254 165 54 33 drone
2064 1 253 162 54 33 drone
2065 1 252 160 53 33 drone
2066 1 250 158 54 33 drone
2067 1 249 156 53 33 drone
2068 1 248 154 53 33 drone
2069 1 247 151 53 33 drone
2070 1 246 149 53 33 drone
2071 1 245 146 54 33 drone
2072 1 244 144 54 33 drone
2073 1 242 142 54 33 drone
2074 1 238 142 55 34 drone
2075 1 237 140 55 34 drone
2076 1 236 137 55 34 drone
2077 1 234 135 55 34 drone
2078 1 233 133 56 34 drone
2079 1 232 131 56 34 drone
2080 1 231 129 55 34 drone
2081 1 229 127 56 34 drone
2082 1 228 125 56 34 drone
2083 1 227 123 56 35 drone
2084 1 225 121 56 35 drone
2085 1 224 120 57 35 drone
2086 1 222 118 56 35 drone
2087 1 221 116 57 35 drone
2088 1 219 115 57 35 drone
2089 1 218 113 57 35 drone
2090 1 216 112 57 35 drone
2091 1 215 111 57 35 drone
2092 1 213 110 57 35 drone
2093 1 212 109 57 35 drone
2094 1 210 108 57 35 drone
2095 1 209 107 58 36 drone
2096 1 207 106 58 36 drone
2097 1 205 105 58 36 drone
2098 1 204 104 58 36 drone
2099 1 202 103 58 36 drone
2100 1 200 103 58 36 drone
2101 1 199 102 58 36 drone
2102 1 197 101 58 36 drone
2103 1 195 101 59 36 drone
2104 1 193 100 59 36 drone
2105 1 192 100 59 36 drone
2106 1 190 99 59 37 drone
2107 1 188 99 59 36 drone
2108 1 186 99 59 36 drone
2109 1 185 98 59 37 drone
2110 1 178 96 71 39 drone
2111 1 176 96 71 39 drone
2112 1 175 95 71 39 drone
2113 1 173 95 71 39 drone
2114 1 171 95 71 39 drone
2115 1 169 95 71 39 drone
2116 1 167 95 71 39 drone
2117 1 165 95 72 39 drone
2118 1 163 95 72 39 drone
2119 1 162 95 72 39 drone
2120 1 160 95 72 39 drone
2121 1 158 95 72 40 drone
2122 1 156 95 73 40 drone
2123 1 154 95 73 40 drone
2124 1 152 95 73 40 drone
2125 1 151 95 73 40 drone
2126 1 149 95 72 40 drone
2127 1 147 95 73 40 drone
2128 1 144 95 74 40 drone
2129 1 143 95 73 40 drone
2130 1 140 95 74 41 drone
2131 1 139 96 73 40 drone
2132 1 136 96 74 41 drone
2133 1 134 96 74 41 drone
2134 1 132 96 74 40 drone
2135 1 130 96 74 41 drone
2136 1 128 97 74 41 drone
2137 1 127 97 74 41 drone
2138 1 124 97 74 41 drone
2139 1 123 98 74 41 drone
2140 1 120 98 74 41 drone
2141 1 118 98 75 41 drone
2142 1 116 99 74 41 drone
2143 1 114 99 74 41 drone
2144 1 111 100 75 41 drone
2145 1 109 100 75 41 drone
2146 1 108 100 75 41 drone
2147 1 107 101 75 41 drone
2148 1 107 101 75 41 drone
2149 1 107 102 75 41 drone
2150 1 107 103 75 41 drone
2151 1 107 103 74 41 drone
2152 1 107 103 75 41 drone
2153 1 107 104 75 41 drone
2154 1 107 104 75 41 drone
2155 1 107 105 75 41 drone
2156 1 107 105 75 41 drone
2157 1 107 106 75 41 drone
2158 1 107 106 75 41 drone
2159 1 107 106 75 41 drone
2160 1 107 107 75 41 drone
2161 1 107 107 75 41 drone
2162 1 107 108 75 41 drone
2163 1 107 108 76 42 drone
2164 1 106 108 76 41 drone
2165 1 106 108 76 42 drone
2166 1 106 108 76 42 drone
2167 1 106 109 76 42 drone
2168 1 105 109 76 42 drone
2169 1 105 108 77 42 drone
2170 1 105 108 77 42 drone
2171 1 105 108 77 42 drone
2172 1 104 108 78 43 drone
2173 1 104 107 78 43 drone
2174 1 103 107 78 43 drone
2175 1 103 106 78 43 drone
2176 1 103 105 78 43 drone
2177 1 102 104 79 43 drone
2178 1 102 104 79 43 drone
2179 1 102 103 79 43 drone
2180 1 101 102 79 43 drone
2181 1 101 101 79 44 drone
2182 1 101 100 79 43 drone
2183 1 101 99 79 44 drone
2184 1 100 98 79 44 drone
2185 1 100 97 79 44 drone
2186 1 100 95 79 44 drone
2187 1 99 94 79 43 drone
2188 1 99 93 79 43 drone
2189 1 99 92 79 43 drone
2190 1 98 91 79 44 drone
2191 1 98 89 79 43 drone
2192 1 98 88 79 43 drone
2193 1 98 87 79 43 drone
2194 1 97 85 79 43 drone
2195 1 97 84 78 43 drone
2196 1 97 83 78 43 drone
2197 1 97 82 78 43 drone
2198 1 96 80 79 43 drone
2199 1 96 79 79 43 drone
2200 1 96 78 79 43 drone
2201 1 95 76 79 43 drone
2202 1 95 75 79 43 drone
2203 1 95 74 79 43 drone
2204 1 95 72 79 43 drone
2205 1 94 71 79 43 drone
2206 1 88 74 84 40 drone
2207 1 88 73 84 40 drone
2208 1 88 71 84 40 drone
2209 1 88 70 83 40 drone
2210 1 88 69 83 40 drone
2211 1 88 68 83 40 drone
2212 1 87 67 83 40 drone
2213 1 87 65 83 40 drone
2214 1 87 64 83 39 drone
2215 1 87 63 83 40 drone
2216 1 87 62 83 39 drone
2217 1 87 62 83 39 drone
2218 1 87 62 82 39 drone
2219 1 88 62 82 39 drone
2220 1 87 63 84 40 drone
2221 1 87 64 84 40 drone
2222 1 87 64 84 40 drone
2223 1 87 65 84 40 drone
2224 1 87 65 84 40 drone
2225 1 88 65 81 39 drone
2226 1 87 66 84 40 drone
2227 1 87 67 84 40 drone
2228 1 88 67 84 40 drone
2229 1 88 68 84 40 drone
2230 1 88 69 83 45 drone
2231 1 88 69 83 45 drone
2232 1 89 70 83 45 drone
2233 1 89 70 83 45 drone
2234 1 89 70 84 45 drone
2235 1 91 72 82 45 drone
2236 1 91 72 83 45 drone
2237 1 90 71 84 46 drone
2238 1 92 73 83 45 drone
2239 1 93 73 83 45 drone
2240 1 91 72 86 47 drone
2241 1 95 74 83 45 drone
2242 1 95 75 83 45 drone
2243 1 96 75 83 45 drone
2244 1 97 75 83 45 drone
2245 1 98 76 83 45 drone
2246 1 99 76 83 45 drone
2247 1 100 76 84 45 drone
2248 1 100 76 84 45 drone
2249 1 101 76 84 46 drone
2250 1 102 76 84 46 drone
2251 1 104 76 84 45 drone
2252 1 104 76 85 46 drone
2253 1 105 76 84 46 drone
2254 1 106 76 85 46 drone
2255 1 108 77 85 46 drone
2256 1 109 77 85 46 drone
2257 1 110 76 85 46 drone
2258 1 111 77 85 46 drone
2259 1 112 76 85 46 drone
2260 1 114 76 85 46 drone
2261 1 115 76 86 46 drone
2262 1 116 76 86 47 drone
2263 1 118 76 86 46 drone
2264 1 119 76 86 47 drone
2265 1 120 76 86 47 drone
2266 1 122 76 86 47 drone
2267 1 123 76 86 47 drone
2268 1 125 76 86 47 drone
2269 1 126 76 86 47 drone
2270 1 128 76 86 47 drone
2271 1 129 75 87 47 drone
2272 1 131 75 87 47 drone
2273 1 133 75 87 47 drone
2274 1 135 75 87 47 drone
2275 1 137 75 87 47 drone
2276 1 139 75 87 47 drone
2277 1 141 75 87 47 drone
2278 1 142 74 88 48 drone
2279 1 145 74 87 47 drone
2280 1 147 74 87 47 drone
2281 1 149 74 88 48 drone
2282 1 151 73 88 48 drone
2283 1 154 73 88 48 drone
2284 1 156 73 88 48 drone
2285 1 158 73 88 48 drone
2286 1 161 73 88 48 drone
2287 1 163 73 88 48 drone
2288 1 166 72 89 48 drone
2289 1 168 72 89 48 drone
2290 1 171 72 88 48 drone
2291 1 174 72 89 48 drone
2292 1 176 72 89 48 drone
2293 1 179 71 89 48 drone
2294 1 182 71 89 48 drone
2295 1 185 71 90 49 drone
2296 1 188 71 89 48 drone
2297 1 190 70 90 49 drone
2298 1 193 70 90 49 drone
2299 1 197 70 90 49 drone
2300 1 200 70 90 49 drone
2301 1 203 69 90 49 drone
2302 1 206 69 89 48 drone
2303 1 210 69 89 48 drone
2304 1 213 68 90 49 drone
2305 1 215 68 91 49 drone
2306 1 219 68 90 49 drone
2307 1 220 67 93 50 drone
2308 1 221 66 96 52 drone
2309 1 228 67 91 49 drone
2310 1 232 66 91 49 drone
2311 1 235 66 91 48 drone
2312 1 239 66 90 48 drone
2313 1 242 65 91 48 drone
2314 1 245 65 91 48 drone
2315 1 249 65 92 48 drone
2316 1 252 64 91 48 drone
2317 1 255 64 92 48 drone
2318 1 259 63 92 48 drone
2319 1 262 63 92 49 drone
2320 1 264 63 92 49 drone
2321 1 267 62 92 49 drone
2322 1 267 62 93 49 drone
2323 1 266 61 93 49 drone
2324 1 266 61 93 49 drone
2325 1 267 61 93 49 drone
2326 1 268 61 93 49 drone
2327 1 269 60 93 49 drone
2328 1 271 60 93 49 drone
2329 1 272 60 93 49 drone
2330 1 274 59 93 49 drone
2331 1 275 59 94 50 drone
2332 1 277 58 94 50 drone
2333 1 279 58 94 50 drone
2334 1 281 58 94 50 drone
2335 1 282 57 95 50 drone
2336 1 284 57 95 50 drone
2337 1 286 57 95 50 drone
2338 1 288 56 95 50 drone
2339 1 290 56 95 50 drone
2340 1 292 55 95 50 drone
2341 1 294 55 95 50 drone
2342 1 296 55 95 50 drone
2343 1 298 54 96 50 drone
2344 1 300 54 96 51 drone
2345 1 301 53 97 51 drone
2346 1 304 53 96 51 drone
2347 1 305 53 97 51 drone
2348 1 307 52 97 51 drone
2349 1 309 52 97 51 drone
2350 1 311 51 98 52 drone
2351 1 313 51 97 51 drone
2352 1 315 51 97 51 drone
2353 1 317 50 98 52 drone
2354 1 318 50 97 51 drone
2355 1 320 50 98 51 drone
2356 1 322 49 99 52 drone
2357 1 324 49 98 52 drone
2358 1 326 49 98 52 drone
2359 1 328 48 98 52 drone
2360 1 329 48 98 52 drone
2361 1 331 48 98 52 drone
2362 1 332 47 99 52 drone
2363 1 334 47 101 53 drone
2364 1 334 46 103 54 drone
2365 1 334 45 106 56 drone
2366 1 339 46 101 53 drone
2367 1 339 46 101 53 drone
2368 1 339 45 101 53 drone
2369 1 338 45 101 54 drone
2370 1 338 45 102 54 drone
2371 1 337 45 102 54 drone
2372 1 337 44 102 54 drone
2373 1 337 44 102 54 drone
2374 1 337 44 102 54 drone
2375 1 337 44 101 54 drone
2376 1 337 44 102 54 drone
2377 1 336 43 103 54 drone
2378 1 336 43 103 54 drone
2379 1 336 43 103 54 drone
2380 1 335 43 103 54 drone
2381 1 335 42 103 54 drone
2382 1 334 42 104 55 drone
2383 1 334 42 103 54 drone
2384 1 334 42 103 54 drone
2385 1 334 41 103 54 drone
2386 1 333 41 103 54 drone
2387 1 333 41 103 54 drone
2388 1 333 41 103 54 drone
2389 1 332 41 102 54 drone
2390 1 332 40 103 54 drone
2391 1 331 40 103 54 drone
2392 1 330 40 103 54 drone
2393 1 330 40 102 54 drone
2394 1 328 39 104 55 drone
2395 1 327 39 104 55 drone
2396 1 326 39 104 55 drone
2397 1 325 39 105 55 drone
2398 1 323 39 107 56 drone
2399 1 320 38 109 57 drone
2400 1 325 38 103 59 drone
2401 1 322 38 104 59 drone
2402 1 323 38 103 59 drone
2403 1 318 37 108 62 drone
2404 1 321 37 103 59 drone
2405 1 320 37 103 59 drone
2406 1 318 37 104 59 drone
2407 1 317 37 104 59 drone
2408 1 315 37 104 60 drone
2409 1 314 37 104 60 drone
2410 1 312 37 104 60 drone
2411 1 311 37 105 60 drone
2412 1 309 36 105 60 drone
2413 1 306 36 106 61 drone
2414 1 302 36 108 62 drone
2415 1 303 36 106 61 drone
2416 1 307 37 99 54 drone
2417 1 304 37 100 54 drone
2418 1 303 37 99 54 drone
2419 1 301 37 99 54 drone
2420 1 299 37 100 54 drone
2421 1 297 37 99 54 drone
2422 1 294 38 100 54 drone
2423 1 292 38 100 54 drone
2424 1 290 38 100 55 drone
2425 1 287 38 100 54 drone
2426 1 285 38 100 55 drone
2427 1 282 38 100 55 drone
2428 1 280 39 100 55 drone
2429 1 278 39 100 55 drone
2430 1 276 39 100 54 drone
2431 1 274 39 100 54 drone
2432 1 272 39 100 55 drone
2433 1 270 39 100 55 drone
2434 1 268 40 100 55 drone
2435 1 267 40 99 54 drone
2436 1 265 40 100 54 drone
2437 1 263 40 101 55 drone
2438 1 261 40 101 55 drone
2439 1 260 41 100 54 drone
2440 1 259 41 99 54 drone
2441 1 258 41 99 54 drone
2442 1 256 41 101 55 drone
2443 1 256 41 100 55 drone
2444 1 255 41 101 55 drone
2445 1 254 41 101 55 drone
2446 1 253 41 101 55 drone
2447 1 253 41 101 55 drone
2448 1 252 42 100 55 drone
2449 1 251 41 101 55 drone
2450 1 250 41 102 56 drone
2451 1 250 42 102 56 drone
2452 1 249 42 102 56 drone
2453 1 249 42 102 56 drone
2454 1 248 42 103 56 drone
2455 1 247 42 103 56 drone
2456 1 247 42 103 56 drone
2457 1 247 42 102 56 drone
2458 1 246 42 103 56 drone
2459 1 246 42 104 57 drone
2460 1 245 42 105 57 drone
2461 1 244 42 105 57 drone
2462 2 243 41 107 58 drone 660 157 50 28 drone
2463 2 244 42 104 56 drone 655 156 53 30 drone
2464 2 242 41 107 58 drone 652 157 57 28 drone
2465 2 242 42 107 58 drone 648 157 57 28 drone
2466 2 242 42 107 58 drone 644 157 67 27 drone
2467 2 242 43 107 58 drone 640 157 67 27 drone
2468 2 241 44 107 58 drone 636 157 73 26 drone
2469 2 242 44 106 57 drone 632 157 73 26 drone
2470 2 240 45 108 58 drone 628 157 72 26 drone
2471 2 240 46 108 58 drone 624 157 84 26 drone
2472 2 239 47 108 59 drone 620 157 83 26 drone
2473 2 237 48 108 59 drone 616 157 83 26 drone
2474 2 235 49 110 60 drone 613 153 92 29 drone
2475 2 232 50 111 60 drone 609 153 92 29 drone
2476 2 229 51 113 61 drone 605 153 91 29 drone
2477 2 240 56 101 58 drone 601 153 92 29 drone
2478 2 238 57 101 58 drone 597 153 92 29 drone
2479 2 239 60 100 58 drone 593 153 91 29 drone
2480 2 237 62 102 58 drone 589 153 91 29 drone
2481 2 237 65 101 58 drone 585 153 91 29 drone
2482 2 236 67 101 58 drone 581 153 91 29 drone
2483 2 235 69 102 58 drone 577 153 91 29 drone
2484 2 236 71 98 56 drone 573 153 90 28 drone
2485 2 234 72 99 57 drone 569 153 90 28 drone
2486 2 231 74 99 57 drone 565 153 90 28 drone
2487 2 229 75 100 57 drone 560 153 90 28 drone
2488 2 227 76 99 57 drone 556 154 90 28 drone
2489 2 224 77 101 58 drone 552 154 89 28 drone
2490 2 221 78 102 59 drone 548 154 89 28 drone
2491 2 236 89 84 55 drone 544 154 89 28 drone
2492 2 234 91 84 55 drone 540 154 89 28 drone
2493 2 235 94 80 52 drone 536 154 88 28 drone
2494 2 232 96 85 56 drone 531 154 88 28 drone
2495 2 230 98 85 56 drone 527 154 89 28 drone
2496 2 229 101 85 56 drone 523 154 88 28 drone
2497 2 228 103 85 56 drone 519 154 88 28 drone
2498 2 226 105 85 56 drone 514 154 88 28 drone
2499 2 224 107 85 56 drone 510 154 88 28 drone
2500 2 222 110 86 56 drone 506 154 87 27 drone
2501 2 221 112 86 56 drone 500 154 89 28 drone
2502 2 219 114 86 56 drone 497 154 86 27 drone
2503 2 217 116 86 56 drone 492 154 86 27 drone
2504 2 216 118 85 56 drone 488 154 86 27 drone
2505 2 214 120 85 56 drone 483 154 87 28 drone
2506 2 212 121 86 56 drone 478 154 86 27 drone
2507 2 210 123 86 56 drone 475 154 84 27 drone
2508 2 208 125 86 56 drone 470 154 84 27 drone
2509 2 206 127 85 56 drone 465 154 85 27 drone
2510 2 204 129 86 56 drone 460 154 85 27 drone
2511 2 201 131 86 56 drone 455 154 85 27 drone
2512 2 199 133 85 56 drone 450 154 85 27 drone
2513 2 197 135 85 56 drone 445 154 86 27 drone
2514 2 195 137 85 56 drone 440 154 86 27 drone
2515 2 192 139 85 56 drone 435 154 86 27 drone
2516 2 189 140 85 56 drone 430 154 86 27 drone
2517 2 186 142 85 56 drone 425 154 86 27 drone
2518 2 184 144 85 56 drone 420 154 85 27 drone
2519 2 181 146 85 56 drone 414 154 85 27 drone
2520 2 178 148 85 56 drone 409 154 85 27 drone
2521 2 175 149 85 56 drone 403 154 85 27 drone
2522 2 171 151 86 56 drone 398 154 85 27 drone
2523 2 168 153 86 56 drone 392 155 85 27 drone
2524 2 165 155 86 56 drone 386 155 85 27 drone
2525 2 161 156 86 56 drone 380 155 85 27 drone
2526 2 158 158 86 56 drone 375 155 85 27 drone
2527 2 155 160 86 56 drone 370 155 85 27 drone
2528 2 155 162 86 56 drone 367 155 85 27 drone
2529 2 154 163 86 56 drone 365 154 85 27 drone
2530 2 153 165 86 56 drone 362 154 85 27 drone
2531 2 153 166 86 56 drone 359 154 85 27 drone
2532 2 153 168 86 57 drone 358 154 84 27 drone
2533 2 155 169 86 57 drone 357 154 85 27 drone
2534 2 157 171 87 57 drone 356 154 84 27 drone
2535 2 158 172 87 57 drone 356 154 84 27 drone
2536 2 159 174 87 57 drone 355 154 85 27 drone
2537 2 161 175 87 57 drone 355 154 84 27 drone
2538 2 163 177 87 57 drone 354 153 85 27 drone
2539 2 165 178 87 57 drone 354 153 84 27 drone
2540 2 167 179 87 57 drone 354 153 85 27 drone
2541 2 168 181 87 57 drone 353 153 84 27 drone
2542 2 170 182 87 57 drone 353 153 85 27 drone
2543 2 172 184 86 56 drone 353 153 85 27 drone
2544 2 174 185 86 56 drone 353 153 85 27 drone
2545 2 176 187 86 56 drone 352 153 85 27 drone
2546 2 178 188 86 56 drone 352 153 85 27 drone
2547 2 180 189 86 56 drone 352 152 85 27 drone
2548 2 182 191 86 56 drone 352 152 85 27 drone
2549 2 184 192 86 56 drone 352 152 85 27 drone
2550 2 186 194 86 56 drone 352 152 84 27 drone
2551 2 188 195 85 56 drone 352 152 85 27 drone
2552 2 190 197 85 56 drone 351 152 85 27 drone
2553 2 192 198 85 56 drone 352 152 85 27 drone
2554 2 194 199 85 56 drone 351 152 85 27 drone
2555 2 196 201 85 55 drone 351 152 85 27 drone
2556 2 198 202 85 55 drone 351 152 84 27 drone
2557 2 200 204 84 55 drone 352 152 84 27 drone
2558 2 202 205 84 55 drone 351 151 84 27 drone
2559 2 204 206 84 55 drone 352 151 84 26 drone
2560 2 206 208 84 55 drone 351 151 84 27 drone
2561 2 208 209 84 55 drone 351 151 84 26 drone
2562 2 210 211 84 55 drone 351 151 85 27 drone
2563 2 212 212 84 55 drone 351 151 84 27 drone
2564 2 214 214 84 55 drone 351 151 85 27 drone
2565 2 216 215 83 54 drone 351 151 84 26 drone
2566 2 219 217 83 54 drone 351 152 84 26 drone
2567 2 222 219 82 54 drone 351 153 83 26 drone
2568 2 225 221 81 53 drone 351 154 82 26 drone
2569 2 228 223 80 53 drone 351 155 81 26 drone
2570 2 231 226 80 52 drone 352 157 80 25 drone
2571 2 234 228 78 51 drone 352 159 79 25 drone
2572 2 238 230 77 50 drone 352 161 78 24 drone
2573 2 241 232 76 50 drone 352 162 76 24 drone
2574 2 244 234 75 49 drone 352 164 75 24 drone
2575 2 247 236 74 48 drone 352 166 74 23 drone
2576 2 250 238 73 48 drone 352 167 73 23 drone
2577 2 251 239 73 48 drone 353 167 73 23 drone
2578 2 252 241 72 47 drone 353 167 73 23 drone
2579 2 253 242 72 47 drone 352 167 73 23 drone
2580 2 255 243 72 47 drone 353 167 73 23 drone
2581 2 256 244 72 47 drone 352 167 73 23 drone
2582 2 257 246 72 47 drone 352 167 73 23 drone
2583 2 258 247 72 47 drone 352 167 73 23 drone
2584 2 259 248 72 47 drone 353 167 73 23 drone
2585 2 260 249 72 47 drone 352 167 73 23 drone
2586 2 260 250 72 47 drone 352 167 73 23 drone
2587 2 261 252 72 47 drone 352 167 73 23 drone
2588 2 262 253 72 47 drone 352 167 73 23 drone
2589 2 263 254 72 47 drone 352 167 73 23 drone
2590 2 264 255 72 47 drone 352 167 73 23 drone
2591 2 264 257 71 47 drone 352 167 73 23 drone
2592 2 265 258 71 47 drone 352 167 73 23 drone
2593 2 266 259 71 47 drone 352 167 73 23 drone
2594 2 266 260 71 47 drone 352 167 73 23 drone
2595 2 266 261 71 47 drone 352 167 73 23 drone
2596 2 267 262 71 47 drone 352 167 73 23 drone
2597 2 267 263 71 47 drone 352 167 73 23 drone
2598 2 267 265 71 47 drone 352 167 73 23 drone
2599 2 268 266 71 46 drone 352 167 73 23 drone
2600 2 268 267 71 46 drone 352 167 73 23 drone
2601 2 268 268 71 46 drone 352 167 73 23 drone
2602 2 269 269 71 46 drone 352 167 73 23 drone
2603 2 269 270 71 46 drone 352 167 73 23 drone
2604 2 269 271 70 46 drone 352 167 73 23 drone
2605 2 269 272 70 46 drone 352 167 73 23 drone
2606 2 269 274 70 46 drone 352 166 74 23 drone
2607 2 269 274 70 46 drone 352 167 73 23 drone
2608 2 269 274 70 46 drone 352 166 73 23 drone
2609 2 269 274 69 46 drone 352 167 73 23 drone
2610 2 269 274 70 46 drone 352 166 73 23 drone
2611 2 269 274 70 46 drone 353 166 73 23 drone
2612 2 269 274 70 46 drone 352 166 73 23 drone
2613 2 268 274 70 46 drone 352 165 73 23 drone
2614 2 268 274 70 46 drone 352 165 74 23 drone
2615 2 267 274 71 46 drone 352 164 75 24 drone
2616 2 266 274 72 47 drone 352 162 76 24 drone
2617 2 265 274 73 48 drone 352 161 76 24 drone
2618 2 264 274 74 48 drone 352 159 77 24 drone
2619 2 262 273 74 49 drone 352 157 79 25 drone
2620 2 261 273 75 49 drone 352 155 80 25 drone
2621 2 259 273 77 50 drone 351 153 81 26 drone
2622 2 260 273 76 60 drone 351 151 82 26 drone
2623 2 258 273 77 61 drone 351 149 83 26 drone
2624 2 257 273 78 62 drone 351 147 85 27 drone
2625 2 255 272 80 63 drone 351 144 86 27 drone
2626 2 254 272 81 64 drone 350 142 88 28 drone
2627 2 252 272 82 65 drone 350 140 90 28 drone
2628 2 250 272 83 66 drone 349 137 91 29 drone
2629 2 248 271 85 67 drone 349 135 93 29 drone
2630 2 246 271 86 68 drone 349 132 94 30 drone
2631 2 244 271 88 69 drone 348 130 96 30 drone
2632 2 242 271 89 70 drone 347 127 97 31 drone
2633 2 241 270 91 71 drone 346 124 99 31 drone
2634 2 238 270 92 73 drone 345 121 100 32 drone
2635 2 236 270 94 74 drone 344 118 102 32 drone
2636 2 234 270 95 75 drone 343 115 104 33 drone
2637 2 232 269 97 77 drone 342 112 105 33 drone
2638 2 229 269 99 78 drone 340 109 107 34 drone
2639 2 227 269 101 79 drone 338 106 109 34 drone
2640 2 225 268 102 80 drone 336 103 111 35 drone
2641 2 224 268 102 81 drone 335 102 111 35 drone
2642 2 224 268 103 81 drone 333 102 111 35 drone
2643 2 224 268 103 81 drone 331 102 111 35 drone
2644 2 224 268 103 81 drone 330 102 111 35 drone
2645 2 224 268 103 81 drone 328 102 110 35 drone
2646 2 224 268 103 81 drone 326 102 109 34 drone
2647 2 224 268 103 81 drone 324 102 109 34 drone
2648 2 224 268 103 81 drone 323 102 108 34 drone
2649 2 224 268 103 81 drone 321 102 108 34 drone
2650 2 224 268 103 81 drone 319 102 107 34 drone
2651 2 224 268 103 81 drone 317 102 106 34 drone
2652 2 224 268 103 81 drone 315 103 106 33 drone
2653 2 224 268 103 81 drone 313 103 105 33 drone
2654 2 224 268 103 81 drone 311 103 104 33 drone
2655 2 224 268 102 81 drone 308 103 103 33 drone
2656 2 224 268 102 81 drone 306 103 102 32 drone
2657 2 224 268 102 81 drone 304 104 102 32 drone
2658 2 224 268 102 81 drone 302 104 101 32 drone
2659 2 224 268 102 81 drone 300 104 99 31 drone
2660 2 224 268 102 81 drone 298 104 98 31 drone
2661 2 224 268 102 81 drone 296 104 97 31 drone
2662 2 224 268 103 81 drone 293 104 96 30 drone
2663 2 224 268 102 81 drone 291 105 95 30 drone
2664 2 224 268 102 81 drone 289 105 95 30 drone
2665 2 224 268 102 81 drone 287 105 94 30 drone
2666 2 224 268 103 81 drone 284 105 94 30 drone
2667 2 224 268 103 81 drone 282 105 93 29 drone
2668 2 224 268 103 81 drone 279 105 92 29 drone
2669 2 224 268 103 81 drone 277 105 91 29 drone
2670 2 224 268 103 81 drone 274 106 90 28 drone
2671 2 224 268 103 81 drone 272 106 89 28 drone
2672 2 224 268 103 81 drone 270 106 88 28 drone
2673 2 224 268 102 81 drone 267 106 87 28 drone
2674 2 224 268 103 81 drone 244 107 107 40 drone
2675 2 224 268 103 81 drone 241 107 107 40 drone
2676 2 224 268 103 81 drone 239 107 106 40 drone
2677 2 224 268 102 81 drone 237 108 106 39 drone
2678 2 224 268 103 81 drone 234 108 105 39 drone
2679 2 224 268 103 81 drone 232 109 103 39 drone
2680 2 224 268 103 81 drone 230 109 102 38 drone
2681 2 224 267 103 81 drone 227 109 102 38 drone
2682 2 224 267 103 81 drone 224 109 103 38 drone
2683 2 224 267 103 81 drone 223 110 100 37 drone
2684 2 224 267 103 81 drone 221 110 99 37 drone
2685 2 224 267 103 81 drone 218 110 100 37 drone
2686 2 224 267 103 81 drone 214 110 104 39 drone
2687 2 224 267 103 81 drone 207 107 117 44 drone
2688 2 224 267 103 81 drone 204 103 109 46 drone
2689 2 224 267 103 81 drone 202 103 108 46 drone
2690 2 224 267 103 81 drone 200 104 107 45 drone
2691 2 224 267 103 81 drone 198 104 107 45 drone
2692 2 225 267 103 81 drone 197 104 105 44 drone
2693 2 225 267 102 81 drone 193 104 106 45 drone
2694 2 225 267 102 81 drone 192 105 105 44 drone
2695 2 227 268 101 80 drone 193 107 102 43 drone
2696 2 228 267 101 80 drone 193 109 99 42 drone
2697 2 229 267 100 79 drone 193 112 97 41 drone
2698 2 231 268 98 78 drone 193 114 95 40 drone
2699 2 233 268 97 77 drone 194 117 94 40 drone
2700 2 236 269 95 75 drone 196 120 91 38 drone
2701 2 239 269 94 74 drone 184 119 107 43 drone
2702 2 242 269 92 73 drone 187 122 105 42 drone
2703 2 247 269 91 72 drone 190 125 103 41 drone
2704 2 252 269 89 70 drone 195 128 100 40 drone
2705 2 257 269 88 69 drone 199 131 99 40 drone
2706 2 263 269 86 68 drone 203 134 96 39 drone
2707 2 267 270 85 67 drone 207 137 94 38 drone
2708 2 272 270 83 66 drone 212 140 92 37 drone
2709 2 276 270 82 65 drone 215 142 91 37 drone
2710 2 281 270 81 64 drone 220 145 87 35 drone
2711 2 285 270 79 63 drone 224 147 86 34 drone
2712 2 289 270 78 62 drone 227 150 84 34 drone
2713 2 293 271 77 61 drone 231 152 83 33 drone
2714 2 297 271 76 60 drone 234 154 82 33 drone
2715 2 301 271 75 59 drone 237 156 81 32 drone
2716 2 304 271 73 58 drone 241 158 80 32 drone
2717 2 308 271 72 57 drone 244 160 79 32 drone
2718 2 311 271 71 56 drone 247 163 78 31 drone
2719 2 314 271 70 55 drone 250 165 77 31 drone
2720 2 318 271 69 55 drone 252 166 76 31 drone
2721 2 321 272 68 54 drone 255 168 75 30 drone
2722 2 324 272 67 53 drone 258 170 74 30 drone
2723 2 327 272 66 52 drone 260 172 74 30 drone
2724 2 329 272 65 51 drone 262 174 73 29 drone
2725 2 332 272 64 51 drone 265 176 72 29 drone
2726 2 335 272 63 50 drone 266 177 72 29 drone
2727 2 337 272 63 49 drone 268 178 74 30 drone
2728 2 339 272 62 49 drone 270 180 73 29 drone
2729 2 342 272 61 48 drone 270 181 75 30 drone
2730 2 344 273 60 47 drone 273 183 73 29 drone
2731 2 347 273 59 47 drone 273 184 75 30 drone
2732 2 349 273 58 46 drone 274 186 74 30 drone
2733 2 351 273 58 46 drone 277 188 70 28 drone
2734 2 353 273 57 45 drone 279 189 69 28 drone
2735 2 355 273 56 44 drone 280 191 69 28 drone
2736 2 356 273 55 44 drone 281 192 68 27 drone
2737 2 358 273 55 43 drone 282 194 68 27 drone
2738 2 360 274 54 43 drone 283 195 68 27 drone
2739 2 362 274 53 42 drone 284 196 67 27 drone
2740 2 364 274 53 42 drone 285 198 67 27 drone
