0 1 957 634 71 30 drone
1 1 953 635 71 30 drone
2 1 946 635 71 30 drone
3 1 942 639 71 30 drone
4 1 939 642 71 30 drone
5 1 937 644 71 30 drone
6 1 934 644 71 30 drone
7 1 929 646 71 30 drone
8 1 928 649 68 29 drone
9 1 922 650 68 29 drone
10 1 921 652 68 29 drone
11 1 914 654 68 29 drone
12 1 911 656 68 29 drone
13 1 907 661 68 29 drone
14 1 905 663 68 29 drone
15 1 899 663 68 29 drone
16 1 894 662 68 29 drone
17 1 889 664 71 30 drone
18 1 885 669 68 29 drone
19 1 884 671 64 27 drone
20 1 883 673 64 27 drone
21 1 877 672 68 29 drone
22 1 875 672 68 29 drone
23 1 875 676 64 27 drone
24 1 873 680 64 27 drone
25 1 873 682 64 27 drone
26 1 872 680 64 27 drone
27 1 873 682 64 27 drone
28 1 880 683 64 27 drone
29 1 884 682 64 27 drone
30 1 892 677 64 27 drone
31 1 896 669 64 27 drone
32 1 902 660 64 27 drone
33 1 907 655 64 27 drone
34 1 913 652 64 27 drone
35 1 918 645 64 27 drone
36 1 920 636 64 27 drone
37 1 928 630 64 27 drone
38 1 935 626 64 27 drone
39 1 939 622 64 27 drone
40 1 943 616 64 27 drone
41 1 947 610 64 27 drone
42 1 951 602 64 27 drone
43 1 956 597 64 27 drone
44 1 963 592 64 27 drone
45 1 965 586 64 27 drone
46 1 973 580 61 26 drone
47 1 976 573 61 26 drone
48 1 980 568 61 26 drone
49 1 985 563 61 26 drone
50 1 989 556 61 26 drone
51 1 994 550 61 26 drone
52 1 999 543 61 26 drone
53 1 1001 535 61 26 drone
54 1 1008 529 61 26 drone
55 1 1009 520 61 26 drone
56 1 1012 515 61 26 drone
57 1 1016 510 61 26 drone
58 1 1012 512 61 26 drone
59 1 1005 511 61 26 drone
60 1 996 510 61 26 drone
61 1 987 510 61 26 drone
62 1 980 509 61 26 drone
63 1 975 513 61 26 drone
64 1 970 514 61 26 drone
65 1 967 513 61 26 drone
66 1 960 512 61 26 drone
67 1 954 512 61 26 drone
68 1 950 515 61 26 drone
69 1 943 517 61 26 drone
70 1 938 516 61 26 drone
71 1 932 514 61 26 drone
72 1 928 516 61 26 drone
73 1 923 519 61 26 drone
74 1 918 522 61 26 drone
75 1 916 520 58 25 drone
76 1 912 519 58 25 drone
77 1 905 520 58 25 drone
78 1 900 524 58 25 drone
79 1 897 526 56 24 drone
80 1 889 525 56 24 drone
81 1 883 524 56 24 drone
82 1 873 524 56 24 drone
83 1 869 527 56 24 drone
84 1 866 528 56 24 drone
85 1 864 528 56 24 drone
86 1 858 527 56 24 drone
87 1 865 528 56 24 drone
88 1 867 529 56 24 drone
89 1 865 530 56 24 drone
90 1 868 533 58 25 drone
91 1 865 535 58 25 drone
92 1 855 531 58 25 drone
93 1 859 533 58 25 drone
94 1 866 532 58 25 drone
95 1 866 534 58 25 drone
96 1 878 535 58 25 drone
97 1 880 538 58 25 drone
98 1 884 538 58 25 drone
99 1 894 536 58 25 drone
100 1 898 537 58 25 drone
101 1 899 543 58 25 drone
102 1 917 540 55 24 drone
103 1 919 541 55 24 drone
104 1 929 539 55 24 drone
105 1 934 541 55 24 drone
106 1 941 544 55 24 drone
107 1 941 546 55 24 drone
108 1 953 545 58 25 drone
109 1 961 544 58 25 drone
110 1 964 547 58 25 drone
111 1 968 548 58 25 drone
112 1 977 551 58 25 drone
113 1 985 550 58 25 drone
114 1 987 549 58 25 drone
115 1 998 548 58 25 drone
116 1 1000 548 58 25 drone
117 1 1005 554 58 25 drone
118 1 1014 556 58 25 drone
119 1 1022 556 58 25 drone
120 1 1022 554 58 25 drone
121 1 1037 555 58 25 drone
122 1 1032 557 55 24 drone
123 1 1049 560 55 24 drone
124 1 1058 559 55 24 drone
125 1 1070 558 53 23 drone
126 1 1078 557 53 23 drone
127 1 1070 558 53 23 drone
128 1 1076 558 53 23 drone
129 1 1077 559 53 23 drone
130 1 1077 559 53 23 drone
131 1 1074 560 55 24 drone
132 1 1072 563 55 24 drone
133 1 1070 565 54 23 drone
134 1 1069 566 54 24 drone
135 1 1070 565 53 23 drone
136 1 1071 567 52 23 drone
137 1 1071 571 53 23 drone
138 1 1070 572 54 23 drone
139 1 1069 573 52 23 drone
140 1 1067 572 53 23 drone
141 1 1064 573 53 23 drone
142 1 1057 576 56 24 drone
143 1 1052 577 58 25 drone
144 1 1044 576 60 26 drone
145 1 1038 575 62 27 drone
146 1 1028 573 66 29 drone
147 1 1033 578 59 27 drone
148 1 1030 580 58 27 drone
149 1 1026 579 59 27 drone
150 1 1021 584 60 21 drone
151 1 1018 586 59 21 drone
152 1 1013 587 61 22 drone
153 1 1012 587 56 20 drone
154 1 1007 587 57 20 drone
155 1 1001 588 62 22 drone
156 1 999 590 60 21 drone
157 1 996 591 59 21 drone
158 1 991 592 57 20 drone
159 1 985 593 60 21 drone
160 1 981 596 60 21 drone
161 1 978 598 59 21 drone
162 1 978 599 58 20 drone
163 1 976 599 58 20 drone
164 1 974 598 59 21 drone
165 1 974 600 58 20 drone
166 1 973 603 57 20 drone
167 1 973 602 57 20 drone
168 1 973 597 52 18 drone
169 1 969 587 55 19 drone
170 1 968 583 53 19 drone
171 1 962 579 60 21 drone
172 1 964 578 57 20 drone
173 1 963 573 57 20 drone
174 1 960 568 58 20 drone
175 1 957 563 60 21 drone
176 1 954 562 62 22 drone
177 1 953 560 61 21 drone
178 1 951 556 55 19 drone
179 1 949 548 60 21 drone
180 1 947 544 57 20 drone
181 1 944 544 60 21 drone
182 1 942 544 60 21 drone
183 1 939 541 61 21 drone
184 1 934 533 63 22 drone
185 1 932 525 62 22 drone
186 1 929 521 62 22 drone
187 1 924 523 65 23 drone
188 1 928 521 58 20 drone
189 1 926 513 59 21 drone
190 1 925 504 58 20 drone
191 1 924 499 58 20 drone
192 1 923 498 57 20 drone
193 1 921 494 60 21 drone
194 1 920 485 59 21 drone
195 1 920 476 60 21 drone
196 1 920 472 57 20 drone
197 1 918 473 56 20 drone
198 1 913 473 56 19 drone
199 1 907 472 56 20 drone
200 1 901 470 55 19 drone
201 1 894 472 54 19 drone
202 1 888 475 53 19 drone
203 1 882 476 53 19 drone
204 1 875 473 54 19 drone
205 1 868 473 52 18 drone
206 1 861 475 52 18 drone
207 1 857 479 52 18 drone
208 1 850 481 52 18 drone
209 1 843 478 51 18 drone
210 1 834 479 51 18 drone
211 1 830 483 47 16 drone
212 1 823 484 49 17 drone
213 1 818 483 48 17 drone
214 1 810 481 49 17 drone
215 1 803 482 50 17 drone
216 1 798 485 48 17 drone
217 1 789 488 50 18 drone
218 1 782 488 51 18 drone
219 1 776 487 49 17 drone
220 1 770 487 50 17 drone
221 1 764 489 51 18 drone
222 1 758 491 51 18 drone
223 1 755 491 50 18 drone
224 1 752 490 50 18 drone
225 1 752 494 48 17 drone
226 1 749 497 49 17 drone
227 1 749 499 49 17 drone
228 1 749 498 49 17 drone
229 1 751 497 48 17 drone
230 1 752 496 44 16 drone
231 1 755 498 44 16 drone
232 1 759 501 48 17 drone
233 1 761 502 48 17 drone
234 1 761 501 49 17 drone
235 1 762 500 50 18 drone
236 1 762 501 49 17 drone
237 1 764 503 48 17 drone
238 1 764 504 48 17 drone
239 1 763 504 47 17 drone
240 1 762 504 49 17 drone
241 1 762 507 48 17 drone
242 1 762 508 48 17 drone
243 1 763 508 48 17 drone
244 1 764 507 48 17 drone
245 1 767 507 48 17 drone
246 1 768 509 49 17 drone
247 1 772 511 49 17 drone
248 1 776 510 50 18 drone
249 1 780 510 49 17 drone
250 1 784 511 46 16 drone
251 1 788 514 46 16 drone
252 1 793 515 45 16 drone
253 1 797 515 46 16 drone
254 1 798 514 50 18 drone
255 1 801 514 50 18 drone
256 1 805 515 51 18 drone
257 1 810 517 49 17 drone
258 1 811 516 55 19 drone
259 1 816 516 54 19 drone
260 1 819 516 55 19 drone
261 1 824 515 54 19 drone
262 1 835 516 48 18 drone
263 1 839 516 47 18 drone
264 1 843 518 49 18 drone
265 1 842 521 51 19 drone
266 1 846 522 51 19 drone
267 1 850 520 50 19 drone
268 1 857 518 53 20 drone
269 1 861 519 53 20 drone
270 1 865 521 52 20 drone
271 1 866 523 55 21 drone
272 1 874 522 51 22 drone
273 1 876 522 50 22 drone
274 1 881 522 52 22 drone
275 1 890 525 48 21 drone
276 1 894 525 49 21 drone
277 1 897 525 49 22 drone
278 1 900 523 53 23 drone
279 1 900 523 53 23 drone
280 1 900 523 56 25 drone
281 1 911 525 51 22 drone
282 1 916 526 48 21 drone
283 1 922 526 48 21 drone
284 1 926 527 46 20 drone
285 1 928 529 50 21 drone
286 1 933 529 50 21 drone
287 1 937 530 50 21 drone
288 1 941 529 50 21 drone
289 1 950 534 42 17 drone
290 1 954 535 40 16 drone
291 1 957 536 43 17 drone
292 1 964 534 39 16 drone
293 1 968 535 38 16 drone
294 1 971 536 39 16 drone
295 1 976 538 38 15 drone
296 1 980 539 36 14 drone
297 1 984 538 38 15 drone
298 1 986 539 36 14 drone
299 1 990 539 36 16 drone
300 1 994 540 33 14 drone
301 1 998 541 37 15 drone
302 1 999 542 37 15 drone
303 1 1005 541 37 15 drone
304 1 1006 541 40 16 drone
305 1 1008 543 45 16 drone
306 1 1009 544 46 16 drone
307 1 1017 544 40 14 drone
308 1 1022 545 37 13 drone
309 1 1026 543 39 16 drone
310 1 1030 544 38 16 drone
311 1 1035 545 40 16 drone
312 1 1038 546 40 16 drone
313 1 1043 547 40 16 drone
314 1 1045 548 39 16 drone
315 1 1049 548 42 17 drone
316 1 1052 550 40 16 drone
317 1 1054 550 44 18 drone
318 1 1061 553 44 18 drone
319 1 1061 555 44 18 drone
320 1 1067 552 44 18 drone
321 1 1067 555 44 18 drone
322 1 1078 554 46 19 drone
323 1 1082 556 37 18 drone
324 1 1093 555 37 18 drone
325 1 1092 556 39 19 drone
326 1 1093 557 39 19 drone
327 1 1095 557 39 19 drone
328 1 1098 556 41 20 drone
329 1 1107 560 41 20 drone
330 1 1109 561 43 21 drone
331 1 1108 558 45 22 drone
332 1 1115 560 45 22 drone
333 1 1114 558 47 23 drone
334 1 1127 558 37 23 drone
335 1 1128 564 37 23 drone
336 1 1133 560 39 24 drone
337 1 1129 564 39 24 drone
338 1 1141 563 41 17 drone
339 1 1142 566 39 16 drone
340 1 1144 568 48 15 drone
341 1 1142 568 48 15 drone
342 1 1156 569 45 13 drone
343 1 1153 570 45 13 drone
344 1 1164 570 45 13 drone
345 1 1163 571 45 13 drone
346 1 1166 572 49 13 drone
347 1 1165 574 49 13 drone
348 1 1182 575 37 14 drone
349 1 1188 575 39 15 drone
350 1 1192 576 46 14 drone
351 1 1198 577 46 14 drone
352 1 1200 578 46 14 drone
353 1 1202 577 46 14 drone
354 1 1201 578 46 14 drone
355 1 1205 578 46 14 drone
356 1 1207 579 46 14 drone
357 1 1213 576 47 19 drone
358 1 1214 579 47 19 drone
359 1 1214 579 49 20 drone
360 1 1229 579 45 17 drone
361 1 1231 580 45 17 drone
362 1 1231 580 45 17 drone
363 1 1235 579 45 17 drone
364 1 1243 586 45 17 drone
365 1 1251 587 45 17 drone
366 1 1254 589 43 16 drone
367 1 1257 585 45 17 drone
368 1 1259 586 45 17 drone
369 1 1265 590 43 13 drone
370 1 1273 591 41 12 drone
371 1 1282 587 39 17 drone
372 1 1284 591 39 17 drone
373 1 1285 589 37 16 drone
374 1 1291 590 37 16 drone
375 1 1292 588 37 16 drone
376 1 1298 591 35 15 drone
377 1 1296 595 35 15 drone
378 1 1299 596 35 15 drone
379 1 1303 597 35 15 drone
380 1 1308 601 35 15 drone
381 1 1309 604 35 15 drone
382 1 1313 607 35 15 drone
383 1 1317 609 35 15 drone
384 1 1316 610 34 15 drone
385 1 1318 611 41 15 drone
386 1 1322 613 39 14 drone
387 1 1323 615 41 15 drone
388 1 1324 616 41 15 drone
389 1 1313 615 43 16 drone
390 1 1283 619 41 15 drone
391 1 1248 618 43 16 drone
392 1 1242 620 43 16 drone
393 1 1239 622 45 17 drone
394 1 1243 621 38 17 drone
395 1 1241 621 38 17 drone
396 1 1237 622 40 18 drone
397 1 1235 625 40 15 drone
398 1 1230 627 38 14 drone
399 1 1222 626 36 14 drone
400 1 1218 626 36 14 drone
401 1 1215 627 36 14 drone
402 1 1209 628 36 14 drone
403 1 1202 630 38 14 drone
404 1 1199 628 36 17 drone
405 1 1198 632 36 17 drone
406 1 1192 625 36 17 drone
407 1 1187 627 36 17 drone
408 1 1181 628 38 18 drone
409 1 1174 630 38 18 drone
410 1 1167 630 38 18 drone
411 1 1162 632 38 18 drone
412 1 1154 633 38 18 drone
413 1 1147 632 38 18 drone
414 1 1141 633 36 17 drone
415 1 1141 634 34 16 drone
416 1 1141 635 34 16 drone
417 1 1136 635 34 16 drone
418 1 1132 634 34 16 drone
419 1 1125 637 36 17 drone
420 1 1128 640 40 16 drone
421 1 1125 640 40 16 drone
422 1 1126 641 38 15 drone
423 1 1126 641 38 15 drone
424 1 1126 640 38 15 drone
425 1 1128 643 38 15 drone
426 1 1132 647 38 15 drone
427 1 1133 648 36 14 drone
428 1 1134 646 36 14 drone
429 1 1134 646 36 14 drone
430 1 1141 645 36 14 drone
431 1 1137 647 38 15 drone
432 1 1144 647 40 15 drone
433 1 1147 646 38 14 drone
434 1 1150 646 38 14 drone
435 1 1158 649 38 14 drone
436 1 1161 654 38 14 drone
437 1 1163 650 38 14 drone
438 1 1163 650 38 14 drone
439 1 1166 649 38 14 drone
440 1 1173 650 38 14 drone
441 1 1179 653 36 13 drone
442 1 1180 651 34 13 drone
443 1 1183 648 34 13 drone
444 1 1186 646 34 13 drone
445 1 1193 645 34 13 drone
446 1 1192 642 34 13 drone
447 1 1195 633 36 14 drone
448 1 1197 624 36 14 drone
449 1 1198 619 36 14 drone
450 1 1198 620 36 14 drone
451 1 1209 620 36 14 drone
452 1 1211 615 36 14 drone
453 1 1207 604 38 15 drone
454 1 1208 598 38 15 drone
455 1 1213 595 38 15 drone
456 1 1218 596 38 15 drone
457 1 1214 594 38 15 drone
458 1 1220 583 38 15 drone
459 1 1216 571 38 15 drone
460 1 1229 565 36 14 drone
461 1 1230 570 36 14 drone
462 1 1230 572 36 14 drone
463 1 1225 566 34 13 drone
464 1 1242 556 34 13 drone
465 1 1249 554 34 13 drone
466 1 1244 553 40 16 drone
467 1 1246 557 40 16 drone
468 1 1245 554 40 16 drone
469 1 1236 545 42 17 drone
470 1 1235 534 39 16 drone
471 1 1229 537 39 16 drone
472 1 1224 535 37 15 drone
473 1 1215 538 37 15 drone
474 1 1210 535 35 14 drone
475 1 1198 526 35 14 drone
476 1 1193 526 43 15 drone
477 1 1184 534 43 15 drone
478 1 1193 534 40 15 drone
479 1 1192 531 34 16 drone
480 1 1187 528 34 14 drone
481 1 1185 522 34 14 drone
482 1 1179 527 34 14 drone
483 1 1176 535 36 15 drone
484 1 1170 535 34 14 drone
485 1 1166 533 34 14 drone
486 1 1155 527 32 13 drone
487 1 1143 531 32 13 drone
488 1 1137 537 32 13 drone
489 1 1131 541 32 13 drone
490 1 1133 537 31 13 drone
491 1 1125 531 31 13 drone
492 1 1116 532 31 13 drone
493 1 1104 538 31 13 drone
494 1 1093 537 32 13 drone
495 1 1084 532 31 13 drone
496 1 1098 531 31 13 drone
497 1 1097 536 31 13 drone
498 1 1087 542 31 13 drone
499 1 1073 541 33 14 drone
500 1 1065 538 31 13 drone
501 1 1057 533 31 13 drone
502 1 1047 535 31 13 drone
503 1 1040 538 31 13 drone
504 1 1033 541 31 13 drone
505 1 1031 540 30 12 drone
506 1 1027 541 30 12 drone
507 1 1017 541 31 16 drone
508 1 1005 541 33 17 drone
509 1 1001 541 40 16 drone
510 1 991 539 38 15 drone
511 1 984 539 38 15 drone
512 1 973 545 40 16 drone
513 1 975 550 35 13 drone
514 1 968 548 37 14 drone
515 1 965 546 35 13 drone
516 1 959 547 33 12 drone
517 1 951 546 33 12 drone
518 1 944 548 33 12 drone
519 1 939 548 33 12 drone
520 1 935 546 33 12 drone
521 1 928 546 35 13 drone
522 1 923 549 35 13 drone
523 1 920 552 35 13 drone
524 1 925 554 33 12 drone
525 1 926 559 33 12 drone
526 1 925 557 33 12 drone
527 1 923 554 33 12 drone
528 1 925 554 33 12 drone
529 1 926 558 32 12 drone
530 1 930 560 32 12 drone
531 1 933 557 32 12 drone
532 1 937 555 30 11 drone
533 1 934 556 30 11 drone
534 1 933 560 30 11 drone
535 1 937 564 30 11 drone
536 1 938 559 32 12 drone
537 1 937 557 33 12 drone
538 1 938 561 33 12 drone
539 1 940 565 33 12 drone
540 1 947 562 36 13 drone
541 1 951 556 34 12 drone
542 1 952 553 33 12 drone
543 1 954 556 33 12 drone
544 1 959 560 34 12 drone
545 1 962 560 34 12 drone
546 1 962 554 36 13 drone
547 1 964 551 36 13 drone
548 1 965 554 36 13 drone
549 1 966 560 36 13 drone
550 1 968 562 36 13 drone
551 1 971 558 36 13 drone
552 1 970 558 36 13 drone
553 1 972 561 36 13 drone
554 1 979 563 34 12 drone
555 1 982 561 34 12 drone
556 1 980 560 34 12 drone
557 1 981 560 34 12 drone
558 1 986 560 37 15 drone
559 1 986 562 37 15 drone
560 1 991 562 37 15 drone
561 1 995 560 35 14 drone
562 1 994 559 35 14 drone
563 1 998 559 35 14 drone
564 1 999 561 35 14 drone
565 1 999 564 35 14 drone
566 1 1005 564 33 13 drone
567 1 1004 562 33 13 drone
568 1 1005 562 33 13 drone
569 1 1015 564 33 13 drone
570 1 1014 566 35 14 drone
571 1 1018 566 35 14 drone
572 1 1019 567 35 14 drone
573 1 1020 568 35 14 drone
574 1 1024 569 33 13 drone
575 1 1033 571 34 13 drone
576 1 1033 574 34 13 drone
577 1 1037 578 38 14 drone
578 1 1040 583 40 15 drone
579 1 1041 582 42 15 drone
580 1 1051 580 40 19 drone
581 1 1052 582 38 18 drone
582 1 1059 585 38 18 drone
583 1 1060 587 38 18 drone
584 1 1059 585 38 18 drone
585 1 1066 579 38 18 drone
586 1 1066 578 38 18 drone
587 1 1067 583 40 19 drone
588 1 1063 586 40 19 drone
589 1 1076 585 38 18 drone
590 1 1078 583 38 18 drone
591 1 1077 580 38 18 drone
592 1 1084 585 38 18 drone
593 1 1085 585 40 19 drone
594 1 1088 584 40 19 drone
595 1 1089 582 39 16 drone
596 1 1094 584 37 15 drone
597 1 1096 588 37 15 drone
598 1 1098 589 37 15 drone
599 1 1100 588 37 15 drone
600 1 1100 584 37 15 drone
601 1 1099 583 39 16 drone
602 1 1110 586 39 16 drone
603 1 1110 589 39 16 drone
604 1 1110 591 39 16 drone
605 1 1114 590 37 15 drone
606 1 1115 588 37 15 drone
607 1 1116 589 39 16 drone
608 1 1116 592 39 16 drone
609 1 1126 595 37 15 drone
610 1 1126 594 37 15 drone
611 1 1129 592 39 16 drone
612 1 1134 594 39 16 drone
613 1 1140 596 39 16 drone
614 1 1137 599 39 16 drone
615 1 1138 601 39 16 drone
616 1 1144 601 39 16 drone
617 1 1149 605 36 16 drone
618 1 1153 610 36 16 drone
619 1 1152 612 36 16 drone
620 1 1157 615 34 15 drone
621 1 1156 615 34 15 drone
622 1 1158 617 34 15 drone
623 1 1156 623 34 15 drone
624 1 1158 624 34 15 drone
625 1 1160 622 32 14 drone
626 1 1166 621 32 14 drone
627 1 1168 623 32 14 drone
628 1 1163 624 30 13 drone
629 1 1160 625 30 13 drone
630 1 1137 625 32 14 drone
631 1 1105 624 27 15 drone
632 1 1093 625 27 15 drone
633 1 1086 625 27 15 drone
634 1 1082 627 27 15 drone
635 1 1078 629 27 15 drone
636 1 1076 629 27 15 drone
637 1 1080 631 26 14 drone
638 1 1075 630 26 14 drone
639 1 1067 630 34 16 drone
640 1 1064 634 34 16 drone
641 1 1062 635 34 16 drone
642 1 1057 634 36 17 drone
643 1 1056 632 36 17 drone
644 1 1054 631 36 17 drone
645 1 1054 635 36 17 drone
646 1 1058 635 34 16 drone
647 1 1058 634 34 16 drone
648 1 1059 636 34 16 drone
649 1 1060 633 34 16 drone
650 1 1065 634 36 17 drone
651 1 1066 635 36 17 drone
652 1 1071 634 36 17 drone
653 1 1071 632 36 17 drone
654 1 1076 634 36 17 drone
655 1 1080 633 38 19 drone
656 1 1081 636 38 19 drone
657 1 1080 633 44 21 drone
658 1 1080 631 44 21 drone
659 1 1083 630 44 21 drone
660 1 1085 631 44 21 drone
661 1 1083 632 44 21 drone
662 1 1090 632 40 23 drone
663 1 1087 632 40 23 drone
664 1 1093 629 42 24 drone
665 1 1093 631 42 24 drone
666 1 1090 632 42 24 drone
667 1 1089 633 44 25 drone
668 1 1096 633 46 26 drone
669 1 1091 632 46 26 drone
670 1 1098 630 46 26 drone
671 1 1097 631 39 26 drone
672 1 1089 634 37 25 drone
673 1 1077 633 42 26 drone
674 1 1055 634 42 26 drone
675 1 1038 633 44 27 drone
676 1 1021 635 44 27 drone
677 1 1007 637 44 27 drone
678 1 998 636 42 26 drone
679 1 988 634 42 26 drone
680 1 981 633 46 24 drone
681 1 972 633 46 24 drone
682 1 958 638 46 24 drone
683 1 947 636 48 25 drone
684 1 938 636 48 25 drone
685 1 927 636 46 24 drone
686 1 922 639 44 23 drone
687 1 915 642 44 23 drone
688 1 904 638 44 23 drone
689 1 900 638 44 23 drone
690 1 894 635 44 23 drone
691 1 895 639 42 22 drone
692 1 892 636 44 23 drone
693 1 891 637 44 23 drone
694 1 892 637 44 23 drone
695 1 889 639 42 22 drone
696 1 891 640 42 22 drone
697 1 887 639 42 22 drone
698 1 890 641 42 22 drone
699 1 886 638 44 23 drone
700 1 890 641 44 23 drone
701 1 885 639 44 23 drone
702 1 886 638 44 23 drone
703 1 885 634 44 23 drone
704 1 884 637 46 21 drone
705 1 886 639 46 21 drone
706 1 884 639 48 22 drone
707 1 886 638 48 22 drone
708 1 886 639 48 22 drone
709 1 886 641 48 22 drone
710 1 885 641 46 20 drone
711 1 886 642 46 20 drone
712 1 887 644 46 20 drone
713 1 886 644 46 20 drone
714 1 889 646 46 20 drone
715 1 887 645 46 20 drone
716 1 890 639 46 20 drone
717 1 890 633 46 20 drone
718 1 888 631 46 20 drone
719 1 893 637 46 20 drone
720 1 889 641 44 19 drone
721 1 890 639 44 19 drone
722 1 896 635 44 19 drone
723 1 894 630 44 19 drone
724 1 894 634 44 19 drone
725 1 894 639 44 19 drone
726 1 893 632 44 19 drone
727 1 897 630 44 19 drone
728 1 899 628 44 19 drone
729 1 898 636 46 20 drone
730 1 898 637 46 20 drone
731 1 900 629 46 20 drone
732 1 902 623 46 20 drone
733 1 903 626 46 20 drone
734 1 904 632 46 20 drone
735 1 906 631 49 20 drone
736 1 903 625 49 20 drone
737 1 906 617 51 21 drone
738 1 907 618 51 21 drone
739 1 903 622 54 22 drone
740 1 926 623 36 20 drone
741 1 928 620 36 20 drone
742 1 932 615 34 19 drone
743 1 935 613 36 23 drone
744 1 941 620 36 23 drone
745 1 942 628 36 23 drone
746 1 946 626 36 23 drone
747 1 947 623 38 21 drone
748 1 949 621 38 21 drone
749 1 954 624 40 22 drone
750 1 960 627 43 25 drone
751 1 960 624 45 26 drone
752 1 964 618 44 26 drone
753 1 968 618 44 26 drone
754 1 973 621 44 21 drone
755 1 973 626 44 21 drone
756 1 978 619 46 22 drone
757 1 984 614 48 23 drone
758 1 987 611 42 18 drone
759 1 991 616 42 18 drone
760 1 996 616 43 21 drone
761 1 1000 614 45 22 drone
762 1 996 605 45 22 drone
763 1 1003 604 43 21 drone
764 1 1012 607 43 21 drone
765 1 1016 610 41 20 drone
766 1 1019 603 41 20 drone
767 1 1026 599 41 20 drone
768 1 1024 592 41 20 drone
769 1 1030 598 41 20 drone
770 1 1030 598 41 20 drone
771 1 1037 592 41 20 drone
772 1 1042 582 41 20 drone
773 1 1049 583 39 19 drone
774 1 1051 591 41 20 drone
775 1 1051 587 43 21 drone
776 1 1050 581 43 21 drone
777 1 1055 570 43 21 drone
778 1 1058 569 43 21 drone
779 1 1061 573 43 21 drone
780 1 1062 577 41 20 drone
781 1 1063 567 41 20 drone
782 1 1069 557 41 20 drone
783 1 1075 557 41 20 drone
784 1 1080 561 39 19 drone
785 1 1079 559 47 19 drone
786 1 1091 555 47 19 drone
787 1 1085 544 47 19 drone
788 1 1088 544 47 19 drone
789 1 1090 547 49 20 drone
790 1 1092 545 49 20 drone
791 1 1096 539 49 20 drone
792 1 1102 532 49 20 drone
793 1 1105 534 47 19 drone
794 1 1105 537 47 19 drone
795 1 1111 537 47 19 drone
796 1 1112 532 47 19 drone
797 1 1113 525 47 19 drone
798 1 1122 526 47 19 drone
799 1 1122 531 47 19 drone
800 1 1125 529 45 18 drone
801 1 1124 518 51 21 drone
802 1 1133 516 51 21 drone
803 1 1135 519 51 21 drone
804 1 1138 523 49 20 drone
805 1 1136 520 49 20 drone
806 1 1140 514 49 20 drone
807 1 1143 507 46 19 drone
808 1 1145 507 46 19 drone
809 1 1150 510 46 19 drone
810 1 1149 509 46 19 drone
811 1 1158 504 46 19 drone
812 1 1160 501 46 19 drone
813 1 1164 500 44 18 drone
814 1 1159 504 44 18 drone
815 1 1161 504 44 18 drone
816 1 1168 495 46 19 drone
817 1 1166 493 48 20 drone
818 1 1169 489 48 20 drone
819 1 1169 488 48 20 drone
820 1 1174 486 50 21 drone
821 1 1171 486 50 21 drone
822 1 1172 492 52 22 drone
823 1 1179 487 52 22 drone
824 1 1177 488 52 22 drone
825 1 1191 483 52 22 drone
826 1 1186 483 52 22 drone
827 1 1188 478 52 22 drone
828 1 1186 481 52 21 drone
829 1 1182 481 52 21 drone
830 1 1184 477 52 21 drone
831 1 1190 477 52 21 drone
832 1 1190 481 53 18 drone
833 1 1153 484 53 18 drone
834 1 1107 484 56 19 drone
835 1 1090 472 56 19 drone
836 1 1080 471 56 19 drone
837 1 1072 478 59 14 drone
838 1 1067 481 59 14 drone
839 1 1061 474 49 20 drone
840 1 1035 472 49 20 drone
841 1 1036 467 49 20 drone
842 1 1033 472 49 20 drone
843 1 1036 472 51 21 drone
844 1 1006 468 54 22 drone
845 1 1002 462 54 22 drone
846 1 986 459 44 19 drone
847 1 977 462 44 19 drone
848 1 964 457 44 19 drone
849 1 951 455 46 20 drone
850 1 953 449 46 20 drone
851 1 943 446 46 20 drone
852 1 931 450 41 19 drone
853 1 919 449 41 19 drone
854 1 912 448 41 19 drone
855 1 891 447 43 20 drone
856 1 884 457 43 20 drone
857 1 882 445 43 20 drone
858 1 863 446 43 20 drone
859 1 864 440 39 18 drone
860 1 859 440 39 18 drone
861 1 872 440 33 14 drone
862 1 872 440 33 14 drone
863 1 870 440 39 14 drone
864 1 871 439 39 14 drone
865 1 871 443 39 14 drone
866 1 880 448 41 15 drone
867 1 886 454 39 14 drone
868 1 883 453 36 14 drone
869 1 889 457 34 13 drone
870 1 888 464 38 15 drone
871 1 892 475 40 16 drone
872 1 900 475 38 16 drone
873 1 909 477 38 16 drone
874 1 902 476 36 15 drone
875 1 899 483 38 16 drone
876 1 904 489 38 16 drone
877 1 907 497 40 17 drone
878 1 905 502 40 17 drone
879 1 909 509 38 16 drone
880 1 913 518 36 15 drone
881 1 923 531 35 15 drone
882 1 923 538 35 15 drone
883 1 924 549 37 16 drone
884 1 916 565 35 15 drone
885 1 931 573 34 15 drone
886 1 938 582 36 16 drone
887 1 938 588 36 16 drone
888 1 941 596 36 16 drone
889 1 940 604 38 17 drone
890 1 948 617 38 17 drone
891 1 949 624 38 17 drone
892 1 945 635 38 17 drone
893 1 950 647 38 17 drone
894 1 954 649 38 17 drone
895 1 955 659 38 17 drone
896 1 960 669 40 18 drone
897 1 963 673 40 18 drone
898 1 962 679 40 18 drone
899 1 965 684 40 18 drone
900 1 964 687 40 18 drone
901 1 980 690 32 17 drone
902 1 983 695 32 17 drone
903 1 984 699 34 18 drone
904 1 990 702 34 18 drone
905 1 987 698 34 18 drone
906 1 992 701 34 18 drone
907 1 992 710 34 18 drone
908 1 986 707 32 17 drone
909 1 972 705 32 17 drone
910 1 961 703 32 17 drone
911 1 942 703 32 17 drone
912 1 933 705 32 17 drone
913 1 920 707 32 17 drone
914 1 894 707 32 17 drone
915 1 902 702 34 18 drone
916 1 889 702 34 18 drone
917 1 876 704 34 18 drone
918 1 872 697 32 17 drone
919 1 855 699 32 17 drone
920 1 860 689 29 16 drone
921 1 854 689 29 16 drone
922 1 848 690 29 16 drone
923 1 839 690 29 16 drone
924 1 836 688 29 16 drone
925 1 834 684 29 16 drone
926 1 823 682 29 16 drone
927 1 812 680 29 16 drone
928 1 809 682 29 16 drone
929 1 795 679 29 16 drone
930 1 790 679 29 16 drone
931 1 778 672 28 15 drone
932 1 776 674 27 14 drone
933 1 776 677 25 14 drone
934 1 775 673 27 16 drone
935 1 774 669 27 16 drone
936 1 774 668 27 16 drone
937 1 776 667 26 15 drone
938 1 778 668 26 15 drone
939 1 782 668 27 16 drone
940 1 781 660 26 14 drone
941 1 783 660 26 14 drone
942 1 783 657 26 14 drone
943 1 785 659 26 14 drone
944 1 790 654 26 14 drone
945 1 790 648 25 13 drone
946 1 790 652 25 13 drone
947 1 794 653 25 13 drone
948 1 790 651 25 13 drone
949 1 795 645 25 13 drone
950 1 801 641 25 13 drone
951 1 802 641 25 13 drone
952 1 809 640 25 14 drone
953 1 811 639 25 14 drone
954 1 816 634 25 14 drone
955 1 815 634 25 14 drone
956 1 824 633 25 14 drone
957 1 820 635 36 14 drone
958 1 822 635 36 14 drone
959 1 823 629 36 14 drone
960 1 827 630 34 13 drone
961 1 829 632 34 11 drone
962 1 830 632 34 11 drone
963 1 833 625 33 15 drone
964 1 835 625 33 15 drone
965 1 832 619 34 15 drone
966 1 839 622 34 15 drone
967 1 843 621 34 15 drone
968 1 847 615 34 15 drone
969 1 848 614 34 15 drone
970 1 850 612 34 15 drone
971 1 857 615 34 15 drone
972 1 859 611 34 15 drone
973 1 861 606 34 15 drone
974 1 862 602 34 15 drone
975 1 869 604 33 13 drone
976 1 868 607 33 13 drone
977 1 869 604 33 14 drone
978 1 870 599 35 15 drone
979 1 871 597 33 14 drone
980 1 878 598 33 14 drone
981 1 877 602 35 15 drone
982 1 879 600 35 15 drone
983 1 885 587 34 10 drone
984 1 885 585 34 10 drone
985 1 892 585 28 13 drone
986 1 900 589 27 12 drone
987 1 898 584 31 12 drone
988 1 899 580 31 12 drone
989 1 904 574 28 10 drone
990 1 910 574 28 10 drone
991 1 910 573 24 14 drone
992 1 911 575 24 14 drone
993 1 911 569 24 14 drone
994 1 910 562 30 14 drone
995 1 912 562 30 14 drone
996 1 916 566 30 14 drone
997 1 917 566 31 15 drone
998 1 916 560 30 14 drone
999 1 918 555 31 15 drone
1000 1 916 551 31 15 drone
1001 1 923 554 31 15 drone
1002 1 913 553 33 16 drone
1003 1 892 548 33 16 drone
1004 1 849 543 31 15 drone
1005 1 802 546 31 15 drone
1006 1 787 549 31 15 drone
1007 1 778 551 31 15 drone
1008 1 751 545 33 16 drone
1009 1 721 540 33 16 drone
1010 1 710 542 31 15 drone
1011 1 667 542 31 15 drone
1012 1 645 541 31 15 drone
1013 1 625 535 31 15 drone
1014 1 593 531 31 13 drone
1015 1 570 530 33 14 drone
1016 1 551 531 33 14 drone
1017 1 535 531 33 14 drone
1018 1 509 523 35 15 drone
1019 1 487 520 33 14 drone
1020 1 465 521 33 14 drone
1021 1 440 524 33 14 drone
1022 1 430 521 31 14 drone
1023 1 411 517 31 14 drone
1024 1 405 515 31 14 drone
1025 1 401 518 31 14 drone
1026 1 392 517 31 14 drone
1027 1 385 512 33 15 drone
1028 1 379 508 33 15 drone
1029 1 380 503 33 15 drone
1030 1 379 507 33 15 drone
1031 1 378 510 33 15 drone
1032 1 382 502 33 15 drone
1033 1 384 497 33 15 drone
1034 1 386 496 33 15 drone
1035 1 389 498 31 14 drone
1036 1 395 499 31 14 drone
1037 1 395 496 31 14 drone
1038 1 395 490 33 15 drone
1039 1 398 484 35 16 drone
1040 1 399 488 35 16 drone
1041 1 399 491 35 16 drone
1042 1 406 488 33 15 drone
1043 1 407 486 33 15 drone
1044 1 407 481 33 14 drone
1045 1 410 482 33 14 drone
1046 1 415 478 33 14 drone
1047 1 414 474 33 14 drone
1048 1 417 473 35 15 drone
1049 1 414 473 35 15 drone
1050 1 420 473 37 16 drone
1051 1 420 472 37 16 drone
1052 1 421 467 37 16 drone
1053 1 422 466 37 16 drone
1054 1 422 467 37 16 drone
1055 1 429 467 37 16 drone
1056 1 439 468 37 16 drone
1057 1 437 460 39 17 drone
1058 1 438 460 39 17 drone
1059 1 445 457 34 16 drone
1060 1 445 456 36 17 drone
1061 1 448 453 36 17 drone
1062 1 453 451 36 17 drone
1063 1 449 450 36 17 drone
1064 1 457 453 33 14 drone
1065 1 461 449 33 14 drone
1066 1 463 442 35 15 drone
1067 1 464 442 35 15 drone
1068 1 468 445 35 15 drone
1069 1 469 447 35 15 drone
1070 1 470 443 37 16 drone
1071 1 470 438 37 16 drone
1072 1 472 437 37 16 drone
1073 1 473 440 37 16 drone
1074 1 476 444 37 16 drone
1075 1 477 464 35 15 drone
1076 1 484 487 33 14 drone
1077 1 481 509 35 15 drone
1078 1 480 532 35 15 drone
1079 1 488 551 35 15 drone
1080 1 487 568 37 16 drone
1081 1 487 581 37 16 drone
1082 1 490 601 37 16 drone
1083 1 494 620 35 15 drone
1084 1 497 638 33 14 drone
1085 1 501 651 33 14 drone
1086 1 500 658 35 15 drone
1087 1 498 672 35 15 drone
1088 1 504 683 35 15 drone
1089 1 503 697 37 16 drone
1090 1 504 706 35 15 drone
1091 1 506 707 35 15 drone
1092 1 507 709 33 14 drone
1093 1 507 713 33 14 drone
1094 1 510 716 33 14 drone
1095 1 516 720 33 14 drone
1096 1 517 721 33 14 drone
1097 1 521 719 33 14 drone
1098 1 524 721 33 14 drone
1099 1 526 716 35 15 drone
1100 1 526 718 35 15 drone
1101 1 527 715 35 15 drone
1102 1 531 713 35 15 drone
1103 1 532 710 35 15 drone
1104 1 532 711 33 14 drone
1105 1 534 712 33 14 drone
1106 1 534 712 33 14 drone
1107 1 537 707 33 14 drone
1108 1 539 704 33 14 drone
1109 1 541 701 35 15 drone
1110 1 542 702 35 15 drone
1111 1 545 702 35 15 drone
1112 1 546 697 35 15 drone
1113 1 550 698 29 13 drone
1114 1 557 697 29 13 drone
1115 1 565 696 30 14 drone
1116 1 555 692 30 14 drone
1117 1 554 693 30 14 drone
1118 1 563 688 30 14 drone
1119 1 566 684 28 12 drone
1120 1 566 684 28 12 drone
1121 1 567 682 28 12 drone
1122 1 569 679 29 13 drone
1123 1 572 681 25 13 drone
1124 1 575 681 25 13 drone
1125 1 569 672 25 13 drone
1126 1 569 673 25 13 drone
1127 1 576 672 25 13 drone
1128 1 578 675 25 13 drone
1129 1 580 665 25 13 drone
1130 1 588 662 25 13 drone
1131 1 589 661 26 14 drone
1132 1 590 661 26 14 drone
1133 1 588 661 25 13 drone
1134 1 591 660 25 13 drone
1135 1 590 678 25 13 drone
1136 1 599 655 26 14 drone
1137 1 603 655 26 14 drone
1138 1 605 652 26 14 drone
1139 1 604 654 26 14 drone
1140 1 605 649 26 14 drone
1141 1 605 650 26 14 drone
1142 1 610 646 26 14 drone
1143 1 608 648 26 14 drone
1144 1 613 644 26 14 drone
1145 1 610 647 26 14 drone
1146 1 613 641 27 15 drone
1147 1 618 637 27 15 drone
1148 1 618 635 27 15 drone
1149 1 628 638 19 11 drone
1150 1 631 636 19 11 drone
1151 1 632 637 19 11 drone
1152 1 633 634 20 12 drone
1153 1 637 633 20 12 drone
1154 1 638 632 20 12 drone
1155 1 641 630 19 11 drone
1156 1 647 630 19 11 drone
1157 1 646 628 16 11 drone
1158 1 649 627 17 12 drone
1159 1 651 625 17 12 drone
1160 1 653 622 16 11 drone
1161 1 652 620 16 12 drone
1162 1 654 620 16 12 drone
1163 1 657 620 17 13 drone
1164 1 657 618 17 14 drone
1165 1 658 618 17 14 drone
1166 1 658 616 16 14 drone
1167 1 659 617 16 14 drone
1168 1 659 616 16 14 drone
1169 1 658 617 18 14 drone
1170 1 658 619 18 14 drone
1171 1 666 600 18 14 drone
1172 1 666 601 18 14 drone
1173 1 676 598 19 15 drone
1174 1 676 598 20 16 drone
1175 1 676 597 20 16 drone
1176 1 679 594 22 14 drone
1177 1 678 594 22 14 drone
1178 1 678 591 22 14 drone
1179 1 679 594 22 14 drone
1180 1 685 585 22 14 drone
1181 1 685 581 22 14 drone
1182 1 690 580 22 14 drone
1183 1 691 580 22 14 drone
1184 1 690 580 21 13 drone
1185 1 695 578 21 13 drone
1186 1 692 573 21 13 drone
1187 1 698 575 22 14 drone
1188 1 699 570 22 14 drone
1189 1 701 570 22 14 drone
1190 1 707 569 22 14 drone
1191 1 704 562 23 16 drone
1192 1 707 560 23 16 drone
1193 1 707 562 23 16 drone
1194 1 710 560 25 17 drone
1195 1 714 558 25 17 drone
1196 1 709 555 25 17 drone
1197 1 712 554 32 16 drone
1198 1 711 554 32 16 drone
1199 1 714 555 32 16 drone
1200 1 718 552 32 16 drone
1201 1 721 549 32 16 drone
1202 1 722 549 32 16 drone
1203 1 726 547 32 16 drone
1204 1 724 551 35 12 drone
1205 1 725 546 35 13 drone
1206 1 727 542 36 13 drone
1207 1 728 543 37 14 drone
1208 1 731 544 36 13 drone
1209 1 733 543 34 13 drone
1210 1 735 538 35 13 drone
1211 1 737 536 35 13 drone
1212 1 739 537 35 13 drone
1213 1 741 537 36 13 drone
1214 1 743 534 35 13 drone
1215 1 744 529 36 13 drone
1216 1 747 527 36 13 drone
1217 1 748 528 36 13 drone
1218 1 750 530 36 13 drone
1219 1 752 530 35 13 drone
1220 1 754 525 36 13 drone
1221 1 756 522 35 13 drone
1222 1 758 523 35 13 drone
1223 1 759 524 36 13 drone
1224 1 762 523 36 13 drone
1225 1 764 519 37 14 drone
1226 1 765 517 36 13 drone
1227 1 768 518 34 13 drone
1228 1 769 518 35 13 drone
1229 1 772 516 35 13 drone
1230 1 773 514 35 13 drone
1231 1 775 512 34 13 drone
1232 1 776 511 35 13 drone
1233 1 778 511 35 13 drone
1234 1 781 509 34 13 drone
1235 1 781 507 35 13 drone
1236 1 783 506 35 13 drone
1237 1 784 507 36 13 drone
1238 1 787 508 36 13 drone
1239 1 789 505 35 13 drone
1240 1 790 502 34 13 drone
1241 1 792 502 35 13 drone
1242 1 795 502 34 13 drone
1243 1 797 501 34 13 drone
1244 1 799 496 34 12 drone
1245 1 800 492 34 13 drone
1246 1 801 493 35 13 drone
1247 1 804 495 33 12 drone
1248 1 805 493 34 13 drone
1249 1 808 488 34 13 drone
1250 1 808 486 35 13 drone
1251 1 811 487 34 13 drone
1252 1 812 488 35 13 drone
1253 1 814 486 35 13 drone
1254 1 815 483 34 13 drone
1255 1 817 480 35 13 drone
1256 1 817 480 36 13 drone
1257 1 821 480 34 13 drone
1258 1 824 480 34 13 drone
1259 1 825 479 33 13 drone
1260 1 827 476 32 12 drone
1261 1 828 474 33 13 drone
1262 1 830 474 32 12 drone
1263 1 832 474 32 12 drone
1264 1 834 472 33 13 drone
1265 1 835 470 33 13 drone
1266 1 837 468 33 13 drone
1267 1 839 468 33 13 drone
1268 1 841 467 33 12 drone
1269 1 843 466 32 12 drone
1270 1 844 464 32 12 drone
1271 1 846 462 31 12 drone
1272 1 845 461 33 13 drone
1273 1 845 459 33 13 drone
1274 1 845 456 34 13 drone
1275 1 845 454 35 13 drone
1276 1 845 452 36 14 drone
1277 1 846 450 36 14 drone
1278 1 855 445 35 13 drone
1279 1 856 443 37 14 drone
1280 1 855 441 37 14 drone
1281 1 856 439 38 14 drone
1282 1 860 438 38 15 drone
1283 1 862 437 38 15 drone
1284 1 863 434 37 14 drone
1285 1 865 432 38 14 drone
1286 1 869 435 37 14 drone
1287 1 871 434 37 14 drone
1288 1 872 432 36 14 drone
1289 1 874 426 36 14 drone
1290 1 876 423 37 14 drone
1291 1 879 424 36 14 drone
1292 1 882 428 36 14 drone
1293 1 883 429 38 14 drone
1294 1 885 426 37 14 drone
1295 1 887 422 36 14 drone
1296 1 889 419 38 14 drone
1297 1 889 419 39 15 drone
1298 1 891 419 39 15 drone
1299 1 893 417 38 15 drone
1300 1 895 412 39 15 drone
1301 1 897 410 38 15 drone
1302 1 899 412 38 15 drone
1303 1 901 413 38 15 drone
1304 1 903 410 38 15 drone
1305 1 907 406 36 14 drone
1306 1 908 404 38 15 drone
1307 1 910 407 37 14 drone
1308 1 912 409 38 15 drone
1309 1 915 407 38 14 drone
1310 1 916 401 38 15 drone
1311 1 919 399 36 14 drone
1312 1 921 399 37 14 drone
1313 1 924 400 37 14 drone
1314 1 926 397 36 14 drone
1315 1 927 392 37 14 drone
1316 1 929 390 37 14 drone
1317 1 932 390 36 14 drone
1318 1 935 390 36 14 drone
1319 1 936 389 37 14 drone
1320 1 938 386 36 14 drone
1321 1 940 385 36 14 drone
1322 1 942 384 36 14 drone
1323 1 945 383 37 14 drone
1324 1 947 381 36 14 drone
1325 1 949 377 37 14 drone
1326 1 951 376 36 14 drone
1327 1 952 377 37 14 drone
1328 1 955 376 35 13 drone
1329 1 958 374 36 14 drone
1330 1 960 371 37 14 drone
1331 1 961 370 38 14 drone
1332 1 964 369 36 14 drone
1333 1 966 367 36 14 drone
1334 1 968 363 37 14 drone
1335 1 970 362 37 14 drone
1336 1 971 360 37 14 drone
1337 1 974 359 37 14 drone
1338 1 977 355 36 14 drone
1339 1 979 354 36 14 drone
1340 1 980 353 35 14 drone
1341 1 982 353 37 14 drone
1342 1 984 351 36 14 drone
1343 1 985 347 36 14 drone
1344 1 988 344 36 14 drone
1345 1 989 344 37 14 drone
1346 1 992 344 36 14 drone
1347 1 993 343 37 14 drone
1348 1 995 341 35 14 drone
1349 1 997 339 36 14 drone
1350 1 999 339 36 14 drone
1351 1 1002 337 37 14 drone
1352 1 1003 335 36 14 drone
1353 1 1005 335 36 14 drone
1354 1 1007 337 36 14 drone
1355 1 1009 341 37 14 drone
1356 1 1011 341 35 14 drone
1357 1 1012 341 36 14 drone
1358 1 1014 340 36 14 drone
1359 1 1016 349 36 14 drone
1360 1 1018 362 36 14 drone
1361 1 1021 371 36 14 drone
1362 1 1022 380 36 14 drone
1363 1 1023 386 35 14 drone
1364 1 1025 390 35 14 drone
1365 1 1027 395 37 14 drone
1366 1 1029 405 36 14 drone
1367 1 1032 414 36 14 drone
1368 1 1033 420 37 14 drone
1369 1 1035 426 36 14 drone
1370 1 1037 431 36 14 drone
1371 1 1039 440 37 14 drone
1372 1 1041 447 36 14 drone
1373 1 1042 449 37 14 drone
1374 1 1043 448 37 14 drone
1375 1 1045 448 38 15 drone
1376 1 1047 452 37 14 drone
1377 1 1050 456 36 14 drone
1378 1 1051 457 36 14 drone
1379 1 1053 452 36 14 drone
1380 1 1055 450 36 14 drone
1381 1 1057 453 37 14 drone
1382 1 1058 454 38 14 drone
1383 1 1060 453 37 14 drone
1384 1 1062 446 37 14 drone
1385 1 1063 443 37 14 drone
1386 1 1065 445 38 14 drone
1387 1 1067 448 38 15 drone
1388 1 1069 446 37 14 drone
1389 1 1071 441 38 15 drone
1390 1 1072 438 38 14 drone
1391 1 1075 439 37 14 drone
1392 1 1076 441 38 14 drone
1393 1 1079 441 37 14 drone
1394 1 1081 437 37 14 drone
1395 1 1082 434 37 14 drone
1396 1 1084 433 38 14 drone
1397 1 1087 435 38 14 drone
1398 1 1089 434 37 14 drone
1399 1 1090 431 37 14 drone
1400 1 1092 430 38 14 drone
1401 1 1095 430 37 14 drone
1402 1 1096 430 39 15 drone
1403 1 1098 433 38 15 drone
1404 1 1100 435 37 14 drone
1405 1 1102 443 37 14 drone
1406 1 1103 454 38 14 drone
1407 1 1105 464 39 15 drone
1408 1 1107 473 38 15 drone
1409 1 1109 483 38 15 drone
1410 1 1111 493 38 15 drone
1411 1 1113 505 38 14 drone
1412 1 1115 515 38 15 drone
1413 1 1116 524 40 15 drone
1414 1 1117 533 41 16 drone
1415 1 1119 544 41 16 drone
1416 1 1122 556 40 15 drone
1417 1 1124 566 41 16 drone
1418 1 1125 575 40 15 drone
1419 1 1128 584 39 15 drone
1420 1 1129 596 41 16 drone
1421 1 1131 608 40 15 drone
1422 1 1131 618 45 17 drone
1423 1 1133 628 43 17 drone
1424 1 1135 635 44 17 drone
1425 1 1136 641 44 17 drone
1426 1 1138 646 45 17 drone
1427 1 1139 650 46 18 drone
1428 1 1145 654 37 17 drone
1429 1 1147 656 39 18 drone
1430 1 1148 657 37 17 drone
1431 1 1150 657 39 18 drone
1432 1 1153 657 38 17 drone
1433 1 1154 654 40 18 drone
1434 1 1155 654 40 18 drone
1435 1 1158 656 40 18 drone
1436 1 1160 657 41 19 drone
1437 1 1162 657 40 18 drone
1438 1 1163 654 40 18 drone
1439 1 1166 650 39 18 drone
1440 1 1167 648 41 19 drone
1441 1 1170 648 40 19 drone
1442 1 1171 648 41 19 drone
1443 1 1173 646 40 19 drone
1444 1 1175 642 40 18 drone
1445 1 1177 639 40 18 drone
1446 1 1177 637 43 20 drone
1447 1 1180 636 41 19 drone
1448 1 1182 634 40 18 drone
1449 1 1183 632 41 19 drone
1450 1 1183 632 41 19 drone
1451 1 1184 631 41 19 drone
1452 1 1185 630 41 19 drone
1453 1 1185 627 44 20 drone
1454 1 1186 628 41 19 drone
1455 1 1184 630 42 20 drone
1456 1 1186 629 43 20 drone
1457 1 1187 626 41 19 drone
1458 1 1186 626 41 19 drone
1459 1 1186 632 39 18 drone
1460 1 1186 637 38 18 drone
1461 1 1185 639 42 19 drone
1462 1 1184 640 41 19 drone
1463 1 1179 642 41 19 drone
1464 1 1140 646 36 19 drone
1465 1 1052 647 36 19 drone
1466 1 1038 647 36 19 drone
1467 1 1036 648 36 19 drone
1468 1 1035 651 36 19 drone
1469 1 1032 654 37 19 drone
1470 1 1026 655 36 19 drone
1471 1 1016 656 36 19 drone
1472 1 1004 658 37 19 drone
1473 1 991 662 37 20 drone
1474 1 977 663 38 20 drone
1475 1 966 662 36 19 drone
1476 1 952 660 36 19 drone
1477 1 943 664 36 19 drone
1478 1 933 669 37 19 drone
1479 1 923 672 37 19 drone
1480 1 911 671 37 16 drone
1481 1 898 668 37 16 drone
1482 1 886 672 37 16 drone
1483 1 877 676 37 16 drone
1484 1 867 680 36 16 drone
1485 1 855 678 38 16 drone
1486 1 843 677 37 16 drone
1487 1 834 684 35 12 drone
1488 1 827 689 36 12 drone
1489 1 826 693 34 12 drone
1490 1 824 692 36 12 drone
1491 1 824 688 35 12 drone
1492 1 825 685 35 12 drone
1493 1 825 688 35 12 drone
1494 1 826 690 36 12 drone
1495 1 828 687 36 12 drone
1496 1 830 683 35 12 drone
1497 1 829 678 36 12 drone
1498 1 830 679 38 13 drone
1499 1 833 680 35 12 drone
1500 1 835 678 36 12 drone
