0 0
1 0
2 0
3 0
4 0
5 0
6 0
7 0
8 0
9 0
10 0
11 0
12 0
13 0
14 0
15 0
16 0
17 0
18 0
19 0
20 0
21 0
22 0
23 0
24 0
25 0
26 0
27 0
28 0
29 0
30 0
31 0
32 0
33 0
34 0
35 0
36 0
37 0
38 0
39 0
40 0
41 0
42 0
43 0
44 0
45 0
46 0
47 0
48 0
49 0
50 0
51 0
52 0
53 0
54 0
55 0
56 0
57 0
58 0
59 0
60 0
61 0
62 0
63 0
64 0
65 0
66 0
67 0
68 0
69 0
70 0
71 0
72 0
73 0
74 0
75 0
76 0
77 0
78 0
79 0
80 0
81 0
82 0
83 0
84 0
85 0
86 0
87 0
88 0
89 0
90 0
91 0
92 0
93 0
94 0
95 0
96 0
97 0
98 0
99 0
100 0
101 0
102 0
103 0
104 0
105 0
106 0
107 0
108 0
109 0
110 0
111 0
112 0
113 0
114 0
115 0
116 0
117 0
118 0
119 0
120 0
121 0
122 0
123 0
124 0
125 0
126 0
127 0
128 0
129 0
130 0
131 0
132 0
133 0
134 0
135 0
136 1 516 -1 81 39 drone
137 1 517 1 77 37 drone
138 1 494 0 92 57 drone
139 1 493 1 88 54 drone
140 1 474 0 99 61 drone
141 1 468 5 99 61 drone
142 1 461 1 116 70 drone
143 1 442 1 116 70 drone
144 1 437 7 110 67 drone
145 1 426 7 110 87 drone
146 1 421 8 105 83 drone
147 1 409 12 105 83 drone
148 1 405 18 105 83 drone
149 1 395 28 105 83 drone
150 1 387 33 105 83 drone
151 1 380 40 105 83 drone
152 1 367 45 105 83 drone
153 1 360 51 105 83 drone
154 1 354 55 105 83 drone
155 1 347 63 105 83 drone
156 1 338 73 105 83 drone
157 1 330 81 103 87 drone
158 1 323 88 103 87 drone
159 1 316 96 103 87 drone
160 1 310 105 103 87 drone
161 1 300 115 103 87 drone
162 1 296 126 103 87 drone
163 1 290 136 103 87 drone
164 1 280 144 103 87 drone
165 1 278 150 98 83 drone
166 1 269 155 98 83 drone
167 1 263 164 98 80 drone
168 1 256 166 98 80 drone
169 1 248 172 98 80 drone
170 1 245 176 98 80 drone
171 1 239 183 98 80 drone
172 1 231 187 98 80 drone
173 1 231 190 98 80 drone
174 1 233 198 98 80 drone
175 1 250 206 98 80 drone
176 1 262 214 98 80 drone
177 1 278 227 88 64 drone
178 1 288 233 88 64 drone
179 1 299 241 88 64 drone
180 1 314 245 88 64 drone
181 1 331 251 88 64 drone
182 1 347 257 88 64 drone
183 1 359 262 88 64 drone
184 1 376 269 84 61 drone
185 1 386 271 84 61 drone
186 1 397 273 84 61 drone
187 1 411 277 80 58 drone
188 1 423 279 80 58 drone
189 1 429 281 80 58 drone
190 1 424 281 80 58 drone
191 1 421 280 80 58 drone
192 1 417 279 80 58 drone
193 1 414 278 80 58 drone
194 1 413 279 80 58 drone
195 1 410 277 80 58 drone
196 1 407 275 80 58 drone
197 1 404 275 80 58 drone
198 1 401 273 80 58 drone
199 1 400 271 80 58 drone
200 1 403 272 80 58 drone
201 1 405 272 80 58 drone
202 1 408 271 80 58 drone
203 1 414 271 69 59 drone
204 1 419 270 69 59 drone
205 1 433 269 69 59 drone
206 1 454 271 69 59 drone
207 1 469 271 69 59 drone
208 1 483 271 69 59 drone
209 1 502 271 69 59 drone
210 1 517 271 69 59 drone
211 1 533 272 69 59 drone
212 1 549 275 69 59 drone
213 1 563 276 69 59 drone
214 1 578 275 69 59 drone
215 1 592 274 69 59 drone
216 1 608 276 69 59 drone
217 1 622 276 69 59 drone
218 1 636 277 69 59 drone
219 1 658 284 54 46 drone
220 1 671 283 54 46 drone
221 1 682 284 54 46 drone
222 1 695 284 54 46 drone
223 1 707 284 54 46 drone
224 1 717 284 54 46 drone
225 1 731 284 54 46 drone
226 1 741 284 54 46 drone
227 1 754 285 54 46 drone
228 1 767 287 51 44 drone
229 1 778 285 51 44 drone
230 1 786 287 51 44 drone
231 1 783 286 51 44 drone
232 1 780 286 51 44 drone
233 1 779 286 51 44 drone
234 1 778 286 51 44 drone
235 1 775 286 51 44 drone
236 1 777 286 47 43 drone
237 1 774 287 47 43 drone
238 1 774 288 45 41 drone
239 1 770 288 45 41 drone
240 1 769 288 45 41 drone
241 1 768 289 45 41 drone
242 1 766 290 45 41 drone
243 1 763 289 45 41 drone
244 1 762 289 45 41 drone
245 1 760 289 45 41 drone
246 1 759 288 45 41 drone
247 1 756 289 45 41 drone
248 1 755 288 43 39 drone
249 1 751 286 43 39 drone
250 1 744 279 45 41 drone
251 1 736 274 45 41 drone
252 1 730 269 43 39 drone
253 1 722 256 45 41 drone
254 1 713 239 45 41 drone
255 1 705 220 45 41 drone
256 1 696 199 45 41 drone
257 1 687 176 47 43 drone
258 1 679 190 45 41 drone
259 1 671 195 45 41 drone
260 1 653 191 54 47 drone
261 1 646 180 54 47 drone
262 1 633 172 54 47 drone
263 1 622 158 54 47 drone
264 1 611 150 54 47 drone
265 1 598 138 54 47 drone
266 1 583 128 57 49 drone
267 1 568 115 57 49 drone
268 1 552 93 60 52 drone
269 1 536 60 60 52 drone
270 1 521 25 60 52 drone
271 1 504 1 60 52 drone
272 1 484 7 70 63 drone
273 1 482 0 70 63 drone
274 1 482 1 67 60 drone
275 1 483 2 67 60 drone
276 1 488 2 67 60 drone
277 1 497 2 67 60 drone
278 1 501 0 67 60 drone
279 1 508 1 67 60 drone
280 1 520 2 67 60 drone
281 1 546 4 67 60 drone
282 1 565 5 67 60 drone
283 1 581 7 67 60 drone
284 1 603 8 67 60 drone
285 1 618 10 67 60 drone
286 1 618 10 67 60 drone
287 1 621 11 67 60 drone
288 1 627 12 63 57 drone
289 1 632 12 63 57 drone
290 1 632 12 63 57 drone
291 1 629 11 67 60 drone
292 1 626 14 67 60 drone
293 1 626 14 67 60 drone
294 1 625 13 67 60 drone
295 1 624 15 63 57 drone
296 1 622 16 63 57 drone
297 1 622 16 63 57 drone
298 1 620 15 63 57 drone
299 1 618 15 63 57 drone
300 1 615 16 63 57 drone
301 1 615 15 63 57 drone
302 1 613 14 63 57 drone
303 1 611 15 63 57 drone
304 1 609 11 67 60 drone
305 1 607 8 67 60 drone
306 1 605 9 67 60 drone
307 1 604 9 67 60 drone
308 1 602 7 67 60 drone
309 1 602 6 67 60 drone
310 1 600 9 67 60 drone
311 1 604 16 67 60 drone
312 1 609 22 67 60 drone
313 1 614 29 63 57 drone
314 1 615 33 63 57 drone
315 1 619 45 63 57 drone
316 1 627 55 63 57 drone
317 1 630 66 63 57 drone
318 1 636 77 63 57 drone
319 1 642 88 63 57 drone
320 1 647 101 60 54 drone
321 1 656 113 60 54 drone
322 1 662 127 60 54 drone
323 1 667 139 60 54 drone
324 1 674 150 60 54 drone
325 1 678 156 60 54 drone
326 1 677 155 60 54 drone
327 1 677 156 58 52 drone
328 1 676 157 58 52 drone
329 1 678 158 55 49 drone
330 1 679 160 52 47 drone
331 1 676 158 52 47 drone
332 1 676 159 52 47 drone
333 1 676 160 52 47 drone
334 1 675 159 52 47 drone
335 1 674 159 52 47 drone
336 1 673 160 52 47 drone
337 1 672 160 52 47 drone
338 1 672 161 52 47 drone
339 1 671 162 52 47 drone
340 1 671 163 52 47 drone
341 1 671 165 52 47 drone
342 1 667 164 52 47 drone
343 1 667 164 52 47 drone
344 1 666 166 52 47 drone
345 1 664 171 52 47 drone
346 1 663 181 52 47 drone
347 1 666 191 50 45 drone
348 1 664 199 50 45 drone
349 1 663 208 50 45 drone
350 1 664 222 47 43 drone
351 1 666 234 47 43 drone
352 1 672 247 47 43 drone
353 1 676 261 47 43 drone
354 1 680 277 47 43 drone
355 1 682 290 47 43 drone
356 1 686 302 47 43 drone
357 1 689 315 47 43 drone
358 1 696 328 47 43 drone
359 1 701 342 47 43 drone
360 1 703 348 45 41 drone
361 1 700 353 45 41 drone
362 1 700 358 45 41 drone
363 1 699 363 45 41 drone
364 1 701 370 45 41 drone
365 1 699 373 45 41 drone
366 1 699 376 45 41 drone
367 1 700 378 45 41 drone
368 1 699 380 45 41 drone
369 1 697 383 45 41 drone
370 1 698 387 45 41 drone
371 1 697 389 45 41 drone
372 1 698 392 43 39 drone
373 1 698 395 43 39 drone
374 1 697 399 43 39 drone
375 1 700 401 43 39 drone
376 1 711 405 43 39 drone
377 1 717 408 43 39 drone
378 1 724 410 43 39 drone
379 1 728 414 43 39 drone
380 1 742 418 43 39 drone
381 1 765 422 43 39 drone
382 1 782 426 43 39 drone
383 1 797 428 43 39 drone
384 1 815 431 43 39 drone
385 1 832 435 43 39 drone
386 1 854 439 43 39 drone
387 1 876 442 43 39 drone
388 1 896 445 43 39 drone
389 1 916 448 43 39 drone
390 1 932 451 43 39 drone
391 1 937 453 43 39 drone
392 1 942 456 43 39 drone
393 1 951 459 43 39 drone
394 1 960 464 41 37 drone
395 1 965 471 41 33 drone
396 1 967 474 41 33 drone
397 1 967 477 41 33 drone
398 1 969 479 39 31 drone
399 1 968 484 39 31 drone
400 1 967 487 39 31 drone
401 1 966 490 39 31 drone
402 1 965 492 41 33 drone
403 1 965 496 41 33 drone
404 1 965 497 41 33 drone
405 1 964 502 41 33 drone
406 1 964 504 41 33 drone
407 1 964 507 41 33 drone
408 1 965 510 41 33 drone
409 1 965 512 41 33 drone
410 1 965 516 41 33 drone
411 1 964 520 41 33 drone
412 1 967 523 39 31 drone
413 1 966 525 39 31 drone
414 1 967 529 39 31 drone
415 1 966 531 41 33 drone
416 1 967 535 41 33 drone
417 1 968 538 41 33 drone
418 1 969 533 41 33 drone
419 1 969 520 41 33 drone
420 1 970 502 43 35 drone
421 1 970 485 45 36 drone
422 1 971 469 45 36 drone
423 1 973 453 47 38 drone
424 1 969 490 48 46 drone
425 1 975 504 48 46 drone
426 1 969 504 55 49 drone
427 1 974 507 55 49 drone
428 1 975 510 55 49 drone
429 1 978 514 55 49 drone
430 1 979 519 55 49 drone
431 1 980 525 55 49 drone
432 1 975 530 62 57 drone
433 1 980 519 62 57 drone
434 1 981 504 62 57 drone
435 1 978 488 62 57 drone
436 1 981 475 62 57 drone
437 1 982 463 62 57 drone
438 1 983 453 62 57 drone
439 1 983 447 62 57 drone
440 1 982 474 65 60 drone
441 1 982 508 65 60 drone
442 1 984 508 65 60 drone
443 1 984 513 65 60 drone
444 1 984 518 65 60 drone
445 1 986 523 65 60 drone
446 1 986 528 65 60 drone
447 1 986 532 65 60 drone
448 1 986 538 65 60 drone
449 1 991 542 62 57 drone
450 1 992 533 62 57 drone
451 1 992 519 62 57 drone
452 1 996 506 59 54 drone
453 1 995 496 59 54 drone
454 1 992 539 59 54 drone
455 1 997 572 59 54 drone
456 1 997 572 59 54 drone
457 1 999 578 56 52 drone
458 1 1000 585 56 52 drone
459 1 999 591 56 52 drone
460 1 1003 597 56 52 drone
461 1 1002 602 56 52 drone
462 1 1002 609 56 52 drone
463 1 1003 602 56 52 drone
464 1 1003 592 56 52 drone
465 1 1005 583 56 52 drone
466 1 1008 587 54 49 drone
467 1 1005 622 54 49 drone
468 1 1006 627 54 49 drone
469 1 1004 630 56 52 drone
470 1 980 633 56 52 drone
471 1 931 642 59 54 drone
472 1 910 641 59 54 drone
473 1 892 655 57 49 drone
474 1 871 656 57 49 drone
475 1 870 665 57 49 drone
476 1 870 664 57 49 drone
477 1 868 667 68 51 drone
478 1 867 670 68 51 drone
479 1 867 675 68 51 drone
480 1 868 678 68 51 drone
481 1 871 681 68 51 drone
482 1 873 682 68 51 drone
483 1 874 683 68 51 drone
484 1 875 688 68 51 drone
485 1 880 696 68 51 drone
486 1 882 701 68 51 drone
487 1 885 704 68 51 drone
488 1 887 707 68 51 drone
489 1 890 709 68 51 drone
490 1 895 713 65 49 drone
491 1 899 721 62 46 drone
492 1 901 725 62 46 drone
493 1 902 729 62 46 drone
494 1 904 729 62 46 drone
495 1 908 730 62 46 drone
496 1 911 734 62 46 drone
497 1 914 737 62 46 drone
498 1 917 743 62 46 drone
499 1 922 745 62 46 drone
500 1 916 698 65 49 drone
501 1 923 656 68 51 drone
502 1 925 616 72 54 drone
503 1 927 578 75 57 drone
504 1 928 535 69 60 drone
505 1 934 531 69 60 drone
506 1 940 538 66 57 drone
507 1 939 543 63 54 drone
508 1 947 547 63 54 drone
509 1 950 552 63 54 drone
510 1 950 555 63 54 drone
511 1 953 557 63 54 drone
512 1 958 558 63 54 drone
513 1 961 561 63 54 drone
514 1 966 566 60 51 drone
515 1 970 570 60 51 drone
516 1 977 573 60 51 drone
517 1 982 577 60 51 drone
518 1 988 579 57 49 drone
519 1 992 581 57 49 drone
520 1 997 586 57 49 drone
521 1 1001 590 57 49 drone
522 1 1005 592 60 51 drone
523 1 1010 592 60 51 drone
524 1 1015 595 57 49 drone
525 1 1020 598 57 49 drone
526 1 1025 602 57 49 drone
527 1 1030 606 54 47 drone
528 1 1037 606 54 47 drone
529 1 1041 610 54 47 drone
530 1 1048 612 54 47 drone
531 1 1054 613 54 47 drone
532 1 1052 617 54 47 drone
533 1 998 620 54 47 drone
534 1 941 624 54 47 drone
535 1 920 632 53 45 drone
536 1 895 635 53 45 drone
537 1 850 636 53 45 drone
538 1 849 638 53 45 drone
539 1 846 641 53 45 drone
540 1 828 645 53 45 drone
541 1 819 649 53 45 drone
542 1 821 652 53 45 drone
543 1 827 653 50 43 drone
544 1 835 655 50 43 drone
545 1 842 657 50 43 drone
546 1 849 661 48 41 drone
547 1 855 662 48 41 drone
548 1 860 664 48 41 drone
549 1 867 665 48 41 drone
550 1 872 666 48 41 drone
551 1 879 669 48 41 drone
552 1 884 670 48 41 drone
553 1 890 671 48 41 drone
554 1 895 670 48 41 drone
555 1 901 670 48 41 drone
556 1 907 673 48 41 drone
557 1 911 674 48 41 drone
558 1 917 675 48 41 drone
559 1 923 674 48 41 drone
560 1 929 677 48 41 drone
561 1 936 676 48 41 drone
562 1 941 665 48 41 drone
563 1 947 646 48 41 drone
564 1 951 632 48 41 drone
565 1 957 618 48 41 drone
566 1 962 605 48 41 drone
567 1 968 592 50 43 drone
568 1 972 575 50 43 drone
569 1 979 561 50 43 drone
570 1 984 548 50 43 drone
571 1 989 539 50 43 drone
572 1 994 542 50 43 drone
573 1 1000 542 50 43 drone
574 1 1005 540 48 41 drone
575 1 1010 538 48 41 drone
576 1 1014 540 48 41 drone
577 1 1020 546 48 41 drone
578 1 1024 548 50 43 drone
579 1 1030 548 50 43 drone
580 1 1034 543 50 43 drone
581 1 1038 544 50 43 drone
582 1 1046 548 50 43 drone
583 1 1051 553 50 43 drone
584 1 1056 554 50 43 drone
585 1 1060 552 50 43 drone
586 1 1065 548 50 43 drone
587 1 1071 551 50 43 drone
588 1 1076 554 50 43 drone
589 1 1083 556 48 41 drone
590 1 1086 556 48 41 drone
591 1 1092 557 48 41 drone
592 1 1099 556 48 41 drone
593 1 1102 557 48 41 drone
594 1 1106 559 48 41 drone
595 1 1100 561 48 41 drone
596 1 1064 563 45 39 drone
597 1 1041 564 45 39 drone
598 1 1027 564 45 39 drone
599 1 1006 566 45 39 drone
600 1 975 569 45 38 drone
601 1 950 570 43 36 drone
602 1 927 566 45 38 drone
603 1 902 564 47 40 drone
604 1 876 562 47 40 drone
605 1 862 562 47 40 drone
606 1 869 565 47 40 drone
607 1 875 568 45 38 drone
608 1 880 567 45 38 drone
609 1 885 564 45 38 drone
610 1 888 565 45 38 drone
611 1 892 568 45 38 drone
612 1 898 568 45 38 drone
613 1 905 571 43 36 drone
614 1 910 571 43 36 drone
615 1 912 570 43 36 drone
616 1 917 571 43 36 drone
617 1 923 573 43 36 drone
618 1 928 573 43 36 drone
619 1 933 573 43 36 drone
620 1 936 571 43 36 drone
621 1 941 572 43 36 drone
622 1 946 572 43 36 drone
623 1 950 571 43 36 drone
624 1 955 570 43 36 drone
625 1 961 558 43 36 drone
626 1 966 548 43 36 drone
627 1 972 538 43 36 drone
628 1 976 530 43 36 drone
629 1 981 523 43 36 drone
630 1 985 514 43 36 drone
631 1 990 508 43 36 drone
632 1 994 502 43 36 drone
633 1 998 497 43 36 drone
634 1 1004 493 43 36 drone
635 1 1008 491 43 36 drone
636 1 1014 490 43 36 drone
637 1 1018 490 41 34 drone
638 1 1024 492 41 34 drone
639 1 1027 492 41 34 drone
640 1 1032 492 41 34 drone
641 1 1036 491 41 34 drone
642 1 1043 492 39 33 drone
643 1 1045 493 41 34 drone
644 1 1050 495 41 34 drone
645 1 1054 496 41 34 drone
646 1 1060 497 39 33 drone
647 1 1063 496 39 33 drone
648 1 1066 495 39 33 drone
649 1 1069 496 39 33 drone
650 1 1073 497 39 33 drone
651 1 1076 496 39 33 drone
652 1 1081 497 39 33 drone
653 1 1083 499 39 33 drone
654 1 1087 499 39 33 drone
655 1 1091 499 39 33 drone
656 1 1096 501 39 33 drone
657 1 1099 500 39 33 drone
658 1 1090 501 39 33 drone
659 1 1054 502 41 34 drone
660 1 1037 504 41 34 drone
661 1 1024 504 41 34 drone
662 1 1003 504 41 34 drone
663 1 983 503 38 34 drone
664 1 968 503 38 34 drone
665 1 952 507 36 32 drone
666 1 931 510 36 32 drone
667 1 915 508 36 32 drone
668 1 906 507 36 32 drone
669 1 909 508 36 32 drone
670 1 914 511 38 34 drone
671 1 917 513 38 34 drone
672 1 920 509 38 34 drone
673 1 924 506 38 34 drone
674 1 929 506 38 34 drone
675 1 934 510 36 32 drone
676 1 938 516 36 32 drone
677 1 943 515 36 32 drone
678 1 946 509 36 32 drone
679 1 949 508 36 32 drone
680 1 952 511 36 32 drone
681 1 957 516 36 32 drone
682 1 961 516 36 32 drone
683 1 964 513 36 32 drone
684 1 968 511 36 32 drone
685 1 973 511 36 32 drone
686 1 976 516 36 32 drone
687 1 978 518 36 32 drone
688 1 985 519 36 32 drone
689 1 986 517 36 32 drone
690 1 991 515 36 32 drone
691 1 994 521 36 32 drone
692 1 999 523 36 32 drone
693 1 998 524 36 32 drone
694 1 986 521 36 32 drone
695 1 973 519 36 32 drone
696 1 970 521 36 32 drone
697 1 963 524 36 32 drone
698 1 946 525 36 32 drone
699 1 930 523 36 32 drone
700 1 919 523 36 32 drone
701 1 908 525 36 32 drone
702 1 892 527 38 34 drone
703 1 878 527 38 34 drone
704 1 865 525 38 34 drone
705 1 851 527 38 34 drone
706 1 839 530 36 32 drone
707 1 827 531 34 31 drone
708 1 812 529 36 32 drone
709 1 800 528 36 32 drone
710 1 782 528 38 34 drone
711 1 769 527 38 34 drone
712 1 757 529 38 34 drone
713 1 747 529 38 34 drone
714 1 738 531 36 32 drone
715 1 726 533 36 32 drone
716 1 717 534 36 32 drone
717 1 710 534 32 31 drone
718 1 705 534 32 31 drone
719 1 696 534 32 31 drone
720 1 686 533 32 31 drone
721 1 680 536 32 31 drone
722 1 673 539 30 30 drone
723 1 664 538 30 30 drone
724 1 656 535 30 30 drone
725 1 648 535 30 30 drone
726 1 641 540 30 30 drone
727 1 635 540 30 30 drone
728 1 631 542 31 31 drone
729 1 633 539 31 31 drone
730 1 626 536 31 31 drone
731 1 624 536 31 31 drone
732 1 624 539 31 31 drone
733 1 628 545 31 31 drone
734 1 629 547 31 31 drone
735 1 633 543 31 31 drone
736 1 635 540 31 31 drone
737 1 637 539 31 31 drone
738 1 641 545 31 31 drone
739 1 646 549 31 31 drone
740 1 650 547 31 31 drone
741 1 653 542 31 31 drone
742 1 655 540 31 31 drone
743 1 658 542 31 31 drone
744 1 662 549 31 31 drone
745 1 666 551 31 31 drone
746 1 668 546 31 31 drone
747 1 672 541 31 31 drone
748 1 675 542 31 31 drone
749 1 678 548 31 31 drone
750 1 683 551 31 31 drone
751 1 686 549 31 31 drone
752 1 687 546 31 31 drone
753 1 688 545 31 31 drone
754 1 687 550 31 31 drone
755 1 682 558 31 31 drone
756 1 671 560 31 31 drone
757 1 661 561 31 31 drone
758 1 652 559 31 31 drone
759 1 642 559 31 31 drone
760 1 620 546 37 35 drone
761 1 608 528 39 37 drone
762 1 593 497 39 37 drone
763 1 569 455 41 39 drone
764 1 558 405 41 39 drone
765 1 567 352 41 39 drone
766 1 570 357 46 39 drone
767 1 574 451 48 41 drone
768 1 578 435 48 41 drone
769 1 585 436 48 41 drone
770 1 590 436 48 41 drone
771 1 596 442 48 41 drone
772 1 601 443 48 41 drone
773 1 605 442 48 41 drone
774 1 613 443 48 41 drone
775 1 616 436 48 41 drone
776 1 623 398 48 41 drone
777 1 624 325 50 43 drone
778 1 629 258 50 43 drone
779 1 637 174 48 41 drone
780 1 643 84 48 41 drone
781 1 646 30 50 43 drone
782 1 651 96 48 41 drone
783 1 660 88 48 41 drone
784 1 666 93 48 41 drone
785 1 672 93 48 41 drone
786 1 678 94 46 39 drone
787 1 682 92 46 39 drone
788 1 687 94 46 39 drone
789 1 692 96 46 39 drone
790 1 693 63 48 41 drone
791 1 692 -4 48 41 drone
792 0
793 0
794 0
795 0
796 0
797 0
798 0
799 0
800 0
801 0
802 0
803 0
804 0
805 0
806 0
807 0
808 0
809 0
810 0
811 0
812 0
813 0
814 0
815 0
816 0
817 0
818 0
819 0
820 0
821 0
822 0
823 0
824 0
825 0
826 0
827 0
828 0
829 0
830 0
831 0
832 0
833 0
834 0
835 0
836 0
837 0
838 0
839 1 867 1 65 63 drone
840 1 867 49 72 57 drone
841 1 875 111 72 57 drone
842 1 877 177 72 57 drone
843 1 882 249 76 60 drone
844 1 897 315 59 63 drone
845 1 902 367 62 66 drone
846 1 908 408 62 66 drone
847 1 912 430 62 66 drone
848 1 916 464 65 69 drone
849 1 926 494 62 66 drone
850 1 930 516 62 66 drone
851 1 934 530 62 66 drone
852 1 940 536 62 66 drone
853 1 948 537 62 66 drone
854 1 951 536 62 66 drone
855 1 956 537 62 66 drone
856 1 961 534 62 66 drone
857 1 965 535 62 66 drone
858 1 972 537 62 66 drone
859 1 979 537 62 66 drone
860 1 983 529 62 66 drone
861 1 988 529 62 66 drone
862 1 992 532 62 66 drone
863 1 999 540 59 63 drone
864 1 1003 543 59 63 drone
865 1 1008 538 59 63 drone
866 1 1013 535 59 63 drone
867 1 1022 541 59 63 drone
868 1 1026 546 59 63 drone
869 1 1030 544 59 63 drone
870 1 1035 540 59 63 drone
871 1 1040 540 59 63 drone
872 1 1049 548 59 63 drone
873 1 1054 552 59 63 drone
874 1 1056 549 59 63 drone
875 1 1060 544 59 63 drone
876 1 1062 544 59 63 drone
877 1 1061 547 59 63 drone
878 1 1015 551 62 66 drone
879 1 908 562 58 54 drone
880 1 875 556 61 57 drone
881 1 847 556 58 54 drone
882 1 737 554 58 54 drone
883 1 614 552 58 54 drone
884 1 531 557 58 54 drone
885 1 441 560 58 54 drone
886 1 335 560 58 54 drone
887 1 332 557 58 54 drone
888 1 342 555 58 54 drone
889 1 348 556 58 54 drone
890 1 355 556 58 54 drone
891 1 359 560 58 54 drone
892 1 364 560 58 54 drone
893 1 367 561 58 54 drone
894 1 375 556 58 54 drone
895 1 378 558 58 54 drone
896 1 382 562 58 54 drone
897 1 386 565 58 54 drone
898 1 392 566 58 54 drone
899 1 396 567 58 54 drone
900 1 399 566 58 54 drone
901 1 407 563 58 54 drone
902 1 410 565 58 54 drone
903 1 414 571 55 51 drone
904 1 421 570 55 51 drone
905 1 425 565 55 51 drone
906 1 429 563 55 51 drone
907 1 431 568 55 51 drone
908 1 439 577 55 51 drone
909 1 444 578 55 51 drone
910 1 448 569 55 51 drone
911 1 451 559 55 51 drone
912 1 456 563 55 51 drone
913 1 459 577 55 51 drone
914 1 466 585 55 51 drone
915 1 471 578 55 51 drone
916 1 472 566 55 51 drone
917 1 476 566 55 51 drone
918 1 484 584 53 49 drone
919 1 492 595 53 49 drone
920 1 494 588 53 49 drone
921 1 497 571 53 49 drone
922 1 500 567 55 51 drone
923 1 503 580 55 51 drone
924 1 508 592 55 51 drone
925 1 514 593 55 51 drone
926 1 516 583 55 51 drone
927 1 520 576 53 49 drone
928 1 524 580 53 49 drone
929 1 529 593 50 47 drone
930 1 533 602 50 47 drone
931 1 537 595 50 47 drone
932 1 541 583 50 47 drone
933 1 545 583 50 47 drone
934 1 547 595 50 47 drone
935 1 552 608 50 47 drone
936 1 557 605 50 47 drone
937 1 558 597 53 49 drone
938 1 562 592 53 49 drone
939 1 565 597 53 49 drone
940 1 571 612 50 47 drone
941 1 574 620 50 47 drone
942 1 578 615 50 47 drone
943 1 581 603 50 47 drone
944 1 585 606 50 47 drone
945 1 590 625 50 47 drone
946 1 595 643 50 47 drone
947 1 596 631 50 47 drone
948 1 598 607 50 47 drone
949 1 602 588 50 47 drone
950 1 604 601 50 47 drone
951 1 608 626 50 47 drone
952 1 608 650 53 49 drone
953 1 613 646 53 49 drone
954 1 617 627 53 49 drone
955 1 621 610 53 49 drone
956 1 625 619 53 49 drone
957 1 632 645 50 47 drone
958 1 631 658 53 49 drone
959 1 632 648 53 49 drone
960 1 637 632 53 49 drone
961 1 638 623 53 49 drone
962 1 644 640 53 49 drone
963 1 645 662 53 49 drone
964 1 650 664 53 49 drone
965 1 654 650 53 49 drone
966 1 655 635 53 49 drone
967 1 657 639 53 49 drone
968 1 661 654 50 47 drone
969 1 664 666 50 47 drone
970 1 667 665 50 47 drone
971 1 672 661 50 47 drone
972 1 674 648 50 47 drone
973 1 675 644 50 47 drone
974 1 677 652 50 47 drone
975 1 680 671 53 49 drone
976 1 686 675 53 49 drone
977 1 688 671 53 49 drone
978 1 689 655 53 49 drone
979 1 690 653 53 49 drone
980 1 695 666 53 49 drone
981 1 699 681 53 49 drone
982 1 702 683 50 47 drone
983 1 707 667 50 47 drone
984 1 710 665 50 47 drone
985 1 713 670 50 47 drone
986 1 714 680 50 47 drone
987 1 717 678 50 47 drone
988 1 721 671 50 47 drone
989 1 724 667 50 47 drone
990 1 726 677 50 47 drone
991 1 730 689 50 47 drone
992 1 733 691 50 47 drone
993 1 735 680 50 47 drone
994 1 739 675 50 47 drone
995 1 740 684 50 47 drone
996 1 744 693 50 47 drone
997 1 747 697 50 47 drone
998 1 751 690 50 47 drone
999 1 752 684 50 47 drone
1000 1 757 689 50 47 drone
1001 1 761 698 48 44 drone
1002 1 765 707 48 44 drone
1003 1 766 709 48 44 drone
1004 1 771 703 48 44 drone
1005 1 773 699 48 44 drone
1006 1 776 697 48 44 drone
1007 1 776 702 48 44 drone
1008 1 783 711 48 44 drone
1009 1 785 713 48 44 drone
1010 1 788 708 48 44 drone
1011 1 790 704 48 44 drone
1012 1 793 706 48 44 drone
1013 1 793 715 48 44 drone
1014 1 800 716 48 44 drone
1015 1 801 712 48 44 drone
1016 1 803 708 48 44 drone
1017 1 802 711 48 44 drone
1018 1 810 723 48 44 drone
1019 1 813 728 48 44 drone
1020 1 815 724 48 44 drone
1021 1 817 723 48 44 drone
1022 1 820 726 48 44 drone
1023 1 823 732 48 44 drone
1024 1 827 736 48 44 drone
1025 1 831 736 48 44 drone
1026 1 833 733 48 44 drone
1027 1 834 732 48 44 drone
1028 1 837 735 48 44 drone
1029 1 841 734 48 44 drone
1030 1 844 733 48 44 drone
1031 1 846 730 48 44 drone
1032 1 849 738 48 44 drone
1033 1 852 739 48 44 drone
1034 1 855 740 48 44 drone
1035 1 858 735 48 44 drone
1036 1 860 705 48 44 drone
1037 1 865 664 50 47 drone
1038 1 868 637 50 47 drone
1039 1 870 606 50 47 drone
1040 1 873 594 48 44 drone
1041 1 878 594 45 43 drone
1042 1 881 602 45 43 drone
1043 1 885 609 45 43 drone
1044 1 887 606 45 43 drone
1045 1 889 600 45 43 drone
1046 1 893 600 45 43 drone
1047 1 898 612 45 43 drone
1048 1 901 621 43 41 drone
1049 1 906 620 41 39 drone
1050 1 908 614 41 39 drone
1051 1 909 614 41 39 drone
1052 1 913 617 43 41 drone
1053 1 916 629 43 41 drone
1054 1 919 635 43 41 drone
1055 1 924 630 41 39 drone
1056 1 924 619 43 41 drone
1057 1 927 627 41 39 drone
1058 1 933 642 41 39 drone
1059 1 936 653 41 39 drone
1060 1 937 647 43 41 drone
1061 1 937 638 43 41 drone
1062 1 939 632 43 41 drone
1063 1 943 640 43 41 drone
1064 1 947 649 45 43 drone
1065 1 950 654 45 43 drone
1066 1 951 652 45 43 drone
1067 1 956 648 45 43 drone
1068 1 955 652 45 43 drone
1069 1 948 654 43 41 drone
1070 1 867 654 43 41 drone
1071 1 812 656 43 41 drone
1072 1 798 664 40 40 drone
1073 1 763 666 40 40 drone
1074 1 711 665 38 38 drone
1075 1 677 663 40 40 drone
1076 1 642 663 40 40 drone
1077 1 598 672 38 38 drone
1078 1 562 677 38 38 drone
1079 1 550 677 44 39 drone
1080 1 553 673 44 39 drone
1081 1 556 669 44 39 drone
1082 1 559 673 44 39 drone
1083 1 562 681 44 39 drone
1084 1 567 688 44 39 drone
1085 1 567 687 44 39 drone
1086 1 568 682 44 39 drone
1087 1 571 675 44 39 drone
1088 1 575 686 44 39 drone
1089 1 577 696 44 39 drone
1090 1 580 700 44 39 drone
1091 1 583 691 44 39 drone
1092 1 582 683 44 39 drone
1093 1 585 686 44 39 drone
1094 1 590 701 44 39 drone
1095 1 594 710 44 39 drone
1096 1 593 711 44 39 drone
1097 1 596 700 44 39 drone
1098 1 603 699 44 39 drone
1099 1 604 709 44 39 drone
1100 1 602 717 44 39 drone
1101 1 605 717 44 39 drone
1102 1 610 708 44 39 drone
1103 1 610 702 44 39 drone
1104 1 613 707 44 39 drone
1105 1 617 712 44 39 drone
1106 1 617 714 44 39 drone
1107 1 620 711 44 39 drone
1108 1 623 707 44 39 drone
1109 1 627 707 44 39 drone
1110 1 629 714 44 39 drone
1111 1 629 719 44 39 drone
1112 1 633 720 44 39 drone
1113 1 636 721 44 39 drone
1114 1 638 719 44 39 drone
1115 1 640 723 44 39 drone
1116 1 644 730 42 37 drone
1117 1 646 737 42 37 drone
1118 1 649 736 42 37 drone
1119 1 650 739 42 37 drone
1120 1 653 736 40 35 drone
1121 1 654 740 40 35 drone
1122 1 657 749 40 35 drone
1123 1 660 751 40 35 drone
1124 1 665 752 40 35 drone
1125 1 671 750 40 35 drone
1126 1 670 746 40 35 drone
1127 1 671 740 40 35 drone
1128 1 674 741 40 35 drone
1129 1 675 743 40 35 drone
1130 1 677 745 40 35 drone
1131 1 682 746 40 35 drone
1132 1 682 749 40 35 drone
1133 1 683 750 40 35 drone
1134 1 684 752 40 35 drone
1135 1 686 754 40 35 drone
1136 1 689 752 40 35 drone
1137 1 691 750 40 35 drone
1138 1 693 752 40 35 drone
1139 1 695 760 40 35 drone
1140 1 697 764 40 35 drone
1141 1 700 764 40 35 drone
1142 1 704 761 40 35 drone
1143 1 703 762 40 35 drone
1144 1 704 766 40 35 drone
1145 1 708 770 40 35 drone
1146 1 709 768 42 37 drone
1147 1 712 768 42 37 drone
1148 1 713 765 40 35 drone
1149 1 715 768 40 35 drone
1150 1 719 777 40 35 drone
1151 1 721 782 40 35 drone
1152 1 724 777 40 35 drone
1153 1 724 769 40 35 drone
1154 1 726 772 40 35 drone
1155 1 728 781 40 35 drone
1156 1 731 784 40 35 drone
1157 1 732 778 42 37 drone
1158 1 734 777 42 37 drone
1159 1 735 781 42 37 drone
1160 1 740 787 40 35 drone
1161 1 742 789 40 35 drone
1162 1 744 786 40 35 drone
1163 1 745 783 40 35 drone
1164 1 748 783 40 35 drone
1165 1 749 784 40 35 drone
1166 1 752 785 40 35 drone
1167 1 754 786 42 37 drone
1168 1 756 786 42 37 drone
1169 1 757 787 42 37 drone
1170 1 758 789 42 37 drone
1171 1 759 792 42 37 drone
1172 1 763 794 40 35 drone
1173 1 766 796 40 35 drone
1174 1 768 798 40 35 drone
1175 1 770 800 40 35 drone
1176 1 773 801 40 35 drone
1177 1 776 806 40 35 drone
1178 1 777 810 40 35 drone
1179 1 782 811 38 34 drone
1180 1 784 808 38 34 drone
1181 1 786 804 38 34 drone
1182 1 787 803 38 34 drone
1183 1 790 808 38 34 drone
1184 1 793 811 38 34 drone
1185 1 794 811 38 34 drone
1186 1 793 812 38 34 drone
1187 1 794 809 38 34 drone
1188 1 799 812 38 34 drone
1189 1 802 812 38 34 drone
1190 1 800 815 38 34 drone
1191 1 802 816 38 34 drone
1192 1 806 816 38 34 drone
1193 1 808 819 38 34 drone
1194 1 807 820 38 34 drone
1195 1 811 824 38 34 drone
1196 1 814 826 36 32 drone
1197 1 819 828 34 31 drone
1198 1 817 828 34 31 drone
1199 1 820 828 34 31 drone
1200 1 824 833 33 29 drone
1201 1 824 841 34 31 drone
1202 1 826 843 34 31 drone
1203 1 828 842 34 31 drone
1204 1 831 839 34 31 drone
1205 1 831 839 34 31 drone
1206 1 835 842 34 31 drone
1207 1 835 847 34 31 drone
1208 1 837 850 34 31 drone
1209 1 838 851 34 31 drone
1210 1 841 849 34 31 drone
1211 1 844 851 34 31 drone
1212 1 846 856 34 31 drone
1213 1 847 861 34 31 drone
1214 1 849 866 34 31 drone
1215 1 850 864 34 31 drone
1216 1 853 860 34 31 drone
1217 1 858 860 32 30 drone
1218 1 857 864 32 30 drone
1219 1 857 871 32 30 drone
1220 1 862 875 32 30 drone
1221 1 864 870 32 30 drone
1222 1 866 866 32 30 drone
1223 1 864 865 34 31 drone
1224 1 867 874 32 30 drone
1225 1 871 882 32 30 drone
1226 1 870 881 34 31 drone
1227 1 872 877 32 30 drone
1228 1 872 872 32 30 drone
1229 1 874 875 32 30 drone
1230 1 877 883 32 30 drone
1231 1 878 889 32 30 drone
1232 1 879 888 32 30 drone
1233 1 881 883 32 30 drone
1234 1 882 883 32 30 drone
1235 1 882 889 32 30 drone
1236 1 884 894 34 31 drone
1237 1 884 897 34 31 drone
1238 1 886 893 34 31 drone
1239 1 887 897 34 31 drone
1240 1 888 899 34 31 drone
1241 1 888 903 34 31 drone
1242 1 890 902 32 30 drone
1243 1 891 900 32 30 drone
1244 1 892 901 32 30 drone
1245 1 893 909 34 31 drone
1246 1 895 914 32 30 drone
1247 1 895 916 32 30 drone
1248 1 892 913 34 31 drone
1249 1 894 911 34 31 drone
1250 1 896 912 34 31 drone
1251 1 896 918 32 30 drone
1252 1 897 923 32 30 drone
1253 1 898 923 32 30 drone
1254 1 897 919 32 30 drone
1255 1 899 918 32 30 drone
1256 1 898 921 34 31 drone
1257 1 898 926 32 30 drone
1258 1 898 928 34 31 drone
1259 1 899 929 34 31 drone
1260 1 899 926 34 31 drone
1261 1 899 927 32 30 drone
1262 1 900 929 32 30 drone
1263 1 901 931 32 30 drone
1264 1 902 931 32 30 drone
1265 1 900 932 32 30 drone
1266 1 901 933 32 30 drone
1267 1 901 934 32 30 drone
1268 1 900 934 34 31 drone
1269 1 900 935 34 31 drone
1270 1 900 936 32 30 drone
1271 1 900 939 32 30 drone
1272 1 900 942 32 30 drone
1273 1 902 943 32 30 drone
1274 1 900 943 34 31 drone
1275 1 900 943 34 31 drone
1276 1 899 946 34 31 drone
1277 1 899 947 34 31 drone
1278 1 897 949 34 31 drone
1279 1 899 952 32 30 drone
1280 1 899 953 32 30 drone
1281 1 897 951 32 30 drone
1282 1 897 954 32 30 drone
1283 1 898 957 32 30 drone
1284 1 898 957 32 30 drone
1285 1 896 954 32 30 drone
1286 1 895 953 32 30 drone
1287 1 894 955 34 31 drone
1288 1 893 956 34 31 drone
1289 1 893 956 34 31 drone
1290 1 891 953 34 31 drone
1291 1 890 949 34 31 drone
1292 1 889 949 34 31 drone
1293 1 890 951 32 30 drone
1294 1 888 953 32 30 drone
1295 1 884 953 34 31 drone
1296 1 884 954 34 31 drone
1297 1 884 954 34 31 drone
1298 1 881 953 34 31 drone
1299 1 881 953 34 31 drone
1300 1 878 950 34 31 drone
1301 1 877 953 34 31 drone
1302 1 876 955 34 31 drone
1303 1 876 957 32 30 drone
1304 1 875 958 32 30 drone
1305 1 873 958 34 31 drone
1306 1 871 954 34 31 drone
1307 1 869 954 34 31 drone
1308 1 868 955 34 31 drone
1309 1 866 956 34 31 drone
1310 1 864 959 34 31 drone
1311 1 863 957 34 31 drone
1312 1 861 956 34 31 drone
1313 1 859 955 34 31 drone
1314 1 859 957 34 31 drone
1315 1 857 959 34 31 drone
1316 1 854 959 34 31 drone
1317 1 852 958 34 31 drone
1318 1 851 960 32 30 drone
1319 1 848 964 32 30 drone
1320 1 847 965 32 30 drone
1321 1 845 965 32 30 drone
1322 1 843 961 32 30 drone
1323 1 842 962 32 30 drone
1324 1 840 965 32 30 drone
1325 1 837 971 32 30 drone
1326 1 834 971 32 30 drone
1327 1 832 968 32 30 drone
1328 1 830 965 32 30 drone
1329 1 827 966 32 30 drone
1330 1 826 971 32 30 drone
1331 1 824 974 32 30 drone
1332 1 821 973 32 30 drone
1333 1 818 969 32 30 drone
1334 1 815 970 32 30 drone
1335 1 812 975 32 30 drone
1336 1 810 977 32 30 drone
1337 1 809 977 32 30 drone
1338 1 807 976 32 30 drone
1339 1 803 975 32 30 drone
1340 1 802 977 32 30 drone
1341 1 800 979 32 30 drone
1342 1 797 981 32 30 drone
1343 1 794 979 32 30 drone
1344 1 790 980 32 30 drone
1345 1 789 981 32 30 drone
1346 1 786 982 34 31 drone
1347 1 784 984 32 30 drone
1348 1 781 984 32 30 drone
1349 1 780 984 32 30 drone
1350 1 778 983 32 30 drone
1351 1 775 986 32 30 drone
1352 1 773 986 32 30 drone
1353 1 769 987 32 30 drone
1354 1 766 987 32 30 drone
1355 1 765 987 32 30 drone
1356 1 763 991 32 30 drone
1357 1 759 993 34 31 drone
1358 1 756 994 34 31 drone
1359 1 755 992 32 30 drone
1360 1 751 993 32 30 drone
1361 1 749 998 32 30 drone
1362 1 748 1000 32 30 drone
1363 1 745 1001 32 30 drone
1364 1 743 999 32 30 drone
1365 1 738 997 32 30 drone
1366 1 735 998 34 31 drone
1367 1 734 1006 34 31 drone
1368 1 730 1010 34 31 drone
1369 1 729 1008 34 31 drone
1370 1 728 1004 32 30 drone
1371 1 725 1006 32 30 drone
1372 1 723 1014 34 31 drone
1373 1 719 1018 34 31 drone
1374 1 716 1018 34 31 drone
1375 1 715 1015 32 30 drone
1376 1 713 1015 32 30 drone
1377 1 710 1020 32 30 drone
1378 1 708 1024 32 30 drone
1379 1 706 1024 32 30 drone
1380 1 703 1023 32 30 drone
1381 1 701 1022 32 30 drone
1382 1 699 1018 32 30 drone
1383 1 694 955 34 31 drone
1384 1 692 875 34 31 drone
1385 1 690 813 34 31 drone
1386 1 688 742 34 31 drone
1387 1 684 663 34 31 drone
1388 1 683 547 35 32 drone
1389 1 682 441 32 30 drone
1390 1 678 328 34 31 drone
1391 1 676 209 34 31 drone
1392 1 674 167 34 31 drone
1393 1 672 179 34 31 drone
1394 1 671 186 32 30 drone
1395 1 668 188 32 30 drone
1396 1 666 184 32 30 drone
1397 1 663 182 34 31 drone
1398 1 659 182 34 31 drone
1399 1 656 184 34 31 drone
1400 1 656 185 34 31 drone
1401 1 654 185 32 30 drone
1402 1 652 184 32 30 drone
1403 1 649 180 32 30 drone
1404 1 648 180 32 30 drone
1405 1 642 181 34 31 drone
1406 1 642 182 34 31 drone
1407 1 637 179 34 31 drone
1408 1 635 175 34 31 drone
1409 1 633 174 34 31 drone
1410 1 631 178 34 31 drone
1411 1 628 181 34 31 drone
1412 1 646 179 34 31 drone
1413 1 798 179 33 26 drone
1414 1 946 177 33 26 drone
1415 1 1027 180 33 26 drone
1416 1 1138 186 31 25 drone
1417 1 1281 184 33 26 drone
1418 1 1409 179 33 26 drone
1419 1 1527 178 33 26 drone
1420 1 1653 180 33 26 drone
1421 1 1752 182 35 27 drone
1422 1 1747 183 35 27 drone
1423 1 1752 183 35 27 drone
1424 1 1766 180 37 28 drone
1425 1 1796 181 37 28 drone
1426 1 1806 185 35 27 drone
1427 1 1804 188 35 27 drone
1428 1 1802 187 33 26 drone
1429 1 1799 186 33 26 drone
1430 1 1797 184 35 27 drone
1431 1 1795 186 35 27 drone
1432 1 1791 189 35 27 drone
1433 1 1789 190 35 27 drone
1434 1 1787 187 33 26 drone
1435 1 1785 187 33 26 drone
1436 1 1783 187 33 26 drone
1437 1 1782 190 33 26 drone
1438 1 1778 190 35 27 drone
1439 1 1776 188 33 26 drone
1440 1 1774 188 33 26 drone
1441 1 1772 187 33 26 drone
1442 1 1770 190 33 26 drone
1443 1 1768 190 33 26 drone
1444 1 1766 189 33 26 drone
1445 1 1762 186 33 26 drone
1446 1 1760 186 33 26 drone
1447 1 1758 186 33 26 drone
1448 1 1756 187 33 26 drone
1449 1 1754 187 33 26 drone
1450 1 1744 184 35 27 drone
1451 1 1722 182 35 27 drone
1452 1 1658 180 34 28 drone
1453 1 1609 185 32 25 drone
1454 1 1575 189 32 25 drone
1455 1 1562 187 32 25 drone
1456 1 1557 182 32 25 drone
1457 1 1553 181 32 25 drone
1458 1 1550 181 32 25 drone
1459 1 1547 185 32 25 drone
1460 1 1543 183 32 25 drone
1461 1 1538 178 32 25 drone
1462 1 1534 172 32 25 drone
1463 1 1531 172 32 25 drone
1464 1 1528 175 32 25 drone
1465 1 1527 179 30 24 drone
1466 1 1524 175 32 25 drone
1467 1 1519 170 32 25 drone
1468 1 1517 164 32 25 drone
1469 1 1517 163 32 25 drone
1470 1 1514 169 32 25 drone
1471 1 1512 170 32 25 drone
1472 1 1509 165 32 25 drone
1473 1 1507 157 32 25 drone
1474 1 1505 157 30 24 drone
1475 1 1505 163 29 23 drone
1476 1 1503 163 29 23 drone
1477 1 1501 155 29 23 drone
1478 1 1497 146 29 23 drone
1479 1 1495 145 29 23 drone
1480 1 1493 149 30 24 drone
1481 1 1491 152 30 24 drone
1482 1 1489 149 30 24 drone
1483 1 1487 141 32 25 drone
1484 1 1485 134 32 25 drone
1485 1 1483 135 32 25 drone
1486 1 1482 138 32 25 drone
1487 1 1481 138 32 25 drone
1488 1 1477 132 32 25 drone
1489 1 1475 127 32 25 drone
1490 1 1474 123 32 25 drone
1491 1 1471 123 32 25 drone
1492 1 1471 127 30 24 drone
1493 1 1470 126 30 24 drone
1494 1 1467 120 30 24 drone
1495 1 1465 116 30 24 drone
1496 1 1463 114 30 24 drone
1497 1 1462 115 29 23 drone
1498 1 1460 117 29 23 drone
1499 1 1458 116 29 23 drone
1500 1 1455 112 29 23 drone
