0 0
1 1 996 501 16 13 drone
2 1 987 502 22 14 drone
3 1 984 502 22 14 drone
4 1 976 502 21 13 drone
5 1 973 504 20 13 drone
6 1 967 504 20 13 drone
7 1 955 506 20 13 drone
8 1 942 502 25 18 drone
9 1 937 503 23 16 drone
10 1 929 504 24 17 drone
11 1 922 504 23 17 drone
12 1 908 505 24 17 drone
13 1 893 506 25 18 drone
14 1 887 508 24 17 drone
15 1 873 508 24 17 drone
16 1 859 510 25 18 drone
17 1 851 510 25 18 drone
18 1 845 510 25 18 drone
19 1 830 511 26 19 drone
20 1 824 511 25 18 drone
21 1 817 512 25 18 drone
22 1 810 513 25 18 drone
23 1 804 513 26 18 drone
24 1 796 513 25 18 drone
25 1 782 514 25 18 drone
26 1 775 514 25 18 drone
27 1 768 515 25 18 drone
28 1 777 520 26 19 drone
29 1 889 523 26 19 drone
30 1 1255 522 26 19 drone
31 1 1335 525 26 19 drone
32 1 1492 523 27 21 drone
33 1 1551 526 28 17 drone
34 1 1602 528 28 17 drone
35 1 1802 528 27 16 drone
36 1 1836 528 27 16 drone
37 1 1831 528 28 17 drone
38 1 1817 530 30 18 drone
39 1 1807 531 28 17 drone
40 1 1805 533 29 18 drone
41 1 1789 535 31 19 drone
42 1 1782 535 31 19 drone
43 1 1774 536 31 19 drone
44 1 1767 536 31 19 drone
45 1 1760 537 31 19 drone
46 1 1745 537 32 20 drone
47 1 1738 538 32 20 drone
48 1 1731 537 32 20 drone
49 1 1722 537 34 21 drone
50 1 1716 539 32 20 drone
51 1 1710 538 32 20 drone
52 1 1695 537 32 20 drone
53 1 1686 537 34 21 drone
54 1 1679 539 32 20 drone
55 1 1672 538 32 20 drone
56 1 1665 538 31 19 drone
57 1 1650 538 29 18 drone
58 1 1643 537 29 18 drone
59 1 1635 537 31 19 drone
60 1 1628 538 32 20 drone
61 1 1619 537 34 21 drone
62 1 1612 537 34 21 drone
63 1 1597 536 34 21 drone
64 1 1590 537 34 21 drone
65 1 1583 536 34 21 drone
66 1 1576 535 34 21 drone
67 1 1568 537 34 21 drone
68 1 1552 536 34 21 drone
69 1 1544 535 34 21 drone
70 1 1538 535 32 20 drone
71 1 1530 535 32 20 drone
72 1 1522 534 32 20 drone
73 1 1515 535 32 20 drone
74 1 1500 533 32 20 drone
75 1 1494 533 31 19 drone
76 1 1486 534 32 20 drone
77 1 1480 532 32 20 drone
78 1 1472 532 32 20 drone
79 1 1463 530 34 21 drone
80 1 1456 531 34 21 drone
81 1 1449 530 34 21 drone
82 1 1442 529 34 21 drone
83 1 1427 527 34 21 drone
84 1 1418 527 34 21 drone
85 1 1410 527 32 21 drone
86 1 1407 527 32 21 drone
87 1 1400 528 32 21 drone
88 1 1392 526 32 21 drone
89 1 1376 525 24 18 drone
90 1 1372 527 24 18 drone
91 1 1364 527 23 17 drone
92 1 1358 525 23 17 drone
93 1 1348 525 24 18 drone
94 1 1333 523 24 18 drone
95 1 1324 523 24 18 drone
96 1 1320 523 23 17 drone
97 0
98 0
99 0
100 0
101 0
102 0
103 0
104 0
105 1 1230 518 23 16 drone
106 1 1228 520 23 16 drone
107 1 1219 519 24 17 drone
108 1 1212 518 24 17 drone
109 1 1203 518 24 17 drone
110 1 1197 517 24 17 drone
111 1 1180 519 25 18 drone
112 1 1175 518 25 18 drone
113 1 1176 518 25 18 drone
114 1 1173 518 25 18 drone
115 1 1160 517 25 18 drone
116 1 1155 517 25 18 drone
117 1 1133 511 25 18 drone
118 1 1123 512 24 17 drone
119 1 1115 513 24 17 drone
120 1 1107 513 24 17 drone
121 1 1099 513 24 17 drone
122 1 1082 510 25 18 drone
123 1 1073 509 26 19 drone
124 1 1064 510 25 18 drone
125 1 1056 511 25 18 drone
126 1 1048 512 25 18 drone
127 1 1040 511 25 18 drone
128 1 1021 512 26 19 drone
129 1 1012 511 26 19 drone
130 1 1005 511 26 19 drone
131 1 997 512 26 19 drone
132 1 988 511 26 19 drone
133 1 969 512 28 20 drone
134 1 962 512 26 19 drone
135 1 953 511 26 19 drone
136 1 950 515 28 20 drone
137 1 954 518 28 20 drone
138 1 1041 518 28 20 drone
139 1 1294 517 28 20 drone
140 1 1316 518 29 21 drone
141 1 1402 518 29 21 drone
142 1 1464 517 29 21 drone
143 1 1487 517 29 21 drone
144 1 1612 518 30 22 drone
145 1 1618 518 30 22 drone
146 1 1615 520 30 22 drone
147 1 1603 519 30 22 drone
148 1 1591 520 31 23 drone
149 1 1583 520 31 23 drone
150 1 1567 520 26 23 drone
151 1 1562 521 26 23 drone
152 1 1551 521 26 23 drone
153 1 1541 522 26 22 drone
154 1 1536 523 26 22 drone
155 1 1512 524 31 22 drone
156 1 1504 525 31 22 drone
157 1 1496 525 31 22 drone
158 1 1487 526 31 22 drone
159 1 1480 526 31 22 drone
160 1 1470 526 31 22 drone
161 1 1453 526 33 23 drone
162 1 1445 527 33 23 drone
163 1 1435 523 28 25 drone
164 1 1429 524 28 25 drone
165 1 1424 524 28 25 drone
166 1 1406 524 28 25 drone
167 1 1394 524 28 25 drone
168 1 1386 525 28 25 drone
169 1 1380 526 27 24 drone
170 1 1368 524 27 24 drone
171 1 1352 524 27 24 drone
172 1 1345 524 26 23 drone
173 1 1334 523 27 24 drone
174 1 1324 524 27 24 drone
175 1 1316 523 27 24 drone
176 1 1307 523 27 24 drone
177 1 1295 524 26 23 drone
178 1 1284 523 26 23 drone
179 1 1273 522 27 24 drone
180 1 1260 523 26 23 drone
181 1 1248 522 26 23 drone
182 1 1240 523 26 23 drone
183 1 1231 522 26 23 drone
184 1 1216 521 26 23 drone
185 1 1202 520 31 21 drone
186 1 1194 520 31 21 drone
187 1 1185 520 31 21 drone
188 1 1176 518 33 22 drone
189 1 1157 517 34 23 drone
190 1 1149 517 33 22 drone
191 1 1140 517 33 22 drone
192 1 1132 516 33 22 drone
193 1 1123 516 33 22 drone
194 1 1116 515 33 22 drone
195 1 1098 516 33 22 drone
196 1 1090 515 33 22 drone
197 1 1080 514 33 22 drone
198 1 1072 514 33 22 drone
199 1 1062 513 33 22 drone
200 1 1054 513 33 22 drone
201 1 1037 512 33 22 drone
202 1 1029 512 33 22 drone
203 1 1020 512 33 22 drone
204 1 1012 512 33 22 drone
205 1 1002 511 33 22 drone
206 1 988 511 33 22 drone
207 1 977 511 28 21 drone
208 1 969 511 28 21 drone
209 1 973 510 28 21 drone
210 1 1039 508 28 21 drone
211 1 1257 506 28 21 drone
