0 0
1 1 950 538 31 27 drone
2 1 942 538 31 27 drone
3 1 927 539 31 27 drone
4 1 909 541 31 27 drone
5 1 898 541 30 26 drone
6 1 887 541 30 26 drone
7 1 875 540 30 26 drone
8 1 864 541 30 26 drone
9 1 841 538 30 26 drone
10 1 844 544 30 26 drone
11 1 848 545 30 26 drone
12 1 1024 546 30 26 drone
13 1 1206 545 30 26 drone
14 1 1251 544 31 27 drone
15 1 1280 545 31 27 drone
16 1 1273 545 31 27 drone
17 1 1261 543 31 27 drone
18 1 1247 545 30 26 drone
19 1 1237 544 30 26 drone
20 1 1216 544 31 27 drone
21 1 1201 543 31 27 drone
22 1 1194 544 31 27 drone
23 1 1184 545 31 27 drone
24 1 1173 545 31 27 drone
25 1 1147 545 33 28 drone
26 1 1138 545 33 28 drone
27 1 1126 545 33 28 drone
28 1 1114 546 33 28 drone
29 1 1102 546 33 28 drone
30 1 1081 545 33 28 drone
31 1 1070 546 33 28 drone
32 1 1059 546 33 28 drone
33 1 1047 548 33 28 drone
34 1 1037 547 33 28 drone
35 1 1014 547 33 28 drone
36 1 1005 548 33 28 drone
37 1 992 549 33 28 drone
38 1 980 549 33 28 drone
39 1 972 548 33 28 drone
40 1 959 548 33 28 drone
41 1 935 549 34 30 drone
42 1 924 550 34 30 drone
43 1 912 550 34 30 drone
44 1 901 550 34 30 drone
45 1 889 549 34 30 drone
46 1 865 550 36 31 drone
47 1 851 552 36 31 drone
48 1 838 552 36 31 drone
49 1 827 552 36 31 drone
50 1 808 545 36 31 drone
51 1 785 543 36 31 drone
52 1 772 542 36 31 drone
53 1 759 543 36 31 drone
54 1 750 542 36 31 drone
55 1 738 542 34 30 drone
56 1 727 542 34 30 drone
57 1 701 540 36 31 drone
58 1 689 539 36 31 drone
59 1 677 538 36 31 drone
60 1 663 538 36 31 drone
61 1 653 537 36 31 drone
62 1 630 535 36 31 drone
63 1 618 537 36 31 drone
64 1 605 537 36 31 drone
65 1 594 536 36 31 drone
66 1 582 537 36 31 drone
67 1 553 532 34 32 drone
68 1 546 533 34 32 drone
69 1 531 532 36 34 drone
70 1 545 538 36 34 drone
71 1 746 539 34 32 drone
72 1 1111 539 34 32 drone
73 1 1238 539 34 32 drone
74 1 1467 537 34 32 drone
75 1 1457 538 34 32 drone
76 1 1457 539 34 32 drone
77 1 1420 540 30 31 drone
78 1 1412 541 30 31 drone
79 1 1402 541 30 31 drone
80 1 1391 542 31 33 drone
81 1 1374 544 31 33 drone
82 1 1358 539 31 33 drone
83 1 1338 537 33 35 drone
84 1 1325 539 33 35 drone
85 1 1308 539 33 35 drone
86 1 1300 541 33 35 drone
87 1 1290 542 31 33 drone
88 1 1259 537 30 32 drone
89 1 1253 538 30 32 drone
90 1 1242 538 30 32 drone
91 1 1222 538 33 31 drone
92 1 1213 539 33 31 drone
93 1 1196 536 33 31 drone
94 1 1173 537 35 33 drone
95 1 1161 535 35 33 drone
96 1 1143 533 35 33 drone
97 1 1135 536 35 33 drone
98 1 1108 536 32 28 drone
99 1 1118 538 32 28 drone
100 1 1315 533 32 28 drone
101 0
102 0
103 0
104 0
105 0
106 0
107 0
108 0
109 0
110 0
111 0
112 0
113 0
114 0
115 0
116 0
117 0
118 0
119 0
120 0
121 0
122 0
123 0
124 0
125 0
126 0
127 0
128 0
129 0
130 0
131 1 1873 535 37 29 drone
132 1 1864 537 37 29 drone
133 1 1833 535 39 30 drone
134 1 1825 536 39 30 drone
135 1 1810 535 41 31 drone
136 1 1799 536 41 31 drone
137 1 1781 532 39 30 drone
138 1 1773 532 39 30 drone
139 1 1747 532 41 31 drone
140 1 1733 532 41 31 drone
141 1 1721 533 33 31 drone
142 1 1715 533 33 31 drone
143 1 1700 533 33 31 drone
144 1 1669 531 33 31 drone
145 1 1659 532 33 31 drone
146 1 1645 535 33 31 drone
147 1 1633 534 33 31 drone
148 1 1620 532 33 31 drone
149 1 1588 529 33 31 drone
150 1 1582 530 33 31 drone
151 1 1567 530 33 31 drone
152 1 1551 527 33 31 drone
153 1 1544 526 33 31 drone
154 1 1528 526 33 31 drone
155 1 1501 524 35 33 drone
156 1 1489 525 35 33 drone
157 1 1470 527 35 30 drone
158 1 1461 527 35 30 drone
159 1 1448 528 33 29 drone
160 1 1420 527 35 30 drone
161 1 1408 527 35 30 drone
162 1 1395 527 33 29 drone
163 1 1381 528 35 30 drone
164 1 1368 529 33 29 drone
165 1 1337 524 35 30 drone
166 1 1329 526 35 30 drone
167 1 1314 526 35 30 drone
168 1 1301 527 35 30 drone
169 1 1288 527 35 30 drone
170 1 1260 524 37 31 drone
171 1 1248 525 37 31 drone
172 1 1236 527 37 31 drone
173 1 1222 527 37 31 drone
174 1 1209 528 37 31 drone
175 1 1191 524 37 31 drone
176 1 1167 528 37 31 drone
177 1 1151 528 39 33 drone
178 1 1137 526 39 33 drone
179 1 1127 529 37 31 drone
180 1 1113 528 39 33 drone
181 1 1085 530 39 33 drone
182 1 1072 531 39 33 drone
183 1 1059 530 39 33 drone
184 1 1045 529 39 33 drone
185 1 1031 533 39 33 drone
186 1 1018 533 39 33 drone
187 1 988 535 34 31 drone
188 1 977 539 34 31 drone
189 1 960 540 32 26 drone
190 1 950 543 32 26 drone
191 1 938 544 34 27 drone
192 1 912 546 32 26 drone
193 1 893 548 34 27 drone
194 1 880 548 34 27 drone
195 1 866 551 34 27 drone
196 1 853 551 34 27 drone
197 1 822 553 35 29 drone
198 1 812 556 35 29 drone
199 1 832 558 35 29 drone
200 1 1108 556 35 29 drone
201 1 1416 558 35 29 drone
202 1 1494 557 35 29 drone
203 1 1766 556 35 29 drone
204 1 1744 561 35 29 drone
205 1 1724 561 35 29 drone
206 1 1712 560 35 29 drone
207 1 1700 559 35 29 drone
208 1 1677 559 35 29 drone
209 1 1653 563 37 30 drone
210 1 1636 561 35 29 drone
211 1 1624 563 35 29 drone
212 1 1610 562 33 28 drone
213 1 1598 563 33 28 drone
214 1 1576 568 32 26 drone
215 1 1550 564 33 28 drone
216 1 1540 566 33 28 drone
217 1 1526 567 33 28 drone
218 1 1510 566 33 28 drone
219 1 1476 567 33 28 drone
220 1 1467 567 33 28 drone
221 1 1455 570 33 28 drone
222 1 1440 570 33 28 drone
223 1 1426 570 33 28 drone
224 1 1394 568 33 28 drone
225 1 1381 569 33 28 drone
226 1 1371 568 33 28 drone
227 1 1351 565 33 28 drone
228 1 1341 566 33 28 drone
229 1 1326 564 33 28 drone
230 1 1294 567 33 28 drone
231 1 1280 567 33 28 drone
232 1 1265 567 33 28 drone
233 1 1256 569 33 28 drone
234 1 1240 566 31 27 drone
235 1 1216 569 33 28 drone
236 1 1202 567 34 30 drone
237 1 1179 570 34 30 drone
238 1 1170 571 34 30 drone
239 1 1155 572 36 31 drone
240 1 1139 570 36 31 drone
241 1 1108 569 36 31 drone
242 1 1096 569 36 31 drone
243 1 1081 570 36 31 drone
244 1 1068 573 34 30 drone
245 1 1058 572 34 30 drone
246 1 1021 569 32 29 drone
247 1 1015 570 32 29 drone
248 1 1013 570 32 29 drone
249 1 1140 567 32 29 drone
250 1 1453 566 32 29 drone
251 1 1623 567 32 29 drone
252 1 1747 563 34 30 drone
253 1 1755 562 34 30 drone
254 1 1773 562 34 30 drone
255 1 1867 566 34 30 drone
256 0
257 0
258 0
259 0
260 0
261 1 1879 572 31 26 drone
262 1 1853 571 33 27 drone
263 1 1839 575 33 27 drone
264 1 1826 578 34 29 drone
265 1 1806 578 34 29 drone
266 1 1795 579 34 29 drone
267 1 1762 581 34 29 drone
268 1 1749 585 34 29 drone
269 1 1734 589 32 28 drone
270 1 1723 588 32 28 drone
271 1 1703 586 34 29 drone
272 1 1688 590 34 29 drone
273 1 1655 594 34 29 drone
274 1 1647 594 34 29 drone
275 1 1630 595 34 29 drone
276 1 1614 596 34 29 drone
277 1 1600 597 36 30 drone
278 1 1566 596 36 30 drone
279 1 1559 595 36 30 drone
280 1 1538 600 34 26 drone
281 1 1519 599 34 26 drone
282 1 1510 601 34 26 drone
283 1 1495 600 34 26 drone
284 1 1471 603 34 26 drone
285 1 1444 606 34 26 drone
286 1 1430 608 34 26 drone
287 1 1417 606 34 26 drone
288 1 1402 608 34 26 drone
289 1 1369 607 34 26 drone
290 1 1363 607 34 26 drone
291 1 1337 607 34 26 drone
292 1 1327 610 34 26 drone
293 1 1309 611 34 26 drone
294 1 1296 612 34 26 drone
295 1 1261 609 32 30 drone
296 1 1252 609 30 29 drone
297 1 1232 610 32 30 drone
298 1 1221 614 32 30 drone
299 1 1202 609 32 30 drone
300 1 1170 610 32 30 drone
301 1 1153 610 32 30 drone
302 1 1138 612 32 30 drone
303 1 1119 613 34 31 drone
304 1 1108 615 34 31 drone
305 1 1094 615 32 30 drone
306 1 1061 617 32 30 drone
307 1 1047 619 32 30 drone
308 1 1026 617 34 31 drone
309 1 1014 620 34 31 drone
310 1 998 619 36 33 drone
311 1 965 618 37 34 drone
312 1 953 620 37 34 drone
313 1 937 619 29 36 drone
314 1 928 620 29 36 drone
315 1 904 624 30 29 drone
316 1 892 627 30 29 drone
317 1 855 627 31 30 drone
318 1 844 629 31 30 drone
319 1 822 627 33 31 drone
320 1 814 630 31 30 drone
321 1 791 626 33 31 drone
322 1 783 628 33 31 drone
323 1 742 629 33 31 drone
324 1 733 631 33 31 drone
325 1 711 633 35 33 drone
326 1 697 637 35 33 drone
327 1 680 637 31 30 drone
328 1 669 640 30 28 drone
329 1 930 639 30 28 drone
330 0
