0 0
1 0
2 0
3 0
4 0
5 0
6 0
7 0
8 0
9 0
10 0
11 0
12 0
13 0
14 0
15 0
16 0
17 0
18 0
19 0
20 0
21 0
22 0
23 0
24 0
25 0
26 0
27 0
28 0
29 0
30 0
31 1 0 169 53 109 drone
32 1 -2 164 89 149 drone
33 1 9 190 112 126 drone
34 1 43 199 125 157 drone
35 1 86 215 112 145 drone
36 1 124 247 107 149 drone
37 1 157 279 110 130 drone
38 1 192 303 111 127 drone
39 1 226 326 111 123 drone
40 1 260 350 112 119 drone
41 1 294 373 113 115 drone
42 1 328 397 113 111 drone
43 1 362 420 114 107 drone
44 1 392 441 111 104 drone
45 1 422 462 107 100 drone
46 1 452 484 104 97 drone
47 1 483 505 101 94 drone
48 1 513 526 97 90 drone
49 1 536 541 96 87 drone
50 1 559 557 95 83 drone
51 1 582 573 94 79 drone
52 1 605 589 93 75 drone
53 1 628 604 92 72 drone
54 1 651 620 91 68 drone
55 1 667 629 88 67 drone
56 1 684 638 86 66 drone
57 1 701 647 84 64 drone
58 1 717 656 81 63 drone
59 1 734 665 79 62 drone
60 1 751 674 77 61 drone
61 1 768 683 74 60 drone
62 1 784 692 72 59 drone
63 1 801 701 70 57 drone
64 1 818 710 67 56 drone
65 1 828 717 65 54 drone
66 1 839 724 63 51 drone
67 1 849 732 61 48 drone
68 1 860 739 59 45 drone
69 1 871 747 57 43 drone
70 1 881 754 55 40 drone
71 1 890 758 54 40 drone
72 1 898 763 53 40 drone
73 1 906 767 52 40 drone
74 1 914 771 51 40 drone
75 1 923 776 50 40 drone
76 1 931 780 49 40 drone
77 1 939 784 48 40 drone
78 1 945 788 46 38 drone
79 1 951 792 45 37 drone
80 1 957 796 44 36 drone
81 1 964 800 43 35 drone
82 1 970 804 42 33 drone
83 1 976 808 41 32 drone
84 1 981 810 40 31 drone
85 1 986 813 40 30 drone
86 1 991 816 39 29 drone
87 1 996 819 39 29 drone
88 1 1001 822 38 28 drone
89 1 1006 825 38 27 drone
90 1 1011 828 37 26 drone
91 1 1014 830 37 25 drone
92 1 1018 831 36 25 drone
93 1 1022 833 35 24 drone
94 1 1025 835 35 23 drone
95 1 1029 836 34 23 drone
96 1 1033 838 34 22 drone
97 1 1037 840 33 21 drone
98 1 1040 841 32 21 drone
99 1 1044 841 31 20 drone
100 1 1048 841 30 20 drone
101 1 1052 841 29 20 drone
102 1 1056 840 28 19 drone
103 1 1060 840 27 19 drone
104 1 1065 840 26 19 drone
105 1 1069 840 25 18 drone
106 1 1073 839 24 18 drone
107 1 1077 837 23 18 drone
108 1 1082 835 23 17 drone
109 1 1087 833 22 17 drone
110 1 1092 831 22 17 drone
111 1 1096 829 21 16 drone
112 1 1101 827 20 16 drone
113 1 1106 825 20 15 drone
114 1 1110 823 19 15 drone
115 1 1116 820 19 15 drone
116 1 1121 816 19 15 drone
117 1 1127 813 19 15 drone
118 1 1132 809 19 15 drone
119 1 1137 806 19 15 drone
120 1 1143 802 19 15 drone
121 1 1148 799 19 15 drone
122 1 1153 795 19 15 drone
123 1 1159 792 19 15 drone
124 1 1164 788 19 15 drone
125 1 1170 784 19 15 drone
126 1 1175 779 19 15 drone
127 1 1181 775 19 15 drone
128 1 1187 771 19 15 drone
129 1 1193 766 19 15 drone
130 1 1198 762 19 15 drone
131 1 1204 758 19 16 drone
132 1 1211 754 19 15 drone
133 1 1217 749 19 15 drone
134 1 1223 745 19 15 drone
135 1 1230 741 19 15 drone
136 1 1236 736 19 14 drone
137 1 1243 732 19 14 drone
138 1 1249 728 19 14 drone
139 1 1255 723 19 13 drone
140 1 1262 719 18 13 drone
141 1 1269 715 18 13 drone
142 1 1276 710 17 12 drone
143 1 1283 706 17 12 drone
144 1 1290 702 16 11 drone
145 1 1296 697 16 12 drone
146 1 1303 692 16 12 drone
147 1 1310 688 16 12 drone
148 1 1317 683 16 12 drone
149 1 1323 678 16 12 drone
150 1 1330 673 16 12 drone
151 1 1337 669 16 12 drone
152 1 1344 664 15 12 drone
153 1 1351 659 15 12 drone
154 1 1358 654 15 12 drone
155 1 1365 649 15 12 drone
156 1 1372 645 15 12 drone
157 1 1379 640 15 12 drone
158 1 1386 635 15 11 drone
159 1 1392 630 15 11 drone
160 1 1399 624 15 11 drone
161 1 1406 619 15 11 drone
162 1 1412 614 15 11 drone
163 1 1419 609 15 10 drone
164 1 1426 603 15 10 drone
165 1 1432 598 15 10 drone
166 1 1439 593 15 10 drone
167 1 1445 587 15 10 drone
168 1 1452 581 16 10 drone
169 1 1458 575 16 11 drone
170 1 1464 569 16 11 drone
171 1 1470 562 16 11 drone
172 1 1477 556 16 11 drone
173 1 1483 550 16 12 drone
174 1 1489 544 16 12 drone
175 1 1495 538 17 12 drone
176 1 1501 533 16 12 drone
177 1 1506 527 16 12 drone
178 1 1511 521 15 12 drone
179 1 1516 516 15 12 drone
180 1 1522 510 15 12 drone
181 1 1527 504 14 12 drone
182 1 1532 499 14 12 drone
183 1 1536 493 14 12 drone
184 1 1540 488 13 12 drone
185 1 1545 483 13 12 drone
186 1 1549 478 13 11 drone
187 1 1553 473 13 11 drone
188 1 1557 468 12 11 drone
189 1 1561 462 12 11 drone
190 1 1565 457 12 11 drone
191 1 1567 452 12 11 drone
192 1 1569 447 12 12 drone
193 1 1572 442 13 12 drone
194 1 1574 437 13 12 drone
195 1 1576 432 13 12 drone
196 1 1578 427 13 12 drone
197 1 1580 422 14 12 drone
198 1 1582 418 13 13 drone
199 1 1583 414 13 13 drone
200 1 1584 411 13 13 drone
201 1 1586 407 13 13 drone
202 1 1587 403 13 14 drone
203 1 1588 399 13 14 drone
204 1 1590 395 13 14 drone
205 1 1590 392 13 14 drone
206 1 1590 389 13 14 drone
207 1 1591 386 13 14 drone
208 1 1591 384 13 14 drone
209 1 1591 381 13 13 drone
210 1 1592 378 13 13 drone
211 1 1592 375 13 13 drone
212 1 1592 372 13 13 drone
213 1 1592 370 13 13 drone
214 1 1591 368 13 13 drone
215 1 1591 367 13 13 drone
216 1 1590 365 13 13 drone
217 1 1590 363 14 13 drone
218 1 1589 361 14 13 drone
219 1 1589 359 14 13 drone
220 1 1588 357 14 13 drone
221 1 1588 356 14 13 drone
222 1 1587 354 14 13 drone
223 1 1587 352 14 12 drone
224 1 1586 350 15 12 drone
225 1 1585 350 15 12 drone
226 1 1584 350 15 12 drone
227 1 1582 349 15 12 drone
228 1 1581 349 15 12 drone
229 1 1580 349 15 12 drone
230 1 1578 349 15 12 drone
231 1 1577 349 15 12 drone
232 1 1576 348 15 12 drone
233 1 1575 348 15 12 drone
234 1 1573 348 15 12 drone
235 1 1572 348 15 12 drone
236 1 1571 348 15 12 drone
237 1 1569 349 15 12 drone
238 1 1568 350 15 13 drone
239 1 1567 351 15 13 drone
240 1 1565 351 15 13 drone
241 1 1564 352 14 13 drone
242 1 1563 353 14 13 drone
243 1 1561 354 14 13 drone
244 1 1559 356 14 13 drone
245 1 1557 358 14 13 drone
246 1 1556 359 14 12 drone
247 1 1554 361 15 12 drone
248 1 1552 363 15 12 drone
249 1 1551 365 14 12 drone
250 1 1550 367 14 12 drone
251 1 1549 370 14 12 drone
252 1 1548 372 14 12 drone
253 1 1547 374 14 12 drone
254 1 1546 377 14 12 drone
255 1 1545 379 14 13 drone
256 1 1543 381 14 13 drone
257 1 1542 384 14 13 drone
258 1 1542 387 14 13 drone
259 1 1541 390 14 13 drone
260 1 1540 393 14 13 drone
261 1 1539 396 14 13 drone
262 1 1538 399 14 13 drone
263 1 1537 402 14 13 drone
264 1 1536 405 14 13 drone
265 1 1536 408 14 13 drone
266 1 1536 411 14 12 drone
267 1 1536 415 15 12 drone
268 1 1536 418 15 12 drone
269 1 1536 421 15 12 drone
270 1 1536 425 15 12 drone
271 1 1536 428 15 12 drone
272 1 1536 431 15 12 drone
273 1 1536 434 15 12 drone
274 1 1536 438 15 12 drone
275 1 1537 441 15 12 drone
276 1 1538 443 15 12 drone
277 1 1539 446 15 12 drone
278 1 1540 449 15 12 drone
279 1 1541 452 15 12 drone
280 1 1542 455 15 12 drone
281 1 1543 458 15 13 drone
282 1 1544 460 15 13 drone
283 1 1545 463 15 13 drone
284 1 1547 466 15 13 drone
285 1 1549 468 15 12 drone
286 1 1551 471 15 12 drone
287 1 1553 473 15 12 drone
288 1 1555 476 15 12 drone
289 1 1557 478 15 12 drone
290 1 1559 481 15 11 drone
291 1 1561 484 15 11 drone
292 1 1564 486 15 11 drone
293 1 1566 488 15 11 drone
294 1 1568 490 14 11 drone
295 1 1571 492 14 10 drone
296 1 1573 494 14 10 drone
297 1 1575 496 14 10 drone
298 1 1577 498 14 11 drone
299 1 1579 499 13 11 drone
300 1 1581 501 13 11 drone
301 1 1584 503 13 11 drone
302 1 1586 505 13 12 drone
303 1 1588 506 13 12 drone
304 1 1590 508 13 12 drone
305 1 1592 510 13 12 drone
306 1 1594 512 13 12 drone
307 1 1597 514 13 12 drone
308 1 1599 515 13 12 drone
309 1 1601 517 14 12 drone
310 1 1603 519 14 12 drone
311 1 1605 521 14 12 drone
312 1 1607 522 14 12 drone
313 1 1609 524 14 12 drone
314 1 1611 526 14 12 drone
315 1 1612 527 14 12 drone
316 1 1614 529 14 12 drone
317 1 1616 530 14 12 drone
318 1 1618 532 14 12 drone
319 1 1619 534 14 12 drone
320 1 1620 535 14 12 drone
321 1 1621 537 14 12 drone
322 1 1622 539 14 12 drone
323 1 1623 541 14 12 drone
324 1 1624 543 14 12 drone
325 1 1625 544 14 12 drone
326 1 1627 546 14 12 drone
327 1 1628 548 14 12 drone
328 1 1629 550 14 12 drone
329 1 1629 552 14 12 drone
330 1 1629 554 14 12 drone
331 1 1629 557 14 12 drone
332 1 1629 559 14 12 drone
333 1 1629 561 14 12 drone
334 1 1629 564 14 12 drone
335 1 1629 566 14 12 drone
336 1 1629 569 14 12 drone
337 1 1629 571 14 12 drone
338 1 1629 573 14 12 drone
339 1 1629 576 14 12 drone
340 1 1630 578 14 12 drone
341 1 1630 580 14 12 drone
342 1 1630 583 14 12 drone
343 1 1630 585 14 12 drone
344 1 1630 588 14 12 drone
345 1 1630 590 14 12 drone
346 1 1630 593 14 12 drone
347 1 1630 595 13 12 drone
348 1 1630 598 13 12 drone
349 1 1630 600 13 12 drone
350 1 1630 603 13 12 drone
351 1 1630 605 13 13 drone
352 1 1630 608 13 13 drone
353 1 1630 610 13 13 drone
354 1 1630 614 13 12 drone
355 1 1631 617 13 12 drone
356 1 1631 620 14 11 drone
357 1 1631 623 14 11 drone
358 1 1631 626 14 11 drone
359 1 1632 629 14 10 drone
360 1 1633 632 13 10 drone
361 1 1634 635 13 10 drone
362 1 1636 637 13 11 drone
363 1 1637 640 12 11 drone
364 1 1639 642 12 11 drone
365 1 1641 644 12 10 drone
366 1 1642 646 12 10 drone
367 1 1644 649 12 10 drone
368 1 1645 651 13 10 drone
369 1 1647 653 13 10 drone
370 1 1649 655 13 10 drone
371 1 1650 658 13 10 drone
372 1 1652 660 13 9 drone
373 1 1653 662 13 9 drone
374 1 1656 663 13 9 drone
375 1 1658 665 13 9 drone
376 1 1661 666 12 9 drone
377 1 1663 668 12 9 drone
378 1 1666 669 12 9 drone
379 1 1669 671 12 9 drone
380 1 1671 672 12 9 drone
381 1 1674 673 12 9 drone
382 1 1676 673 12 9 drone
383 1 1679 673 12 9 drone
384 1 1682 673 12 9 drone
385 1 1684 673 12 9 drone
386 1 1687 673 12 9 drone
387 1 1690 673 12 9 drone
388 1 1693 673 12 10 drone
389 1 1695 673 13 10 drone
390 1 1698 673 13 10 drone
391 1 1701 673 13 10 drone
392 1 1703 672 13 10 drone
393 1 1706 671 13 10 drone
394 1 1708 670 14 10 drone
395 1 1711 669 14 10 drone
396 1 1714 669 14 10 drone
397 1 1716 668 15 10 drone
398 1 1719 667 15 10 drone
399 1 1721 666 15 10 drone
400 1 1724 665 16 11 drone
401 1 1726 665 16 11 drone
402 1 1729 664 17 11 drone
403 1 1731 663 16 11 drone
404 1 1733 662 16 11 drone
405 1 1734 661 16 12 drone
406 1 1736 660 15 12 drone
407 1 1738 659 15 12 drone
408 1 1740 659 15 12 drone
409 1 1742 658 15 13 drone
410 1 1744 657 14 13 drone
411 1 1746 656 14 13 drone
412 1 1748 655 14 13 drone
413 1 1748 655 14 13 drone
414 1 1749 655 14 12 drone
415 1 1750 655 14 12 drone
416 1 1750 655 14 11 drone
417 1 1751 655 13 11 drone
418 1 1752 654 13 10 drone
419 1 1752 654 13 10 drone
420 1 1752 653 13 11 drone
421 1 1752 653 13 11 drone
422 1 1751 652 13 12 drone
423 1 1751 651 14 13 drone
