0 0
1 0
2 0
3 0
4 0
5 0
6 0
7 0
8 0
9 0
10 0
11 0
12 0
13 0
14 0
15 0
16 0
17 0
18 0
19 0
20 0
21 0
22 0
23 0
24 0
25 0
26 0
27 0
28 0
29 0
30 0
31 0
32 0
33 0
34 0
35 0
36 0
37 0
38 1 0 670 16 22 drone
39 1 8 676 21 21 drone
40 1 18 683 21 21 drone
41 1 28 690 24 21 drone
42 1 41 695 22 21 drone
43 1 54 701 21 21 drone
44 1 66 707 21 21 drone
45 1 77 712 22 21 drone
46 1 89 718 25 22 drone
47 1 102 725 25 19 drone
48 1 115 731 24 19 drone
49 1 127 737 23 19 drone
50 1 140 742 23 19 drone
51 1 153 748 22 20 drone
52 1 165 752 22 19 drone
53 1 178 757 22 19 drone
54 1 190 761 22 18 drone
55 1 203 766 21 18 drone
56 1 215 770 21 18 drone
57 1 228 775 21 17 drone
58 1 240 779 21 17 drone
59 1 253 783 20 16 drone
60 1 265 788 20 16 drone
61 1 278 792 20 16 drone
62 1 290 797 20 15 drone
63 1 302 801 20 15 drone
64 1 314 804 20 15 drone
65 1 326 807 20 15 drone
66 1 338 810 20 15 drone
67 1 349 812 20 15 drone
68 1 361 815 21 15 drone
69 1 373 818 21 15 drone
70 1 385 821 21 15 drone
71 1 397 823 21 15 drone
72 1 408 826 21 15 drone
73 1 420 828 21 15 drone
74 1 432 831 21 15 drone
75 1 444 833 21 15 drone
76 1 456 835 21 15 drone
77 1 467 836 20 16 drone
78 1 479 838 20 16 drone
79 1 491 840 20 17 drone
80 1 502 842 20 17 drone
81 1 514 843 19 18 drone
82 1 525 846 20 17 drone
83 1 537 848 20 17 drone
84 1 548 850 20 16 drone
85 1 560 852 21 16 drone
86 1 571 854 21 15 drone
87 1 583 856 21 15 drone
88 1 594 858 22 15 drone
89 1 606 859 22 15 drone
90 1 617 861 23 15 drone
91 1 628 862 23 15 drone
92 1 640 863 24 15 drone
93 1 651 865 24 15 drone
94 1 662 866 25 15 drone
95 1 674 868 25 15 drone
96 1 685 869 26 15 drone
97 1 696 869 26 15 drone
98 1 708 870 25 15 drone
99 1 719 870 25 14 drone
100 1 730 871 25 14 drone
101 1 742 871 25 14 drone
102 1 753 871 25 14 drone
103 1 764 872 25 14 drone
104 1 776 872 24 14 drone
105 1 787 873 24 14 drone
106 1 798 873 24 14 drone
107 1 810 874 24 14 drone
108 1 821 874 24 14 drone
109 1 832 874 24 14 drone
110 1 844 875 23 14 drone
111 1 855 875 23 14 drone
112 1 865 874 23 14 drone
113 1 875 874 24 14 drone
114 1 885 873 24 14 drone
115 1 895 872 24 14 drone
116 1 905 872 24 14 drone
117 1 915 871 24 14 drone
118 1 926 870 24 14 drone
119 1 936 869 23 14 drone
120 1 947 868 23 14 drone
121 1 958 866 22 15 drone
122 1 968 865 22 15 drone
123 1 979 864 22 15 drone
124 1 989 863 21 15 drone
125 1 999 862 21 14 drone
126 1 1009 861 21 14 drone
127 1 1019 859 21 14 drone
128 1 1029 858 20 14 drone
129 1 1039 857 20 14 drone
130 1 1047 856 20 14 drone
131 1 1055 854 21 14 drone
132 1 1063 852 21 14 drone
133 1 1071 851 21 15 drone
134 1 1079 849 21 15 drone
135 1 1087 848 21 15 drone
136 1 1096 846 21 15 drone
137 1 1104 845 22 15 drone
138 1 1112 843 22 16 drone
139 1 1120 842 22 16 drone
140 1 1127 840 21 16 drone
141 1 1133 838 21 16 drone
142 1 1140 836 20 16 drone
143 1 1146 835 20 16 drone
144 1 1153 833 19 16 drone
145 1 1159 831 18 17 drone
146 1 1164 830 18 16 drone
147 1 1169 829 19 16 drone
148 1 1175 827 19 15 drone
149 1 1180 826 19 15 drone
150 1 1185 825 19 15 drone
151 1 1190 824 19 14 drone
152 1 1194 823 19 14 drone
153 1 1198 822 18 14 drone
154 1 1202 821 18 14 drone
155 1 1206 820 18 15 drone
156 1 1210 819 18 15 drone
157 1 1214 818 18 15 drone
158 1 1217 818 18 15 drone
159 1 1220 817 18 15 drone
160 1 1223 817 18 15 drone
161 1 1226 817 18 15 drone
162 1 1229 816 18 15 drone
163 1 1232 816 19 15 drone
164 1 1234 816 19 15 drone
165 1 1236 816 20 15 drone
166 1 1238 816 20 15 drone
167 1 1240 815 21 15 drone
168 1 1242 815 21 15 drone
169 1 1244 815 22 15 drone
170 1 1246 815 21 15 drone
171 1 1248 815 21 15 drone
172 1 1250 816 21 15 drone
173 1 1251 816 21 15 drone
174 1 1253 816 21 15 drone
175 1 1255 816 21 15 drone
176 1 1257 816 20 15 drone
177 1 1259 817 20 15 drone
178 1 1260 817 19 15 drone
179 1 1262 817 19 14 drone
180 1 1264 818 18 14 drone
181 1 1266 818 18 14 drone
182 1 1266 818 18 14 drone
183 1 1267 819 18 13 drone
184 1 1268 819 18 13 drone
185 1 1269 820 18 13 drone
186 1 1270 820 18 12 drone
187 1 1270 821 18 12 drone
188 1 1271 821 17 12 drone
189 1 1271 822 17 12 drone
190 1 1272 822 17 12 drone
191 1 1273 822 17 13 drone
192 1 1273 823 17 13 drone
193 1 1274 823 17 13 drone
194 1 1274 823 17 13 drone
195 1 1275 823 17 13 drone
196 1 1275 824 17 13 drone
197 1 1276 824 17 13 drone
198 1 1276 824 18 13 drone
199 1 1277 824 18 14 drone
200 1 1277 825 18 13 drone
201 1 1277 825 18 13 drone
202 1 1277 826 17 13 drone
203 1 1277 826 17 13 drone
204 1 1277 827 17 13 drone
205 1 1277 827 17 13 drone
206 1 1276 827 17 13 drone
207 1 1275 827 17 13 drone
208 1 1274 827 18 13 drone
209 1 1273 827 18 13 drone
210 1 1272 827 18 13 drone
211 1 1271 827 18 13 drone
212 1 1270 827 18 13 drone
213 1 1268 827 18 13 drone
214 1 1266 827 18 13 drone
215 1 1265 827 18 13 drone
216 1 1264 827 18 13 drone
217 1 1262 827 18 13 drone
218 1 1260 827 18 13 drone
219 1 1257 827 17 13 drone
220 1 1255 827 17 13 drone
221 1 1253 827 17 13 drone
222 1 1250 826 17 14 drone
223 1 1248 826 17 14 drone
224 1 1245 826 17 13 drone
225 1 1242 826 17 13 drone
226 1 1239 826 18 13 drone
227 1 1236 825 18 12 drone
228 1 1233 825 18 12 drone
229 1 1230 825 18 12 drone
230 1 1227 825 18 12 drone
231 1 1224 824 18 12 drone
232 1 1220 824 18 12 drone
233 1 1217 824 17 13 drone
234 1 1214 823 17 13 drone
235 1 1211 823 17 13 drone
236 1 1207 822 17 13 drone
237 1 1203 822 17 13 drone
238 1 1200 822 16 12 drone
239 1 1196 821 16 12 drone
240 1 1192 821 16 12 drone
241 1 1189 820 16 12 drone
242 1 1184 820 16 12 drone
243 1 1180 820 17 12 drone
244 1 1176 819 17 12 drone
245 1 1172 819 17 12 drone
246 1 1168 818 17 12 drone
247 1 1163 818 18 12 drone
248 1 1159 817 18 12 drone
249 1 1156 817 18 13 drone
250 1 1152 816 18 13 drone
251 1 1148 816 18 13 drone
252 1 1144 815 18 13 drone
253 1 1140 815 18 13 drone
254 1 1136 815 18 13 drone
255 1 1133 815 19 13 drone
256 1 1129 814 19 13 drone
257 1 1125 814 19 13 drone
258 1 1122 814 20 12 drone
259 1 1118 814 20 12 drone
260 1 1115 814 20 12 drone
261 1 1112 813 20 13 drone
262 1 1109 813 20 13 drone
263 1 1105 813 19 13 drone
264 1 1102 812 19 13 drone
265 1 1099 812 19 13 drone
266 1 1096 812 19 14 drone
267 1 1094 811 19 14 drone
268 1 1091 811 19 14 drone
269 1 1088 811 19 15 drone
270 1 1086 810 19 15 drone
271 1 1083 810 19 16 drone
272 1 1081 810 18 15 drone
273 1 1079 810 18 15 drone
274 1 1078 810 18 15 drone
275 1 1076 810 18 15 drone
276 1 1074 810 18 15 drone
277 1 1072 810 17 15 drone
278 1 1071 810 18 15 drone
279 1 1070 810 18 15 drone
280 1 1069 811 18 14 drone
281 1 1067 811 18 14 drone
282 1 1066 811 18 14 drone
283 1 1065 811 18 14 drone
284 1 1064 811 18 14 drone
285 1 1064 811 18 15 drone
286 1 1064 811 18 15 drone
287 1 1063 811 18 15 drone
288 1 1062 811 18 16 drone
289 1 1062 811 18 16 drone
290 1 1062 811 18 16 drone
291 1 1062 812 18 16 drone
292 1 1062 812 18 16 drone
293 1 1062 812 18 16 drone
294 1 1062 812 18 16 drone
295 1 1062 813 18 17 drone
296 1 1064 813 18 16 drone
297 1 1065 814 18 15 drone
298 1 1066 815 18 15 drone
299 1 1068 815 17 14 drone
300 1 1069 816 17 14 drone
301 1 1070 817 17 13 drone
302 1 1072 818 17 13 drone
303 1 1075 818 17 13 drone
304 1 1077 819 16 13 drone
305 1 1080 820 16 13 drone
306 1 1082 821 16 13 drone
307 1 1085 821 16 13 drone
308 1 1088 822 15 13 drone
309 1 1092 823 15 13 drone
310 1 1096 823 15 14 drone
311 1 1099 824 15 14 drone
312 1 1103 824 15 14 drone
313 1 1107 825 15 14 drone
314 1 1112 826 15 14 drone
315 1 1116 827 15 14 drone
316 1 1121 827 16 14 drone
317 1 1126 828 16 13 drone
318 1 1131 829 16 13 drone
319 1 1136 830 17 13 drone
320 1 1141 831 17 13 drone
321 1 1146 831 17 13 drone
322 1 1151 832 18 13 drone
323 1 1156 833 18 13 drone
324 1 1161 834 18 12 drone
325 1 1167 835 18 12 drone
326 1 1174 835 17 12 drone
327 1 1180 836 17 12 drone
328 1 1187 837 16 11 drone
329 1 1194 838 16 11 drone
330 1 1200 838 15 11 drone
331 1 1207 839 15 11 drone
332 1 1214 839 15 11 drone
333 1 1221 839 15 12 drone
334 1 1228 840 15 12 drone
335 1 1235 840 15 12 drone
336 1 1242 840 15 12 drone
337 1 1250 840 15 12 drone
338 1 1258 841 15 12 drone
339 1 1265 841 15 12 drone
340 1 1273 841 15 11 drone
341 1 1281 841 15 11 drone
342 1 1288 841 15 11 drone
343 1 1296 842 14 11 drone
344 1 1304 842 14 10 drone
345 1 1311 842 14 10 drone
346 1 1319 842 14 10 drone
347 1 1327 841 15 11 drone
348 1 1334 841 15 11 drone
349 1 1342 840 16 12 drone
350 1 1350 839 16 12 drone
351 1 1357 839 17 13 drone
352 1 1365 838 18 14 drone
353 1 1373 837 18 14 drone
354 1 1381 837 18 14 drone
355 1 1389 836 18 14 drone
356 1 1397 836 18 14 drone
357 1 1405 835 18 14 drone
358 1 1413 834 19 14 drone
359 1 1422 833 19 14 drone
360 1 1430 833 19 14 drone
361 1 1438 832 20 14 drone
362 1 1446 831 20 14 drone
363 1 1454 830 20 14 drone
364 1 1462 829 21 14 drone
365 1 1470 828 21 15 drone
366 1 1478 827 21 15 drone
367 1 1486 826 22 15 drone
368 1 1494 825 22 15 drone
369 1 1502 824 22 15 drone
370 1 1510 823 22 15 drone
371 1 1518 822 22 15 drone
372 1 1527 820 21 15 drone
373 1 1535 819 20 15 drone
374 1 1543 817 20 15 drone
375 1 1552 816 19 15 drone
376 1 1560 814 18 15 drone
377 1 1568 813 19 15 drone
378 1 1576 811 19 15 drone
379 1 1583 810 20 15 drone
380 1 1591 809 20 15 drone
381 1 1599 807 20 15 drone
382 1 1607 806 21 15 drone
383 1 1615 804 21 15 drone
384 1 1623 802 21 15 drone
385 1 1631 800 21 15 drone
386 1 1639 798 21 15 drone
387 1 1646 795 21 16 drone
388 1 1654 793 21 16 drone
389 1 1663 791 22 16 drone
390 1 1671 789 22 16 drone
391 1 1680 786 22 16 drone
392 1 1688 784 22 16 drone
393 1 1697 781 22 16 drone
394 1 1705 779 23 16 drone
395 1 1713 776 23 17 drone
396 1 1722 773 23 17 drone
397 1 1730 770 23 17 drone
398 1 1739 767 23 18 drone
399 1 1747 764 24 18 drone
400 1 1756 761 24 19 drone
401 1 1765 758 24 19 drone
402 1 1774 755 24 19 drone
403 1 1784 752 25 18 drone
404 1 1793 749 25 18 drone
405 1 1802 746 25 18 drone
406 1 1811 743 26 18 drone
407 1 1821 739 26 19 drone
408 1 1830 736 27 19 drone
409 1 1839 732 28 19 drone
410 1 1848 728 28 20 drone
411 1 1857 724 29 20 drone
412 1 1866 721 29 20 drone
413 1 1875 717 29 20 drone
414 1 1886 713 29 20 drone
415 1 1897 708 23 20 drone
416 1 1905 706 15 20 drone
417 0
418 0
419 0
420 0
421 0
422 0
423 0
424 0
425 0
426 0
427 0
428 0
429 0
430 0
431 0
432 0
433 0
434 0
435 0
436 0
437 0
438 0
439 0
440 0
441 0
442 0
443 0
444 0
445 0
446 0
447 0
448 0
449 0
