0 2 659 964 17 13 drone 1016 679 19 15 drone
1 2 659 964 18 13 drone 1015 680 20 15 drone
2 2 658 963 18 14 drone 1015 682 20 15 drone
3 2 658 963 18 14 drone 1014 684 20 15 drone
4 2 658 963 19 14 drone 1014 685 21 16 drone
5 2 658 963 19 14 drone 1013 687 21 16 drone
6 2 657 962 19 15 drone 1013 689 21 16 drone
7 2 657 962 20 15 drone 1012 690 22 16 drone
8 2 657 962 20 15 drone 1012 692 22 16 drone
9 2 657 962 20 15 drone 1011 693 22 16 drone
10 2 657 963 20 15 drone 1010 695 22 16 drone
11 2 658 963 19 14 drone 1010 696 22 16 drone
12 2 658 963 19 14 drone 1009 698 22 16 drone
13 2 658 964 19 14 drone 1008 699 22 16 drone
14 2 658 964 19 14 drone 1007 700 22 17 drone
15 2 658 964 19 14 drone 1006 702 22 17 drone
16 2 659 964 18 13 drone 1006 703 22 17 drone
17 2 659 965 18 13 drone 1005 705 22 17 drone
18 2 659 965 18 13 drone 1004 706 22 17 drone
19 2 659 965 18 13 drone 1002 707 22 17 drone
20 2 659 965 18 13 drone 1000 708 22 17 drone
21 2 659 965 18 13 drone 998 708 21 17 drone
22 2 659 965 18 13 drone 996 709 21 17 drone
23 2 660 965 18 13 drone 994 710 21 18 drone
24 2 660 965 17 13 drone 993 711 21 18 drone
25 2 660 965 17 13 drone 991 712 21 18 drone
26 2 660 965 17 13 drone 989 712 20 18 drone
27 2 660 965 17 13 drone 987 713 20 18 drone
28 2 660 965 17 13 drone 985 714 20 18 drone
29 2 660 965 17 13 drone 983 714 20 18 drone
30 2 660 965 17 13 drone 981 715 21 18 drone
31 2 659 966 18 13 drone 979 715 21 18 drone
32 2 659 966 18 13 drone 977 716 21 18 drone
33 2 659 966 18 12 drone 974 716 22 18 drone
34 2 659 966 18 12 drone 972 716 22 17 drone
35 2 659 966 18 12 drone 970 717 22 17 drone
36 2 658 967 19 12 drone 968 717 22 17 drone
37 2 658 967 19 12 drone 966 718 23 17 drone
38 2 658 967 19 12 drone 964 718 23 17 drone
39 2 658 967 19 12 drone 962 718 23 17 drone
40 2 657 967 19 12 drone 960 717 23 18 drone
41 2 656 967 19 12 drone 959 717 23 18 drone
42 2 656 967 19 12 drone 957 717 23 18 drone
43 2 656 966 19 12 drone 955 716 22 18 drone
44 2 655 966 19 12 drone 953 716 22 19 drone
45 2 654 966 19 12 drone 951 716 22 19 drone
46 2 654 966 19 12 drone 950 716 22 19 drone
47 2 654 966 19 12 drone 948 715 22 20 drone
48 2 653 966 19 12 drone 946 715 22 20 drone
49 2 653 966 19 12 drone 945 716 22 20 drone
50 2 652 966 18 12 drone 943 717 22 19 drone
51 2 652 966 18 12 drone 942 718 22 19 drone
52 2 652 966 18 12 drone 940 719 22 19 drone
53 2 652 966 18 12 drone 939 720 22 18 drone
54 2 651 966 17 12 drone 938 720 22 18 drone
55 2 651 966 17 12 drone 936 721 22 18 drone
56 2 651 966 17 12 drone 935 722 22 18 drone
57 2 650 966 16 12 drone 933 723 22 17 drone
58 2 650 966 16 12 drone 932 724 22 17 drone
59 2 650 966 16 12 drone 931 726 22 17 drone
60 2 649 965 17 12 drone 931 727 22 17 drone
61 2 648 965 17 12 drone 930 729 22 16 drone
62 2 648 965 17 12 drone 929 731 22 16 drone
63 2 648 964 18 12 drone 928 732 22 16 drone
64 2 647 964 18 12 drone 928 734 23 16 drone
65 2 646 964 18 12 drone 927 736 23 16 drone
66 2 646 964 18 12 drone 926 738 23 15 drone
67 2 646 963 19 12 drone 926 739 23 15 drone
68 2 645 963 19 12 drone 925 741 23 15 drone
69 2 644 963 19 12 drone 925 742 23 15 drone
70 2 644 962 19 12 drone 924 743 23 16 drone
71 2 643 962 19 13 drone 924 744 23 16 drone
72 2 642 961 19 13 drone 923 745 23 17 drone
73 2 642 961 20 13 drone 923 746 22 17 drone
74 2 641 961 20 13 drone 923 748 22 17 drone
75 2 640 960 20 13 drone 922 749 22 18 drone
76 2 639 960 20 14 drone 922 750 22 18 drone
77 2 639 959 20 14 drone 921 751 22 19 drone
78 2 638 959 20 14 drone 921 752 22 19 drone
79 2 637 959 20 14 drone 921 754 22 19 drone
80 2 636 958 20 14 drone 921 756 22 19 drone
81 2 635 958 20 13 drone 921 757 22 19 drone
82 2 634 958 20 13 drone 921 759 22 19 drone
83 2 632 958 20 13 drone 921 761 22 18 drone
84 2 631 957 20 13 drone 921 763 21 18 drone
85 2 630 957 20 13 drone 921 765 21 18 drone
86 2 629 957 20 12 drone 921 766 21 18 drone
87 2 628 956 20 12 drone 921 768 21 18 drone
88 2 627 956 20 12 drone 921 770 21 18 drone
89 2 626 956 20 12 drone 920 773 21 18 drone
90 2 624 955 19 12 drone 919 775 21 18 drone
91 2 623 954 19 12 drone 919 778 22 18 drone
92 2 622 954 19 12 drone 918 781 22 18 drone
93 2 620 954 18 12 drone 917 784 22 18 drone
94 2 619 953 18 13 drone 916 786 22 17 drone
95 2 618 952 18 13 drone 915 789 22 17 drone
96 2 617 952 18 13 drone 915 792 23 17 drone
97 2 615 952 17 13 drone 914 794 23 17 drone
98 2 614 951 17 13 drone 913 797 23 17 drone
99 2 612 950 17 13 drone 912 800 23 17 drone
100 2 611 949 17 13 drone 912 803 23 17 drone
101 2 609 949 17 13 drone 911 805 23 16 drone
102 2 608 948 17 13 drone 910 808 23 16 drone
103 2 606 947 18 14 drone 910 811 23 16 drone
104 2 604 946 18 14 drone 909 814 23 16 drone
105 2 603 945 18 14 drone 908 817 23 16 drone
106 2 601 945 18 14 drone 907 819 23 15 drone
107 2 600 944 18 14 drone 907 822 23 15 drone
108 2 598 943 18 14 drone 906 825 23 15 drone
109 2 596 942 18 14 drone 904 827 23 15 drone
110 2 595 942 18 14 drone 902 828 24 15 drone
111 2 594 941 18 14 drone 900 830 24 15 drone
112 2 592 940 18 14 drone 898 832 24 15 drone
113 2 590 940 18 14 drone 896 834 24 16 drone
114 2 589 939 18 14 drone 893 835 25 16 drone
115 2 588 938 18 14 drone 891 837 25 16 drone
116 2 586 937 18 14 drone 889 839 25 16 drone
117 2 584 937 18 14 drone 887 840 26 16 drone
118 2 583 936 18 14 drone 885 842 26 16 drone
119 2 582 936 18 14 drone 882 844 26 16 drone
120 2 581 935 19 14 drone 880 846 26 16 drone
121 2 579 935 19 14 drone 877 847 26 17 drone
122 2 578 934 20 14 drone 874 849 26 17 drone
123 2 577 934 20 14 drone 872 851 26 17 drone
124 2 576 934 20 15 drone 869 853 25 17 drone
125 2 575 933 21 15 drone 866 855 25 17 drone
126 2 573 933 21 15 drone 863 856 25 18 drone
127 2 572 932 22 15 drone 861 858 25 18 drone
128 2 571 932 22 15 drone 858 860 25 18 drone
129 2 571 932 22 15 drone 854 861 25 18 drone
130 2 571 932 21 15 drone 851 861 26 18 drone
131 2 571 933 21 14 drone 848 862 26 19 drone
132 2 571 933 20 14 drone 844 863 26 19 drone
133 2 571 933 20 14 drone 840 864 26 19 drone
134 2 571 933 20 14 drone 837 864 27 19 drone
135 2 571 933 19 14 drone 834 865 27 19 drone
136 2 571 934 19 13 drone 830 866 27 20 drone
137 2 571 934 18 13 drone 826 866 28 20 drone
138 2 571 934 18 13 drone 823 867 28 20 drone
139 2 571 934 18 13 drone 820 867 28 20 drone
140 2 571 934 18 13 drone 816 868 29 20 drone
141 2 570 934 18 13 drone 813 868 29 20 drone
142 2 570 934 18 13 drone 810 868 29 20 drone
143 2 570 934 18 14 drone 806 868 30 20 drone
144 2 570 933 18 14 drone 803 869 30 20 drone
145 2 570 933 18 14 drone 800 869 30 20 drone
146 2 569 933 18 14 drone 797 869 30 20 drone
147 2 569 933 18 14 drone 793 870 31 20 drone
148 2 569 933 18 14 drone 790 870 31 20 drone
149 2 569 933 18 14 drone 787 871 31 20 drone
150 2 569 933 18 14 drone 784 872 31 20 drone
151 2 569 934 18 14 drone 782 874 30 20 drone
152 2 569 934 18 14 drone 779 875 30 20 drone
153 2 570 934 18 14 drone 776 876 30 20 drone
154 2 570 934 19 14 drone 773 877 30 19 drone
155 2 570 934 19 14 drone 770 878 30 19 drone
156 2 570 935 19 14 drone 768 880 29 19 drone
157 2 570 935 19 14 drone 765 881 29 19 drone
158 2 570 935 19 14 drone 762 882 29 19 drone
159 2 571 936 19 14 drone 760 884 29 19 drone
160 2 572 937 19 14 drone 758 885 29 19 drone
161 2 573 937 18 13 drone 756 886 29 19 drone
162 2 574 938 18 13 drone 754 888 29 19 drone
163 2 575 939 18 13 drone 752 890 30 19 drone
164 2 576 940 18 13 drone 750 891 30 19 drone
165 2 577 941 18 13 drone 748 892 30 19 drone
166 2 578 941 17 12 drone 746 894 30 19 drone
167 2 579 942 17 12 drone 744 896 30 19 drone
168 2 580 943 17 12 drone 742 897 30 19 drone
169 2 581 944 17 12 drone 741 899 30 19 drone
170 2 582 944 17 12 drone 740 901 29 19 drone
171 2 584 944 17 13 drone 739 903 29 19 drone
172 2 585 945 17 13 drone 738 905 29 19 drone
173 2 586 946 18 13 drone 736 907 28 20 drone
174 2 587 946 18 13 drone 735 909 28 20 drone
175 2 588 946 18 13 drone 734 911 28 20 drone
176 2 590 947 18 14 drone 733 913 28 20 drone
177 2 591 948 18 14 drone 732 915 27 20 drone
178 2 592 948 18 14 drone 731 917 27 20 drone
179 2 595 949 18 14 drone 730 920 27 20 drone
180 2 598 951 18 14 drone 729 922 27 20 drone
181 2 602 952 17 14 drone 728 925 27 20 drone
182 2 605 954 17 14 drone 727 927 27 20 drone
183 2 608 955 17 14 drone 726 930 27 20 drone
184 2 611 956 17 13 drone 724 933 27 19 drone
185 2 614 958 17 13 drone 723 935 27 19 drone
186 2 618 959 16 13 drone 722 938 27 19 drone
187 2 621 961 16 13 drone 721 940 27 19 drone
188 2 624 962 16 13 drone 720 943 27 19 drone
189 2 628 963 16 13 drone 719 946 27 19 drone
190 2 631 965 16 13 drone 718 948 28 19 drone
191 2 635 966 16 12 drone 717 951 28 19 drone
192 2 638 967 16 12 drone 716 954 28 19 drone
193 2 642 968 16 12 drone 716 956 28 20 drone
194 2 646 970 16 12 drone 715 959 29 20 drone
195 2 649 971 16 12 drone 714 962 29 20 drone
196 2 653 972 16 11 drone 713 965 29 20 drone
197 2 656 974 16 11 drone 712 967 30 20 drone
198 2 660 975 16 11 drone 711 970 30 20 drone
199 2 663 976 16 11 drone 711 973 29 20 drone
200 2 666 977 16 11 drone 712 975 28 19 drone
201 2 669 977 16 10 drone 712 978 28 19 drone
202 2 672 978 16 10 drone 713 980 27 19 drone
203 2 675 979 16 10 drone 713 983 26 18 drone
204 2 678 980 16 10 drone 713 986 25 18 drone
205 2 681 981 16 10 drone 714 988 24 18 drone
206 2 684 981 16 9 drone 714 991 24 18 drone
207 2 687 982 16 9 drone 715 993 23 17 drone
208 2 690 983 16 9 drone 715 996 22 17 drone
209 2 692 983 16 9 drone 715 998 22 17 drone
210 2 694 984 16 9 drone 715 1001 22 17 drone
211 2 696 984 16 9 drone 715 1003 22 17 drone
212 2 698 984 16 9 drone 715 1006 22 17 drone
213 2 700 984 16 8 drone 714 1008 22 17 drone
214 2 701 985 15 8 drone 714 1010 23 17 drone
215 2 703 985 15 8 drone 714 1013 23 17 drone
216 2 705 985 15 8 drone 714 1015 23 17 drone
217 2 707 986 15 8 drone 714 1018 23 17 drone
218 2 709 986 15 8 drone 714 1020 23 17 drone
219 2 710 986 15 8 drone 713 1022 24 17 drone
220 2 712 986 15 9 drone 713 1023 24 17 drone
221 2 713 986 15 9 drone 712 1025 24 17 drone
222 2 715 986 15 9 drone 712 1027 25 17 drone
223 2 716 986 14 10 drone 711 1028 26 18 drone
224 2 717 987 14 10 drone 710 1030 26 18 drone
225 2 719 987 14 10 drone 710 1032 26 18 drone
226 2 720 987 14 10 drone 709 1034 27 18 drone
227 2 722 987 14 11 drone 709 1035 28 18 drone
228 2 723 987 14 11 drone 708 1037 28 18 drone
229 2 724 987 14 11 drone 707 1039 28 18 drone
230 2 725 987 14 11 drone 706 1040 28 18 drone
231 2 726 988 14 11 drone 705 1042 28 18 drone
232 2 727 988 14 11 drone 704 1044 28 18 drone
233 2 728 988 14 11 drone 702 1046 28 18 drone
234 2 728 988 15 11 drone 701 1047 29 17 drone
235 2 729 988 15 11 drone 700 1049 29 17 drone
236 2 730 989 15 11 drone 699 1051 29 17 drone
237 2 731 989 15 11 drone 698 1052 29 17 drone
238 2 732 989 15 11 drone 697 1054 29 17 drone
239 2 733 989 15 11 drone 695 1054 29 17 drone
240 2 734 990 15 11 drone 693 1055 29 17 drone
241 2 735 990 15 11 drone 691 1056 30 17 drone
242 2 736 990 15 11 drone 689 1056 30 17 drone
243 2 736 990 15 10 drone 686 1056 30 17 drone
244 2 737 991 15 10 drone 684 1057 30 17 drone
245 2 738 991 15 10 drone 682 1058 30 17 drone
246 2 739 991 15 10 drone 680 1058 31 17 drone
247 2 740 992 15 10 drone 678 1058 31 17 drone
248 2 741 992 15 10 drone 676 1059 31 17 drone
249 2 742 992 15 10 drone 671 1058 31 17 drone
250 2 742 993 15 10 drone 666 1058 30 17 drone
251 2 742 993 15 10 drone 662 1057 30 18 drone
252 2 743 993 15 10 drone 657 1056 29 18 drone
253 2 744 994 16 10 drone 652 1056 29 18 drone
254 2 744 994 16 9 drone 647 1055 29 18 drone
255 2 744 994 16 9 drone 642 1054 28 18 drone
256 2 745 994 16 9 drone 638 1053 28 19 drone
257 2 746 995 16 9 drone 633 1053 27 19 drone
258 2 746 995 16 9 drone 628 1052 27 19 drone
259 2 746 995 16 9 drone 623 1051 27 19 drone
260 2 747 996 16 9 drone 617 1050 26 19 drone
261 2 748 996 16 9 drone 612 1049 26 19 drone
262 2 748 996 16 9 drone 606 1048 25 19 drone
263 2 748 996 16 9 drone 601 1047 25 19 drone
264 2 749 997 15 9 drone 596 1046 25 19 drone
265 2 750 997 15 9 drone 590 1045 24 19 drone
266 2 750 997 15 9 drone 585 1044 24 19 drone
267 2 750 998 15 9 drone 579 1043 23 19 drone
268 2 751 998 15 9 drone 574 1042 23 19 drone
269 2 751 998 15 9 drone 568 1041 24 19 drone
270 2 750 998 15 9 drone 563 1040 24 19 drone
271 2 750 998 15 9 drone 558 1038 25 20 drone
272 2 750 998 15 9 drone 552 1037 25 20 drone
273 2 750 998 15 9 drone 546 1036 26 20 drone
274 2 749 999 15 9 drone 541 1035 27 20 drone
275 2 749 999 15 9 drone 536 1034 27 20 drone
276 2 749 999 15 9 drone 530 1032 28 21 drone
277 2 748 999 15 9 drone 524 1031 28 21 drone
278 2 748 999 15 9 drone 519 1030 29 21 drone
279 2 746 999 15 9 drone 514 1029 29 21 drone
280 2 745 999 15 9 drone 510 1028 29 21 drone
281 2 743 998 15 9 drone 505 1027 29 20 drone
282 2 741 998 15 9 drone 501 1026 29 20 drone
283 2 740 998 15 9 drone 496 1026 30 20 drone
284 2 738 998 15 9 drone 491 1025 30 20 drone
285 2 736 998 15 9 drone 487 1024 30 20 drone
286 2 734 997 15 9 drone 482 1023 30 19 drone
287 2 733 997 15 9 drone 478 1022 30 19 drone
288 2 731 997 15 9 drone 473 1021 30 19 drone
289 2 730 997 15 9 drone 468 1019 30 20 drone
290 2 728 997 15 9 drone 464 1017 31 20 drone
291 2 726 997 15 9 drone 459 1016 31 20 drone
292 2 725 997 15 9 drone 455 1014 31 21 drone
293 2 724 996 14 8 drone 450 1012 32 22 drone
294 2 722 996 14 8 drone 445 1010 32 22 drone
295 2 720 996 14 8 drone 441 1008 32 22 drone
296 2 719 996 14 8 drone 436 1007 32 23 drone
297 2 718 996 14 8 drone 432 1005 33 24 drone
298 2 716 996 14 8 drone 427 1003 33 24 drone
299 2 715 996 14 8 drone 423 1002 33 24 drone
300 2 714 995 14 9 drone 419 1001 32 24 drone
301 2 713 995 15 9 drone 415 999 32 24 drone
302 2 712 995 15 9 drone 411 998 32 24 drone
303 2 712 994 15 10 drone 408 997 32 24 drone
304 2 711 994 15 10 drone 404 996 31 23 drone
305 2 710 994 15 10 drone 400 995 31 23 drone
306 2 709 994 16 10 drone 396 993 31 23 drone
307 2 708 993 16 11 drone 392 992 30 23 drone
308 2 707 993 16 11 drone 388 991 30 23 drone
309 2 707 993 16 11 drone 384 990 30 23 drone
310 2 707 993 16 10 drone 380 988 31 23 drone
311 2 707 993 15 10 drone 375 987 32 24 drone
312 2 707 993 15 10 drone 371 986 32 24 drone
313 2 708 993 15 10 drone 367 984 32 24 drone
314 2 708 993 15 9 drone 363 983 33 24 drone
315 2 708 993 15 9 drone 359 982 34 24 drone
316 2 708 993 14 9 drone 354 981 34 25 drone
317 2 708 993 14 8 drone 350 979 34 25 drone
318 2 708 993 14 8 drone 346 978 35 25 drone
319 2 708 993 14 8 drone 342 977 34 25 drone
320 2 707 992 15 9 drone 339 975 34 25 drone
321 2 706 992 15 9 drone 336 974 33 25 drone
322 2 706 992 15 9 drone 332 972 33 25 drone
323 2 706 992 16 10 drone 328 971 32 26 drone
324 2 705 991 16 10 drone 325 970 31 26 drone
325 2 704 991 16 10 drone 322 968 31 26 drone
326 2 704 991 16 10 drone 318 967 30 26 drone
327 2 704 990 17 11 drone 314 965 30 26 drone
328 2 703 990 17 11 drone 311 964 29 26 drone
329 2 703 990 17 11 drone 308 963 29 26 drone
330 2 702 990 17 11 drone 305 961 28 26 drone
331 2 702 989 17 11 drone 302 960 28 26 drone
332 2 701 989 17 11 drone 299 959 27 26 drone
333 2 701 989 17 11 drone 296 958 27 26 drone
334 2 701 989 17 11 drone 294 956 27 25 drone
335 2 700 989 17 11 drone 291 955 26 25 drone
336 2 700 988 17 11 drone 288 954 26 25 drone
337 2 699 988 17 11 drone 285 952 25 25 drone
338 2 699 988 17 11 drone 282 951 25 25 drone
339 2 698 988 17 11 drone 280 950 26 25 drone
340 2 697 987 17 11 drone 277 949 26 25 drone
341 2 696 987 17 11 drone 275 948 26 25 drone
342 2 695 987 17 11 drone 273 947 27 25 drone
343 2 694 986 17 11 drone 270 946 28 25 drone
344 2 692 986 17 11 drone 268 945 28 25 drone
345 2 691 986 17 11 drone 266 944 28 25 drone
346 2 690 986 17 11 drone 264 943 29 25 drone
347 2 689 985 17 11 drone 261 942 30 25 drone
348 2 688 985 17 11 drone 259 941 30 25 drone
349 2 687 985 17 11 drone 258 940 30 26 drone
350 2 685 984 17 11 drone 256 939 31 26 drone
351 2 684 984 17 11 drone 255 938 32 27 drone
352 2 682 984 17 11 drone 253 937 32 28 drone
353 2 681 984 17 12 drone 252 936 32 28 drone
354 2 680 983 17 12 drone 251 935 33 29 drone
355 2 678 983 17 12 drone 249 934 34 30 drone
356 2 677 983 17 12 drone 248 933 34 31 drone
357 2 675 982 17 12 drone 246 932 34 31 drone
358 2 674 982 17 12 drone 245 931 35 32 drone
359 2 672 981 17 12 drone 246 931 35 32 drone
360 2 670 981 17 12 drone 246 931 35 32 drone
361 2 668 980 17 12 drone 247 931 35 31 drone
362 2 666 980 17 12 drone 247 931 35 31 drone
363 2 664 979 17 12 drone 248 932 34 31 drone
364 2 662 978 17 11 drone 249 932 34 31 drone
365 2 660 978 17 11 drone 249 932 34 31 drone
366 2 658 977 17 11 drone 250 932 34 30 drone
367 2 656 977 17 11 drone 250 932 34 30 drone
368 2 654 976 17 11 drone 251 932 34 30 drone
369 2 652 976 17 11 drone 252 933 33 29 drone
370 2 651 975 17 11 drone 254 934 33 28 drone
371 2 649 975 17 11 drone 255 934 32 28 drone
372 2 647 974 17 11 drone 256 935 31 27 drone
373 2 646 974 17 12 drone 258 936 30 26 drone
374 2 644 974 17 12 drone 259 937 30 25 drone
375 2 642 973 17 12 drone 260 938 29 24 drone
376 2 640 973 17 12 drone 261 938 28 24 drone
377 2 639 972 17 12 drone 263 939 28 23 drone
378 2 637 972 17 12 drone 264 940 27 22 drone
379 2 635 971 17 12 drone 264 940 28 22 drone
380 2 633 970 17 12 drone 264 939 28 23 drone
381 2 631 970 18 12 drone 263 939 29 24 drone
382 2 629 969 18 12 drone 263 939 30 24 drone
383 2 626 968 18 12 drone 263 938 30 24 drone
384 2 624 967 18 13 drone 263 938 31 25 drone
385 2 622 966 18 13 drone 263 938 32 26 drone
386 2 620 966 19 13 drone 262 938 33 26 drone
387 2 618 965 19 13 drone 262 937 33 26 drone
388 2 616 964 19 13 drone 262 937 34 27 drone
389 2 615 964 19 13 drone 262 938 33 26 drone
390 2 614 964 19 13 drone 262 938 33 26 drone
391 2 613 964 18 13 drone 262 938 32 25 drone
392 2 612 964 18 13 drone 262 939 31 25 drone
393 2 612 964 18 12 drone 262 940 30 24 drone
394 2 611 963 18 12 drone 263 940 30 23 drone
395 2 610 963 18 12 drone 263 940 29 23 drone
396 2 609 963 17 12 drone 263 941 28 22 drone
397 2 608 963 17 12 drone 263 942 28 22 drone
398 2 607 963 17 12 drone 263 942 27 21 drone
399 2 606 963 17 12 drone 261 941 27 21 drone
400 2 606 962 17 12 drone 258 940 27 21 drone
401 2 605 962 17 12 drone 256 940 26 21 drone
402 2 605 962 17 12 drone 254 939 26 21 drone
403 2 604 962 17 12 drone 252 938 26 22 drone
404 2 603 961 17 12 drone 249 937 26 22 drone
405 2 603 961 17 12 drone 247 936 26 22 drone
406 2 602 961 17 12 drone 245 936 25 22 drone
407 2 602 960 17 12 drone 242 935 25 22 drone
408 2 601 960 17 12 drone 240 934 25 22 drone
409 2 600 960 17 12 drone 237 933 25 22 drone
410 2 599 959 17 12 drone 234 932 25 22 drone
411 2 598 959 17 12 drone 231 931 25 23 drone
412 2 597 958 17 12 drone 228 930 25 23 drone
413 2 596 958 18 12 drone 226 928 25 23 drone
414 2 594 958 18 13 drone 223 927 25 23 drone
415 2 593 957 18 13 drone 220 926 25 23 drone
416 2 592 957 18 13 drone 217 925 25 24 drone
417 2 591 956 18 13 drone 214 924 25 24 drone
418 2 590 956 18 13 drone 211 923 25 24 drone
419 2 589 955 18 13 drone 209 922 26 24 drone
420 2 588 955 18 13 drone 207 921 26 24 drone
421 2 587 954 18 13 drone 205 921 26 24 drone
422 2 586 954 18 13 drone 203 920 27 24 drone
423 2 585 953 18 14 drone 200 919 28 24 drone
424 2 584 952 17 14 drone 198 918 28 25 drone
425 2 583 952 17 14 drone 196 917 28 25 drone
426 2 582 951 17 14 drone 194 917 29 25 drone
427 2 581 951 17 14 drone 192 916 30 25 drone
428 2 580 950 17 14 drone 190 915 30 25 drone
429 2 579 950 17 14 drone 188 914 31 26 drone
430 2 578 949 17 14 drone 186 913 31 26 drone
431 2 577 949 17 13 drone 185 912 32 26 drone
432 2 576 949 17 13 drone 183 911 32 27 drone
433 2 574 948 18 13 drone 181 910 33 28 drone
434 2 573 948 18 13 drone 179 908 34 28 drone
435 2 572 948 18 13 drone 177 907 34 28 drone
436 2 571 948 18 12 drone 176 906 35 29 drone
437 2 570 947 18 12 drone 174 905 35 30 drone
438 2 569 947 18 12 drone 172 904 36 30 drone
439 2 568 946 18 12 drone 172 905 35 30 drone
440 2 567 946 18 13 drone 172 905 35 29 drone
441 2 566 945 18 13 drone 171 906 34 29 drone
442 2 565 945 18 13 drone 171 906 34 28 drone
443 2 564 944 18 14 drone 171 907 33 28 drone
444 2 563 943 19 14 drone 171 908 32 28 drone
445 2 562 943 19 14 drone 171 908 32 27 drone
446 2 561 942 19 14 drone 170 909 31 27 drone
447 2 560 942 19 15 drone 170 909 31 26 drone
448 2 559 941 19 15 drone 170 910 30 26 drone
449 2 558 941 19 15 drone 169 910 31 27 drone
450 2 557 940 19 15 drone 169 910 31 27 drone
451 2 557 940 19 14 drone 168 910 32 28 drone
452 2 556 939 19 14 drone 167 910 33 29 drone
453 2 555 939 19 14 drone 166 910 34 30 drone
454 2 554 939 19 14 drone 166 911 34 30 drone
455 2 553 938 19 14 drone 165 911 35 31 drone
456 2 553 938 19 13 drone 164 911 36 32 drone
457 2 552 937 19 13 drone 164 911 36 32 drone
458 2 551 937 19 13 drone 163 911 37 33 drone
459 2 550 936 19 13 drone 163 913 36 32 drone
460 2 549 936 19 13 drone 164 914 35 32 drone
461 2 548 935 20 14 drone 164 916 35 31 drone
462 2 547 935 20 14 drone 165 918 34 31 drone
463 2 546 934 20 14 drone 165 920 33 30 drone
464 2 545 933 20 14 drone 165 921 32 29 drone
465 2 544 933 20 14 drone 166 923 31 29 drone
466 2 543 932 21 15 drone 166 925 31 28 drone
467 2 542 932 21 15 drone 167 926 30 28 drone
468 2 541 931 21 15 drone 167 928 29 27 drone
469 2 540 931 21 15 drone 167 930 30 27 drone
470 2 540 930 21 15 drone 166 931 30 27 drone
471 2 539 930 21 14 drone 166 933 31 27 drone
472 2 539 930 21 14 drone 166 935 32 27 drone
473 2 538 929 21 14 drone 166 937 32 27 drone
474 2 538 929 21 14 drone 165 938 33 28 drone
475 2 537 928 21 14 drone 165 940 33 28 drone
476 2 537 928 21 14 drone 165 942 34 28 drone
477 2 536 928 21 13 drone 165 944 35 28 drone
478 2 536 927 21 13 drone 164 945 35 28 drone
479 2 535 927 21 13 drone 164 947 36 28 drone
480 0
