0 0
1 0
2 0
3 0
4 0
5 0
6 0
7 0
8 0
9 0
10 0
11 0
12 0
13 0
14 0
15 0
16 0
17 0
18 0
19 0
20 0
21 0
22 0
23 0
24 0
25 0
26 0
27 0
28 0
29 0
30 0
31 0
32 0
33 0
34 0
35 0
36 0
37 0
38 0
39 0
40 0
41 0
42 0
43 0
44 0
45 0
46 0
47 0
48 0
49 0
50 0
51 1 140 0 40 21 drone
52 1 133 0 45 24 drone
53 1 133 1 42 28 drone
54 1 130 1 42 35 drone
55 1 129 1 46 35 drone
56 1 127 1 45 38 drone
57 1 124 0 48 45 drone
58 1 123 0 47 51 drone
59 1 123 0 48 55 drone
60 1 122 1 48 60 drone
61 1 122 5 43 63 drone
62 1 121 11 43 68 drone
63 1 122 18 45 69 drone
64 1 123 25 47 70 drone
65 1 124 32 49 70 drone
66 1 125 39 52 71 drone
67 1 125 46 54 72 drone
68 1 126 53 56 73 drone
69 1 130 62 57 73 drone
70 1 133 70 59 73 drone
71 1 137 78 60 73 drone
72 1 140 87 62 74 drone
73 1 144 95 63 74 drone
74 1 148 104 65 74 drone
75 1 156 114 66 79 drone
76 1 164 124 68 84 drone
77 1 172 134 69 89 drone
78 1 181 145 70 94 drone
79 1 189 155 72 99 drone
80 1 204 172 75 101 drone
81 1 219 188 78 103 drone
82 1 226 199 81 106 drone
83 1 245 221 84 108 drone
84 1 258 235 87 110 drone
85 1 278 254 90 112 drone
86 1 293 271 93 114 drone
87 1 320 299 95 113 drone
88 1 346 326 96 112 drone
89 1 373 354 98 112 drone
90 1 399 382 99 111 drone
91 1 426 409 101 110 drone
92 1 452 437 102 109 drone
93 1 479 465 104 108 drone
94 1 505 493 106 107 drone
95 1 532 520 107 106 drone
96 1 566 549 110 103 drone
97 1 601 577 114 100 drone
98 1 636 605 117 97 drone
99 1 670 633 120 94 drone
100 1 705 662 123 91 drone
101 1 736 678 120 88 drone
102 1 766 694 118 85 drone
103 1 797 710 115 82 drone
104 1 827 726 112 80 drone
105 1 858 742 109 77 drone
106 1 889 759 107 74 drone
107 1 919 775 104 71 drone
108 1 942 784 101 69 drone
109 1 965 793 97 66 drone
110 1 988 803 94 64 drone
111 1 1012 812 90 62 drone
112 1 1035 821 87 59 drone
113 1 1058 830 83 57 drone
114 1 1072 836 81 56 drone
115 1 1087 841 79 54 drone
116 1 1101 847 78 53 drone
117 1 1116 852 76 51 drone
118 1 1130 858 74 50 drone
119 1 1145 863 72 48 drone
120 1 1155 866 69 47 drone
121 1 1166 869 66 46 drone
122 1 1176 872 64 44 drone
123 1 1187 875 61 43 drone
124 1 1197 878 58 42 drone
125 1 1208 881 55 41 drone
126 1 1213 883 55 40 drone
127 1 1218 886 54 39 drone
128 1 1223 888 54 38 drone
129 1 1229 891 53 37 drone
130 1 1234 893 53 36 drone
131 1 1239 895 52 35 drone
132 1 1244 898 52 34 drone
133 1 1249 900 51 34 drone
134 1 1252 902 50 33 drone
135 1 1254 905 49 32 drone
136 1 1256 907 48 31 drone
137 1 1258 909 47 30 drone
138 1 1261 911 46 29 drone
139 1 1263 913 46 28 drone
140 1 1265 915 45 27 drone
141 1 1268 917 44 26 drone
142 1 1267 917 42 26 drone
143 1 1267 916 41 26 drone
144 1 1267 915 40 26 drone
145 1 1267 915 39 26 drone
146 1 1267 914 37 26 drone
147 1 1267 913 36 26 drone
148 1 1267 912 35 26 drone
149 1 1267 912 34 26 drone
150 1 1264 910 34 26 drone
151 1 1260 908 34 26 drone
152 1 1257 906 34 26 drone
153 1 1254 904 34 26 drone
154 1 1251 901 34 26 drone
155 1 1247 899 34 26 drone
156 1 1244 897 34 26 drone
157 1 1240 895 33 25 drone
158 1 1236 892 32 25 drone
159 1 1232 890 32 24 drone
160 1 1228 888 31 23 drone
161 1 1224 885 30 23 drone
162 1 1219 883 30 22 drone
163 1 1215 880 29 22 drone
164 1 1210 877 29 21 drone
165 1 1205 874 28 20 drone
166 1 1199 870 27 20 drone
167 1 1194 867 27 19 drone
168 1 1189 864 26 18 drone
169 1 1183 860 25 17 drone
170 1 1177 856 25 18 drone
171 1 1171 851 24 18 drone
172 1 1164 846 24 19 drone
173 1 1158 841 23 19 drone
174 1 1152 837 23 20 drone
175 1 1145 832 23 20 drone
176 1 1138 827 24 19 drone
177 1 1130 823 24 19 drone
178 1 1123 818 25 19 drone
179 1 1116 814 25 19 drone
180 1 1109 809 26 19 drone
181 1 1101 805 25 19 drone
182 1 1094 801 25 19 drone
183 1 1086 798 24 19 drone
184 1 1079 794 24 19 drone
185 1 1072 790 23 19 drone
186 1 1064 786 23 19 drone
187 1 1057 782 22 19 drone
188 1 1049 778 22 19 drone
189 1 1041 776 22 20 drone
190 1 1034 773 23 20 drone
191 1 1026 771 23 20 drone
192 1 1018 768 23 20 drone
193 1 1010 766 24 20 drone
194 1 1002 763 24 20 drone
195 1 995 761 25 20 drone
196 1 987 758 25 20 drone
197 1 979 756 26 20 drone
198 1 972 754 25 20 drone
199 1 964 753 25 20 drone
200 1 957 752 25 19 drone
201 1 949 751 25 19 drone
202 1 942 749 25 19 drone
203 1 934 748 25 19 drone
204 1 927 747 25 19 drone
205 1 919 746 25 19 drone
206 1 912 744 24 19 drone
207 1 905 743 24 19 drone
208 1 897 742 24 18 drone
209 1 889 742 24 18 drone
210 1 882 741 24 18 drone
211 1 874 740 25 17 drone
212 1 867 739 24 17 drone
213 1 861 739 23 18 drone
214 1 854 738 23 18 drone
215 1 847 737 22 18 drone
216 1 842 737 22 19 drone
217 1 836 736 21 19 drone
218 1 831 735 21 19 drone
219 1 826 734 21 19 drone
220 1 821 733 21 19 drone
221 1 817 733 20 19 drone
222 1 813 732 20 19 drone
223 1 809 731 19 19 drone
224 1 806 731 19 19 drone
225 1 803 731 20 19 drone
226 1 800 730 20 19 drone
227 1 797 730 20 19 drone
228 1 793 730 20 18 drone
229 1 792 730 21 19 drone
230 1 790 730 21 19 drone
231 1 789 730 21 19 drone
232 1 787 730 21 19 drone
233 1 786 730 22 19 drone
234 1 786 730 22 19 drone
235 1 785 731 23 19 drone
236 1 784 731 24 19 drone
237 1 783 731 24 19 drone
238 1 784 732 24 19 drone
239 1 785 732 24 19 drone
240 1 786 733 23 18 drone
241 1 786 733 23 18 drone
242 1 787 734 23 18 drone
243 1 788 734 23 18 drone
244 1 789 735 23 17 drone
245 1 791 736 22 17 drone
246 1 793 737 22 16 drone
247 1 795 738 22 15 drone
248 1 797 739 22 15 drone
249 1 799 740 21 14 drone
250 1 801 740 22 15 drone
251 1 802 739 23 16 drone
252 1 804 739 23 16 drone
253 1 806 738 24 17 drone
254 1 808 738 25 18 drone
255 1 809 739 24 17 drone
256 1 811 739 24 17 drone
257 1 813 739 23 16 drone
258 1 814 740 22 16 drone
259 1 816 740 22 15 drone
260 1 816 740 22 15 drone
261 1 817 740 23 15 drone
262 1 818 740 23 15 drone
263 1 819 740 24 15 drone
264 1 819 739 24 15 drone
265 1 820 739 25 16 drone
266 1 821 739 25 16 drone
267 1 821 739 25 15 drone
268 1 820 738 25 15 drone
269 1 820 738 26 15 drone
270 1 820 738 26 14 drone
271 1 820 738 26 14 drone
272 1 820 737 26 14 drone
273 1 820 736 26 15 drone
274 1 819 735 26 15 drone
275 1 819 735 26 15 drone
276 1 818 734 26 15 drone
277 1 818 734 26 15 drone
278 1 818 734 25 15 drone
279 1 818 734 25 15 drone
280 1 817 734 25 15 drone
281 1 817 734 24 16 drone
282 1 817 734 24 16 drone
283 1 816 734 24 16 drone
284 1 815 735 24 16 drone
285 1 814 736 25 17 drone
286 1 813 737 25 17 drone
287 1 812 738 25 17 drone
288 1 811 739 26 17 drone
289 1 810 740 26 18 drone
290 1 809 742 26 18 drone
291 1 809 744 26 18 drone
292 1 808 745 27 18 drone
293 1 807 747 27 18 drone
294 1 806 749 27 18 drone
295 1 806 751 27 18 drone
296 1 805 753 28 18 drone
297 1 804 755 28 18 drone
298 1 803 757 28 18 drone
299 1 802 759 28 19 drone
300 1 801 761 28 20 drone
301 1 801 763 28 20 drone
302 1 801 765 29 21 drone
303 1 802 766 29 22 drone
304 1 802 767 29 22 drone
305 1 805 768 29 24 drone
306 1 808 768 28 25 drone
307 1 810 768 28 27 drone
308 1 813 769 28 28 drone
309 1 816 770 29 28 drone
310 1 819 771 30 28 drone
311 1 822 773 31 28 drone
312 1 825 774 32 27 drone
313 1 829 777 33 27 drone
314 1 833 779 33 27 drone
315 1 837 781 34 26 drone
316 1 841 783 34 26 drone
317 1 845 786 35 25 drone
318 1 851 787 33 26 drone
319 1 857 789 30 27 drone
320 1 862 791 28 27 drone
321 1 868 792 29 27 drone
322 1 873 794 30 27 drone
323 1 878 795 31 27 drone
324 1 883 797 32 26 drone
325 1 889 798 33 26 drone
326 1 894 800 34 26 drone
327 1 899 801 34 26 drone
328 1 908 801 34 26 drone
329 1 916 801 34 26 drone
330 1 925 801 33 26 drone
331 1 933 801 33 26 drone
332 1 942 801 33 26 drone
333 1 950 800 33 26 drone
334 1 958 800 33 26 drone
335 1 967 800 33 27 drone
336 1 975 799 34 27 drone
337 1 983 799 34 27 drone
338 1 991 799 34 27 drone
339 1 1001 799 34 27 drone
340 1 1011 798 33 27 drone
341 1 1020 798 32 27 drone
342 1 1030 798 32 27 drone
343 1 1040 798 31 26 drone
344 1 1049 798 31 26 drone
345 1 1059 798 30 26 drone
346 1 1068 798 30 25 drone
347 1 1077 797 29 25 drone
348 1 1086 797 29 24 drone
349 1 1096 797 28 24 drone
350 1 1105 796 29 24 drone
351 1 1114 796 29 24 drone
352 1 1124 795 29 23 drone
353 1 1133 795 30 23 drone
354 1 1142 794 30 24 drone
355 1 1151 794 31 24 drone
356 1 1160 793 31 25 drone
357 1 1169 792 31 25 drone
358 1 1178 792 32 25 drone
359 1 1187 791 32 26 drone
360 1 1196 791 32 25 drone
361 1 1205 791 31 24 drone
362 1 1214 792 31 23 drone
363 1 1223 792 31 21 drone
364 1 1232 792 30 20 drone
365 1 1240 793 30 19 drone
366 1 1249 793 29 18 drone
367 1 1256 790 29 19 drone
368 1 1263 788 29 19 drone
369 1 1270 785 29 20 drone
370 1 1278 782 28 20 drone
371 1 1285 780 28 21 drone
372 1 1292 777 28 21 drone
373 1 1299 775 27 22 drone
374 1 1303 772 27 21 drone
375 1 1307 770 27 21 drone
376 1 1312 767 27 21 drone
377 1 1316 765 27 20 drone
378 1 1320 763 27 20 drone
379 1 1324 760 27 19 drone
380 1 1329 758 27 19 drone
381 1 1333 756 27 19 drone
382 1 1337 753 27 18 drone
383 1 1339 750 26 18 drone
384 1 1341 748 25 18 drone
385 1 1342 745 23 18 drone
386 1 1344 742 22 18 drone
387 1 1345 738 23 18 drone
388 1 1345 734 24 18 drone
389 1 1346 731 25 18 drone
390 1 1346 727 26 18 drone
391 1 1346 723 25 18 drone
392 1 1345 719 25 18 drone
393 1 1344 715 24 18 drone
394 1 1342 711 25 18 drone
395 1 1339 706 26 19 drone
396 1 1337 701 26 20 drone
397 1 1334 697 26 20 drone
398 1 1331 692 25 19 drone
399 1 1327 688 24 19 drone
400 1 1324 683 23 19 drone
401 1 1320 678 23 19 drone
402 1 1316 673 23 19 drone
403 1 1311 668 23 19 drone
404 1 1307 663 24 19 drone
405 1 1303 658 24 19 drone
406 1 1297 653 23 19 drone
407 1 1292 648 23 19 drone
408 1 1287 642 23 19 drone
409 1 1281 637 23 19 drone
410 1 1276 632 22 19 drone
411 1 1271 627 22 19 drone
412 1 1265 621 22 19 drone
413 1 1259 615 22 19 drone
414 1 1253 609 23 20 drone
415 1 1247 604 23 20 drone
416 1 1240 598 24 20 drone
417 1 1234 593 24 20 drone
418 1 1227 588 25 20 drone
419 1 1221 583 25 20 drone
420 1 1215 578 25 19 drone
421 1 1209 573 25 19 drone
422 1 1203 568 25 19 drone
423 1 1197 563 24 19 drone
424 1 1192 558 24 18 drone
425 1 1186 554 24 18 drone
426 1 1181 549 24 18 drone
427 1 1177 545 23 18 drone
428 1 1173 540 23 18 drone
429 1 1168 536 23 18 drone
430 1 1164 531 22 17 drone
431 1 1159 527 22 17 drone
432 1 1155 522 22 17 drone
433 1 1152 518 22 17 drone
434 1 1149 514 22 17 drone
435 1 1146 510 22 16 drone
436 1 1143 505 22 16 drone
437 1 1140 501 22 16 drone
438 1 1136 497 22 16 drone
439 1 1133 493 22 16 drone
440 1 1130 488 22 15 drone
441 1 1129 485 21 15 drone
442 1 1127 481 21 15 drone
443 1 1126 477 20 15 drone
444 1 1124 473 20 15 drone
445 1 1122 469 20 15 drone
446 1 1121 465 19 15 drone
447 1 1119 461 19 15 drone
448 1 1118 458 19 15 drone
449 1 1117 454 19 15 drone
450 1 1116 451 20 15 drone
451 1 1115 447 20 16 drone
452 1 1114 444 21 16 drone
453 1 1113 440 21 16 drone
454 1 1113 437 21 16 drone
455 1 1113 434 21 16 drone
456 1 1112 431 21 16 drone
457 1 1112 428 20 16 drone
458 1 1112 425 20 16 drone
459 1 1111 422 20 17 drone
460 1 1112 419 20 16 drone
461 1 1112 417 20 16 drone
462 1 1112 414 20 16 drone
463 1 1113 412 20 16 drone
464 1 1113 409 20 16 drone
465 1 1114 406 20 16 drone
466 1 1114 404 20 16 drone
467 1 1114 401 20 16 drone
468 1 1115 399 20 16 drone
469 1 1116 397 20 16 drone
470 1 1117 395 19 15 drone
471 1 1118 393 19 15 drone
472 1 1119 391 19 15 drone
473 1 1120 389 18 15 drone
474 1 1121 387 18 15 drone
475 1 1122 385 18 15 drone
476 1 1123 383 18 15 drone
477 1 1125 381 18 15 drone
478 1 1126 379 18 15 drone
479 1 1128 377 18 15 drone
480 1 1129 375 18 15 drone
481 1 1131 373 18 16 drone
482 1 1132 371 18 16 drone
483 1 1134 370 19 16 drone
484 1 1135 369 19 16 drone
485 1 1137 368 19 16 drone
486 1 1139 367 19 16 drone
487 1 1140 365 19 17 drone
488 1 1142 364 20 17 drone
489 1 1144 363 20 17 drone
490 1 1146 362 20 17 drone
491 1 1148 362 20 17 drone
492 1 1150 361 20 17 drone
493 1 1152 361 20 17 drone
494 1 1154 360 20 17 drone
495 1 1156 360 21 17 drone
496 1 1158 359 21 17 drone
