0 0
1 0
2 0
3 0
4 0
5 0
6 0
7 0
8 0
9 0
10 0
11 0
12 0
13 0
14 0
15 0
16 0
17 0
18 0
19 0
20 0
21 0
22 0
23 0
24 0
25 0
26 0
27 0
28 0
29 0
30 0
31 0
32 0
33 0
34 0
35 0
36 0
37 0
38 0
39 0
40 0
41 0
42 0
43 0
44 0
45 0
46 0
47 1 0 716 16 20 drone
48 1 4 718 21 22 drone
49 1 11 722 23 23 drone
50 1 20 725 23 23 drone
51 1 28 729 23 22 drone
52 1 37 732 23 22 drone
53 1 45 736 23 22 drone
54 1 54 739 23 22 drone
55 1 62 743 23 22 drone
56 1 70 746 23 21 drone
57 1 78 750 23 20 drone
58 1 87 754 23 20 drone
59 1 95 757 23 19 drone
60 1 103 761 23 18 drone
61 1 111 764 23 18 drone
62 1 119 767 23 18 drone
63 1 127 770 23 18 drone
64 1 135 773 23 18 drone
65 1 143 776 23 18 drone
66 1 151 779 23 18 drone
67 1 159 781 23 18 drone
68 1 167 784 23 18 drone
69 1 175 787 23 18 drone
70 1 183 790 23 18 drone
71 1 190 792 22 18 drone
72 1 197 795 22 18 drone
73 1 204 797 22 18 drone
74 1 211 800 22 17 drone
75 1 218 802 22 17 drone
76 1 225 805 22 17 drone
77 1 232 807 22 17 drone
78 1 239 810 22 17 drone
79 1 246 812 22 17 drone
80 1 251 814 22 17 drone
81 1 256 815 22 17 drone
82 1 261 817 22 17 drone
83 1 266 818 22 17 drone
84 1 270 820 22 17 drone
85 1 275 822 22 17 drone
86 1 280 823 22 17 drone
87 1 285 825 22 16 drone
88 1 290 826 22 16 drone
89 1 295 828 22 16 drone
90 1 298 828 22 16 drone
91 1 302 829 22 16 drone
92 1 305 830 22 16 drone
93 1 309 831 21 16 drone
94 1 313 831 21 16 drone
95 1 316 832 21 16 drone
96 1 320 833 21 17 drone
97 1 323 834 21 17 drone
98 1 325 834 21 16 drone
99 1 327 834 21 16 drone
100 1 329 834 22 16 drone
101 1 331 834 22 16 drone
102 1 334 834 22 16 drone
103 1 336 834 23 16 drone
104 1 338 834 23 16 drone
105 1 340 834 23 16 drone
106 1 342 834 24 16 drone
107 1 343 833 24 16 drone
108 1 344 832 25 16 drone
109 1 346 832 25 16 drone
110 1 347 831 26 16 drone
111 1 348 830 26 17 drone
112 1 350 829 27 17 drone
113 1 351 829 27 17 drone
114 1 352 828 27 17 drone
115 1 354 827 26 17 drone
116 1 355 826 25 18 drone
117 1 356 825 25 18 drone
118 1 358 823 25 18 drone
119 1 359 822 25 19 drone
120 1 360 821 26 19 drone
121 1 361 819 26 20 drone
122 1 363 818 27 20 drone
123 1 363 816 27 20 drone
124 1 364 814 27 21 drone
125 1 365 813 28 21 drone
126 1 366 811 28 21 drone
127 1 366 809 29 22 drone
128 1 367 807 29 22 drone
129 1 368 806 29 22 drone
130 1 369 803 29 23 drone
131 1 370 801 29 23 drone
132 1 372 799 29 23 drone
133 1 373 796 29 23 drone
134 1 374 794 29 23 drone
135 1 375 792 29 24 drone
136 1 376 790 29 24 drone
137 1 378 787 29 24 drone
138 1 379 785 29 24 drone
139 1 380 783 30 25 drone
140 1 381 779 31 25 drone
141 1 383 775 32 26 drone
142 1 384 771 33 27 drone
143 1 386 767 34 27 drone
144 1 387 764 35 28 drone
145 1 389 760 36 28 drone
146 1 390 756 37 29 drone
147 1 392 752 38 30 drone
148 1 394 746 39 31 drone
149 1 397 739 40 32 drone
150 1 399 732 42 33 drone
151 1 402 726 43 35 drone
152 1 405 719 44 36 drone
153 1 407 712 46 37 drone
154 1 410 706 47 38 drone
155 1 413 699 48 40 drone
156 1 419 689 50 42 drone
157 1 426 679 52 45 drone
158 1 433 669 54 47 drone
159 1 440 659 56 50 drone
160 1 446 649 57 53 drone
161 1 461 638 58 55 drone
162 1 475 626 59 58 drone
163 1 489 614 59 61 drone
164 1 504 603 60 64 drone
165 1 518 591 61 67 drone
166 1 542 573 67 71 drone
167 1 567 554 72 75 drone
168 1 592 536 78 79 drone
169 1 616 518 83 83 drone
170 1 641 499 89 87 drone
171 1 666 481 95 91 drone
172 1 690 462 100 95 drone
173 1 739 446 103 97 drone
174 1 788 429 106 99 drone
175 1 837 412 108 101 drone
176 1 886 395 111 103 drone
177 1 934 378 114 105 drone
178 1 983 361 117 106 drone
179 1 1032 344 119 108 drone
180 1 1088 327 116 107 drone
181 1 1145 318 113 106 drone
182 1 1206 308 110 104 drone
183 1 1249 303 107 103 drone
184 1 1296 303 104 101 drone
185 1 1358 293 101 100 drone
186 1 1393 294 98 98 drone
187 1 1435 296 95 97 drone
188 1 1477 287 87 111 drone
189 1 1503 297 89 103 drone
190 1 1535 304 85 92 drone
191 1 1559 308 85 96 drone
192 1 1580 315 84 98 drone
193 1 1606 316 74 94 drone
194 1 1621 330 74 90 drone
195 1 1638 331 71 99 drone
196 1 1656 343 62 87 drone
197 1 1667 348 62 87 drone
198 1 1667 365 65 81 drone
199 1 1670 376 71 73 drone
200 1 1670 384 70 73 drone
201 1 1670 392 69 72 drone
202 1 1671 400 69 71 drone
203 1 1685 410 68 70 drone
204 1 1683 418 68 69 drone
205 1 1682 425 67 68 drone
206 1 1683 434 66 67 drone
207 1 1685 444 66 66 drone
208 1 1682 450 65 65 drone
209 1 1680 459 64 64 drone
210 1 1673 465 64 63 drone
211 1 1666 472 64 62 drone
212 1 1659 479 63 61 drone
213 1 1652 487 63 61 drone
214 1 1645 494 63 60 drone
215 1 1638 502 63 59 drone
216 1 1631 509 63 58 drone
217 1 1623 516 63 58 drone
218 1 1616 524 63 57 drone
219 1 1606 529 62 56 drone
220 1 1596 535 61 55 drone
221 1 1585 541 61 54 drone
222 1 1575 547 60 53 drone
223 1 1565 553 59 52 drone
224 1 1554 558 59 51 drone
225 1 1544 564 58 50 drone
226 1 1534 570 57 49 drone
227 1 1523 576 57 48 drone
228 1 1509 580 57 48 drone
229 1 1495 584 57 48 drone
230 1 1480 588 57 48 drone
231 1 1466 592 58 47 drone
232 1 1451 596 58 47 drone
233 1 1437 601 58 47 drone
234 1 1422 605 59 47 drone
235 1 1408 609 59 46 drone
236 1 1393 613 59 46 drone
237 1 1376 617 59 45 drone
238 1 1360 621 59 45 drone
239 1 1343 626 58 44 drone
240 1 1326 630 58 43 drone
241 1 1309 634 58 42 drone
242 1 1293 638 58 42 drone
243 1 1276 643 57 41 drone
244 1 1256 646 57 41 drone
245 1 1236 649 58 41 drone
246 1 1216 652 58 41 drone
247 1 1196 655 58 41 drone
248 1 1176 658 58 41 drone
249 1 1157 661 58 42 drone
250 1 1137 665 59 42 drone
251 1 1117 668 59 42 drone
252 1 1097 671 59 42 drone
253 1 1077 674 59 42 drone
254 1 1057 677 59 42 drone
255 1 1037 681 60 42 drone
256 1 1016 684 60 41 drone
257 1 996 687 60 41 drone
258 1 975 690 60 40 drone
259 1 955 694 60 40 drone
260 1 934 697 60 40 drone
261 1 913 700 60 39 drone
262 1 893 704 61 39 drone
263 1 876 706 59 38 drone
264 1 858 709 58 38 drone
265 1 841 712 57 38 drone
266 1 824 715 56 37 drone
267 1 807 718 55 37 drone
268 1 790 721 54 37 drone
269 1 772 723 53 36 drone
270 1 755 726 52 36 drone
271 1 738 729 51 36 drone
272 1 725 732 50 35 drone
273 1 711 734 50 35 drone
274 1 698 737 49 34 drone
275 1 685 739 48 34 drone
276 1 672 742 48 33 drone
277 1 659 745 47 33 drone
278 1 646 747 47 32 drone
279 1 632 750 46 31 drone
280 1 623 753 44 31 drone
281 1 613 757 43 30 drone
282 1 603 761 41 29 drone
283 1 594 765 39 29 drone
284 1 584 768 38 28 drone
285 1 574 772 36 27 drone
286 1 565 776 34 27 drone
287 1 557 779 34 26 drone
288 1 549 783 33 26 drone
289 1 542 786 32 26 drone
290 1 534 789 32 25 drone
291 1 526 793 31 25 drone
292 1 519 796 31 25 drone
293 1 511 800 30 24 drone
294 1 504 803 29 24 drone
295 1 499 805 29 24 drone
296 1 495 808 29 23 drone
297 1 490 810 29 23 drone
298 1 485 812 28 22 drone
299 1 481 815 28 22 drone
300 1 476 817 28 22 drone
301 1 472 819 28 21 drone
302 1 467 822 27 21 drone
303 1 466 824 25 20 drone
304 1 464 825 23 19 drone
305 1 463 827 21 19 drone
306 1 462 830 21 18 drone
307 1 461 832 20 18 drone
308 1 461 834 20 17 drone
309 1 461 835 20 17 drone
310 1 462 836 20 17 drone
311 1 463 837 20 17 drone
312 1 463 838 21 17 drone
313 1 464 839 21 17 drone
314 1 467 840 20 18 drone
315 1 469 842 20 18 drone
316 1 471 843 19 18 drone
317 1 474 844 19 18 drone
318 1 476 845 19 18 drone
319 1 479 845 19 18 drone
320 1 482 846 19 18 drone
321 1 485 847 19 18 drone
322 1 488 848 19 17 drone
323 1 491 848 20 17 drone
324 1 494 849 20 17 drone
325 1 497 850 20 17 drone
326 1 500 850 20 17 drone
327 1 503 851 20 17 drone
328 1 506 851 20 17 drone
329 1 509 852 20 17 drone
330 1 512 853 20 17 drone
331 1 515 853 20 17 drone
332 1 518 854 20 17 drone
333 1 521 855 20 17 drone
334 1 524 855 20 17 drone
335 1 526 856 20 16 drone
336 1 528 857 20 16 drone
337 1 529 857 20 16 drone
338 1 531 858 20 15 drone
339 1 533 859 20 15 drone
340 1 535 859 20 15 drone
341 1 537 860 19 14 drone
342 1 539 861 19 14 drone
343 1 541 862 19 14 drone
344 1 543 862 19 13 drone
345 1 545 863 19 13 drone
346 1 545 863 19 13 drone
347 1 546 863 19 14 drone
348 1 547 863 19 14 drone
349 1 547 863 19 14 drone
350 1 548 864 19 14 drone
351 1 549 864 19 14 drone
352 1 549 864 19 15 drone
353 1 550 864 19 15 drone
354 1 549 864 19 15 drone
355 1 548 864 20 15 drone
356 1 547 863 20 15 drone
357 1 546 863 21 15 drone
358 1 545 863 21 16 drone
359 1 544 863 21 16 drone
360 1 543 862 22 16 drone
361 1 542 862 22 16 drone
362 1 542 862 23 16 drone
363 1 541 862 23 16 drone
364 1 540 861 24 17 drone
365 1 539 861 23 16 drone
366 1 538 861 23 16 drone
367 1 537 860 23 16 drone
368 1 537 860 22 16 drone
369 1 536 860 22 15 drone
370 1 535 859 21 15 drone
371 1 534 859 21 15 drone
372 1 533 858 20 15 drone
373 1 532 857 20 15 drone
374 1 531 856 20 15 drone
375 1 529 855 20 15 drone
376 1 527 854 20 16 drone
377 1 525 853 21 16 drone
378 1 522 852 21 16 drone
379 1 520 851 21 17 drone
380 1 518 850 21 17 drone
381 1 517 849 20 17 drone
382 1 516 848 20 16 drone
383 1 514 847 19 16 drone
384 1 512 845 20 17 drone
385 1 510 844 20 17 drone
386 1 507 843 21 17 drone
387 1 505 841 21 18 drone
388 1 503 840 21 18 drone
389 1 501 838 22 19 drone
390 1 499 837 22 19 drone
391 1 496 835 22 19 drone
392 1 494 834 23 19 drone
393 1 492 832 23 19 drone
394 1 490 830 23 19 drone
395 1 488 829 23 19 drone
396 1 486 827 24 19 drone
397 1 484 825 24 19 drone
398 1 482 824 24 19 drone
399 1 479 822 24 19 drone
400 1 477 820 24 19 drone
401 1 475 818 24 19 drone
402 1 472 816 25 19 drone
403 1 469 815 26 20 drone
404 1 467 813 26 20 drone
405 1 464 812 27 20 drone
406 1 461 810 28 20 drone
407 1 458 808 28 20 drone
408 1 456 807 29 21 drone
409 1 453 805 30 21 drone
410 1 450 804 30 21 drone
411 1 447 802 30 22 drone
412 1 444 801 30 22 drone
413 1 442 800 30 23 drone
414 1 439 798 30 24 drone
415 1 436 797 30 24 drone
416 1 433 796 30 25 drone
417 1 430 794 30 26 drone
418 1 427 793 30 26 drone
419 1 424 792 31 27 drone
420 1 420 791 32 28 drone
421 1 417 790 33 29 drone
422 1 414 789 34 29 drone
423 1 410 788 35 30 drone
424 1 407 787 36 31 drone
425 1 403 786 36 32 drone
426 1 400 785 37 32 drone
427 1 396 784 38 33 drone
428 1 394 784 39 33 drone
429 1 392 784 39 34 drone
430 1 390 784 39 34 drone
431 1 388 784 39 35 drone
432 1 386 783 40 35 drone
433 1 383 783 40 35 drone
434 1 381 783 40 36 drone
435 1 379 783 41 36 drone
436 1 377 783 41 37 drone
437 1 375 784 42 37 drone
438 1 374 785 43 37 drone
439 1 372 787 44 37 drone
440 1 371 788 45 37 drone
441 1 369 789 46 37 drone
442 1 368 790 47 37 drone
443 1 366 792 48 37 drone
444 1 365 795 49 36 drone
445 1 363 798 50 35 drone
446 1 362 802 51 34 drone
447 1 360 805 51 33 drone
448 1 360 809 50 32 drone
449 1 359 813 49 32 drone
450 1 359 817 48 31 drone
451 1 359 821 46 30 drone
452 1 358 826 47 30 drone
453 1 357 830 48 30 drone
454 1 355 835 49 30 drone
455 1 354 840 50 30 drone
456 1 353 844 50 30 drone
457 1 354 848 50 30 drone
458 1 355 852 50 31 drone
459 1 355 855 49 31 drone
460 1 356 859 49 32 drone
461 1 357 863 48 32 drone
462 1 357 866 48 33 drone
463 1 360 870 47 33 drone
464 1 362 873 46 34 drone
465 1 365 877 45 35 drone
466 1 367 881 44 35 drone
467 1 372 885 44 35 drone
468 1 377 890 43 34 drone
469 1 382 895 43 34 drone
470 1 387 900 43 34 drone
471 1 394 904 43 34 drone
472 1 401 908 44 34 drone
473 1 408 912 44 35 drone
474 1 415 916 45 35 drone
475 1 422 920 45 36 drone
476 1 429 924 46 36 drone
477 1 439 928 46 37 drone
478 1 450 932 47 37 drone
479 1 460 936 47 38 drone
480 1 471 939 48 38 drone
481 1 481 943 48 38 drone
482 1 491 947 49 39 drone
483 1 502 950 50 39 drone
484 1 516 954 49 39 drone
485 1 530 957 49 39 drone
486 1 545 961 49 38 drone
487 1 559 964 49 38 drone
488 1 573 968 49 38 drone
489 1 587 971 48 38 drone
490 1 603 974 49 38 drone
491 1 618 977 50 38 drone
492 1 633 980 50 38 drone
493 1 649 983 51 39 drone
494 1 664 985 52 39 drone
495 1 680 988 53 39 drone
496 1 695 991 53 39 drone
497 1 712 993 54 38 drone
498 1 729 995 54 37 drone
499 1 746 997 54 36 drone
500 1 763 1000 55 34 drone
501 1 781 1002 55 33 drone
502 1 798 1004 55 32 drone
503 1 815 1006 56 31 drone
504 1 831 1006 54 30 drone
505 1 847 1007 53 30 drone
506 1 863 1007 52 30 drone
507 1 879 1008 51 30 drone
508 1 895 1008 49 30 drone
509 1 911 1008 48 30 drone
510 1 924 1008 47 30 drone
511 1 937 1009 47 29 drone
512 1 951 1009 46 29 drone
513 1 964 1009 45 29 drone
514 1 978 1009 44 28 drone
515 1 991 1009 44 28 drone
516 1 1002 1008 43 28 drone
517 1 1012 1007 43 29 drone
518 1 1022 1006 42 29 drone
519 1 1033 1005 42 30 drone
520 1 1043 1004 41 30 drone
521 1 1053 1003 40 30 drone
522 1 1064 1003 40 31 drone
523 1 1070 1002 39 30 drone
524 1 1077 1002 38 30 drone
525 1 1084 1002 36 30 drone
526 1 1091 1001 35 29 drone
527 1 1097 1001 34 29 drone
528 1 1104 1000 33 29 drone
529 1 1111 1000 32 28 drone
530 1 1114 1000 32 28 drone
531 1 1117 1000 32 27 drone
532 1 1120 1000 33 27 drone
533 1 1124 999 33 26 drone
534 1 1127 999 33 26 drone
535 1 1130 999 34 25 drone
536 1 1133 999 34 25 drone
537 1 1137 999 34 24 drone
538 1 1137 998 34 24 drone
539 1 1138 998 33 23 drone
540 1 1139 998 32 22 drone
541 1 1140 998 31 22 drone
542 1 1141 998 31 21 drone
543 1 1142 998 30 21 drone
544 1 1143 998 29 20 drone
545 1 1144 998 29 19 drone
546 1 1143 998 29 20 drone
547 1 1142 997 29 20 drone
548 1 1141 997 29 20 drone
549 1 1140 996 28 21 drone
550 1 1140 996 28 21 drone
551 1 1138 996 28 21 drone
552 1 1137 995 28 21 drone
553 1 1136 995 27 21 drone
554 1 1135 994 27 21 drone
555 1 1133 995 26 20 drone
556 1 1132 995 26 19 drone
557 1 1130 995 25 18 drone
558 1 1128 996 25 17 drone
559 1 1126 996 24 16 drone
560 1 1123 996 24 16 drone
561 1 1121 996 24 16 drone
562 1 1118 996 23 16 drone
563 1 1116 996 23 16 drone
564 1 1113 996 22 16 drone
565 1 1111 996 22 16 drone
566 1 1108 996 21 16 drone
567 1 1105 997 21 16 drone
568 1 1103 997 20 16 drone
569 1 1099 997 20 16 drone
570 1 1096 997 20 16 drone
571 1 1092 997 20 16 drone
572 1 1089 997 19 15 drone
573 1 1085 997 19 15 drone
574 1 1082 997 19 15 drone
575 1 1078 997 19 14 drone
576 1 1075 997 19 14 drone
577 1 1071 997 18 14 drone
578 1 1067 997 18 14 drone
579 1 1064 997 18 13 drone
580 1 1060 997 17 13 drone
581 1 1056 997 17 13 drone
582 1 1052 997 16 12 drone
583 1 1048 997 16 12 drone
584 1 1044 997 15 12 drone
585 1 1041 997 15 11 drone
586 1 1036 997 15 12 drone
587 1 1031 996 15 12 drone
588 1 1026 996 16 12 drone
589 1 1021 996 16 12 drone
590 1 1017 995 16 13 drone
591 1 1012 995 16 13 drone
592 1 1007 994 16 13 drone
593 1 1002 994 17 13 drone
594 1 997 994 17 13 drone
595 1 991 993 17 13 drone
596 1 986 993 17 14 drone
597 1 981 992 18 14 drone
598 1 976 992 18 14 drone
599 1 971 992 18 14 drone
600 1 966 991 18 14 drone
601 1 961 991 18 14 drone
602 1 956 991 17 14 drone
603 1 951 991 17 14 drone
604 1 946 990 17 13 drone
605 1 941 990 16 13 drone
606 1 936 990 16 13 drone
607 1 931 990 15 13 drone
608 1 926 990 15 12 drone
609 1 921 990 15 12 drone
610 1 916 989 15 12 drone
611 1 910 989 15 12 drone
612 1 905 989 16 12 drone
613 1 900 989 16 12 drone
614 1 895 988 16 12 drone
615 1 889 988 16 12 drone
616 1 884 988 16 12 drone
617 1 879 987 16 12 drone
618 1 873 986 16 12 drone
619 1 868 986 16 12 drone
620 1 863 985 16 12 drone
621 1 858 984 16 12 drone
622 1 852 984 16 12 drone
623 1 847 983 15 12 drone
624 1 842 982 15 12 drone
625 1 837 981 15 12 drone
626 1 831 980 15 12 drone
627 1 826 979 15 12 drone
628 1 820 978 14 11 drone
629 1 815 977 14 11 drone
630 1 809 976 14 11 drone
631 1 804 975 14 11 drone
632 1 799 974 14 11 drone
633 1 793 973 13 11 drone
634 1 787 970 14 11 drone
635 1 781 968 14 11 drone
636 1 775 965 15 12 drone
637 1 770 963 15 12 drone
638 1 765 961 15 11 drone
639 1 759 959 15 11 drone
640 1 754 958 15 11 drone
641 1 749 956 15 11 drone
642 1 743 954 16 11 drone
643 1 738 952 15 11 drone
644 1 733 949 15 11 drone
645 1 728 947 14 11 drone
646 1 723 945 14 11 drone
647 1 718 943 13 11 drone
648 1 712 941 13 11 drone
649 1 707 938 13 11 drone
650 1 701 936 13 11 drone
651 1 695 934 14 12 drone
652 1 690 932 14 12 drone
653 1 684 929 14 13 drone
654 1 678 927 14 13 drone
655 1 672 925 14 13 drone
656 1 667 923 14 12 drone
657 1 661 922 14 12 drone
658 1 655 920 14 12 drone
659 1 649 918 14 12 drone
660 1 644 916 14 11 drone
661 1 638 914 14 12 drone
662 1 632 913 13 12 drone
663 1 626 911 13 12 drone
664 1 620 909 13 12 drone
665 1 614 908 12 12 drone
666 1 608 906 12 12 drone
667 1 602 905 12 12 drone
668 1 595 903 13 11 drone
669 1 589 901 13 11 drone
670 1 582 899 14 11 drone
671 1 576 898 14 11 drone
672 1 569 896 15 10 drone
673 1 563 894 15 10 drone
674 1 557 892 15 10 drone
675 1 551 890 16 10 drone
676 1 545 888 16 10 drone
677 1 539 886 16 11 drone
678 1 533 884 16 11 drone
679 1 528 882 16 11 drone
680 1 522 880 16 11 drone
681 1 516 878 17 11 drone
682 1 510 876 17 11 drone
683 1 505 875 17 12 drone
684 1 500 873 16 12 drone
685 1 495 871 16 13 drone
686 1 490 869 16 13 drone
687 1 486 867 16 13 drone
688 1 481 865 16 14 drone
689 1 476 863 16 14 drone
690 1 471 861 16 14 drone
