0 0
1 0
2 0
3 0
4 0
5 0
6 0
7 0
8 0
9 0
10 0
11 0
12 0
13 0
14 0
15 0
16 0
17 0
18 0
19 0
20 0
21 0
22 0
23 0
24 1 1899 501 21 23 drone
25 1 1887 506 26 23 drone
26 1 1877 511 26 23 drone
27 1 1865 517 26 23 drone
28 1 1854 523 26 23 drone
29 1 1844 528 26 23 drone
30 1 1833 534 26 23 drone
31 1 1823 540 26 23 drone
32 1 1812 546 26 23 drone
33 1 1801 551 25 23 drone
34 1 1791 557 25 23 drone
35 1 1780 563 25 23 drone
36 1 1770 568 25 23 drone
37 1 1759 574 25 23 drone
38 1 1748 580 25 23 drone
39 1 1737 586 24 23 drone
40 1 1726 591 24 22 drone
41 1 1715 597 24 22 drone
42 1 1703 603 23 22 drone
43 1 1692 609 23 22 drone
44 1 1681 614 23 21 drone
45 1 1670 620 22 21 drone
46 1 1659 626 22 21 drone
47 1 1647 631 22 21 drone
48 1 1635 637 23 21 drone
49 1 1622 643 24 20 drone
50 1 1610 648 24 20 drone
51 1 1599 653 24 20 drone
52 1 1587 656 25 20 drone
53 1 1573 661 26 20 drone
54 1 1561 666 26 19 drone
55 1 1547 668 26 19 drone
56 1 1535 673 27 19 drone
57 1 1525 675 27 19 drone
58 1 1514 678 26 19 drone
59 1 1500 682 26 19 drone
60 1 1489 684 26 19 drone
61 1 1478 687 25 19 drone
62 1 1468 688 25 19 drone
63 1 1460 691 25 19 drone
64 1 1451 692 24 19 drone
65 1 1441 694 24 19 drone
66 1 1435 695 24 19 drone
67 1 1429 696 23 19 drone
68 1 1423 697 23 19 drone
69 1 1412 699 23 19 drone
70 1 1407 699 22 19 drone
71 1 1400 701 22 19 drone
72 1 1396 701 22 19 drone
73 1 1390 702 22 19 drone
74 1 1385 704 21 19 drone
75 1 1381 704 21 19 drone
76 1 1379 705 21 19 drone
77 1 1373 706 21 18 drone
78 1 1371 707 22 18 drone
79 1 1367 708 22 18 drone
80 1 1366 709 22 17 drone
81 1 1365 710 22 17 drone
82 1 1361 710 22 16 drone
83 1 1359 712 22 16 drone
84 1 1358 712 23 16 drone
85 1 1359 713 23 15 drone
86 1 1357 714 23 15 drone
87 1 1356 716 23 15 drone
88 1 1355 714 22 15 drone
89 1 1355 716 22 15 drone
90 1 1354 718 22 15 drone
91 1 1354 717 21 15 drone
92 1 1353 719 21 16 drone
93 1 1352 720 21 16 drone
94 1 1352 722 20 16 drone
95 1 1351 724 20 16 drone
96 1 1351 728 20 16 drone
97 1 1350 729 19 16 drone
98 1 1349 733 19 16 drone
99 1 1348 736 19 16 drone
100 1 1348 740 20 16 drone
101 1 1347 743 20 16 drone
102 1 1347 747 21 16 drone
103 1 1346 750 21 16 drone
104 1 1345 754 21 16 drone
105 1 1345 757 21 16 drone
106 1 1344 760 21 16 drone
107 1 1343 764 21 16 drone
108 1 1343 768 21 16 drone
109 1 1342 771 21 16 drone
110 1 1342 774 21 16 drone
111 1 1342 776 21 16 drone
112 1 1343 779 21 15 drone
113 1 1343 782 21 15 drone
114 1 1344 783 21 15 drone
115 1 1345 784 21 15 drone
116 1 1346 786 21 15 drone
117 1 1347 787 21 15 drone
118 1 1349 788 22 16 drone
119 1 1350 789 22 16 drone
120 1 1351 791 22 16 drone
121 1 1352 792 22 16 drone
122 1 1353 793 22 16 drone
123 1 1354 793 22 16 drone
124 1 1356 793 22 17 drone
125 1 1357 793 22 17 drone
126 1 1358 792 22 18 drone
127 1 1359 792 22 18 drone
128 1 1361 792 22 19 drone
129 1 1362 792 22 19 drone
130 1 1362 792 22 19 drone
131 1 1362 791 23 20 drone
132 1 1362 791 23 20 drone
133 1 1362 791 24 20 drone
134 1 1362 790 24 20 drone
135 1 1362 790 25 21 drone
136 1 1362 789 25 21 drone
137 1 1362 789 26 21 drone
138 1 1362 789 26 21 drone
139 1 1362 788 27 22 drone
140 1 1362 788 27 22 drone
141 1 1362 788 28 22 drone
142 1 1361 787 28 22 drone
143 1 1360 787 28 22 drone
144 1 1360 786 29 22 drone
145 1 1360 786 30 22 drone
146 1 1359 786 30 21 drone
147 1 1358 785 30 21 drone
148 1 1358 785 31 21 drone
149 1 1358 784 32 21 drone
150 1 1357 784 32 21 drone
151 1 1358 783 32 22 drone
152 1 1359 782 32 22 drone
153 1 1360 781 33 23 drone
154 1 1361 780 33 23 drone
155 1 1362 778 33 24 drone
156 1 1363 777 33 24 drone
157 1 1364 776 34 25 drone
158 1 1365 775 34 25 drone
159 1 1366 774 34 26 drone
160 1 1371 773 34 26 drone
161 1 1376 772 34 26 drone
162 1 1382 771 34 26 drone
163 1 1380 770 34 26 drone
164 1 1386 769 34 26 drone
165 1 1390 769 34 26 drone
166 1 1393 768 33 27 drone
167 1 1400 766 33 27 drone
168 1 1407 765 33 27 drone
169 1 1410 765 33 27 drone
170 1 1417 764 33 27 drone
171 1 1427 763 33 27 drone
172 1 1431 761 34 27 drone
173 1 1443 761 34 26 drone
174 1 1448 760 35 26 drone
175 1 1455 758 36 26 drone
176 1 1465 756 36 26 drone
177 1 1472 756 37 26 drone
178 1 1481 754 37 25 drone
179 1 1489 753 38 25 drone
180 1 1501 752 37 25 drone
181 1 1512 749 36 25 drone
182 1 1524 747 35 25 drone
183 1 1535 745 34 24 drone
184 1 1547 743 33 24 drone
185 1 1556 740 32 24 drone
186 1 1570 738 31 24 drone
187 1 1581 735 33 25 drone
188 1 1592 731 35 25 drone
189 1 1603 728 36 26 drone
190 1 1614 724 38 26 drone
191 1 1625 721 40 27 drone
192 1 1638 719 40 26 drone
193 1 1650 716 39 25 drone
194 1 1662 714 38 24 drone
195 1 1675 712 38 23 drone
196 1 1693 705 37 25 drone
197 1 1705 699 35 27 drone
198 1 1717 694 34 29 drone
199 1 1730 688 33 29 drone
200 1 1743 683 32 29 drone
201 1 1755 678 32 28 drone
202 1 1766 673 31 28 drone
203 1 1776 668 30 28 drone
204 1 1787 662 29 28 drone
205 1 1793 655 30 29 drone
206 1 1799 648 31 30 drone
207 1 1804 642 32 31 drone
208 1 1810 635 33 32 drone
209 1 1814 628 32 32 drone
210 1 1818 621 32 32 drone
211 1 1822 614 32 33 drone
212 1 1826 607 31 33 drone
213 1 1826 599 31 34 drone
214 1 1825 591 32 34 drone
215 1 1827 585 32 35 drone
216 1 1829 576 32 35 drone
217 1 1824 568 32 36 drone
218 1 1823 560 33 36 drone
219 1 1823 552 33 37 drone
220 1 1819 544 33 35 drone
221 1 1815 536 32 34 drone
222 1 1812 528 32 32 drone
223 1 1808 520 32 30 drone
224 1 1804 512 31 29 drone
225 1 1800 504 31 27 drone
226 1 1794 494 31 29 drone
227 1 1789 484 32 30 drone
228 1 1783 474 32 32 drone
229 1 1776 466 32 32 drone
230 1 1769 458 32 32 drone
231 1 1762 450 32 32 drone
232 1 1755 442 32 32 drone
233 1 1749 434 31 32 drone
234 1 1742 426 31 32 drone
235 1 1735 418 31 32 drone
236 1 1728 410 31 32 drone
237 1 1721 402 31 32 drone
238 1 1713 397 31 32 drone
239 1 1706 393 30 32 drone
240 1 1698 388 30 31 drone
241 1 1690 384 30 31 drone
242 1 1683 375 29 31 drone
243 1 1675 371 29 30 drone
244 1 1668 368 28 30 drone
245 1 1659 365 28 30 drone
246 1 1651 363 28 30 drone
247 1 1644 360 28 30 drone
248 1 1636 359 28 29 drone
249 1 1629 353 28 29 drone
250 1 1622 351 28 29 drone
251 1 1611 352 28 29 drone
252 1 1605 351 28 29 drone
253 1 1596 350 28 29 drone
254 1 1589 351 28 28 drone
255 1 1581 350 28 28 drone
256 1 1573 348 28 28 drone
257 1 1565 349 28 28 drone
258 1 1556 350 28 28 drone
259 1 1548 350 28 27 drone
260 1 1540 351 28 27 drone
261 1 1532 352 29 27 drone
262 1 1524 352 29 26 drone
263 1 1515 353 29 26 drone
264 1 1507 354 29 26 drone
265 1 1499 356 29 26 drone
266 1 1491 358 28 25 drone
267 1 1483 360 28 25 drone
268 1 1475 362 27 24 drone
269 1 1466 365 27 24 drone
270 1 1458 367 26 23 drone
271 1 1450 369 26 23 drone
272 1 1442 371 25 22 drone
273 1 1434 373 25 22 drone
274 1 1425 376 25 22 drone
275 1 1417 378 25 22 drone
276 1 1408 381 25 22 drone
277 1 1399 384 25 22 drone
278 1 1391 386 25 22 drone
279 1 1382 389 24 21 drone
280 1 1374 391 24 21 drone
281 1 1365 394 24 21 drone
282 1 1356 397 24 21 drone
283 1 1348 399 24 21 drone
284 1 1339 402 24 21 drone
285 1 1330 405 24 22 drone
286 1 1320 408 25 22 drone
287 1 1311 411 25 22 drone
288 1 1302 414 26 23 drone
289 1 1293 416 26 24 drone
290 1 1284 419 26 24 drone
291 1 1274 422 27 24 drone
292 1 1265 425 27 25 drone
293 1 1256 430 28 25 drone
294 1 1246 435 28 25 drone
295 1 1237 440 29 25 drone
296 1 1228 445 30 25 drone
297 1 1218 450 30 25 drone
298 1 1209 455 31 25 drone
299 1 1200 461 30 25 drone
300 1 1191 468 30 25 drone
301 1 1182 474 30 25 drone
302 1 1174 480 29 26 drone
303 1 1165 486 28 26 drone
304 1 1156 492 28 26 drone
305 1 1147 499 28 26 drone
306 1 1138 505 27 26 drone
307 1 1130 512 27 25 drone
308 1 1123 518 26 24 drone
309 1 1115 525 26 23 drone
310 1 1107 531 26 23 drone
311 1 1099 538 26 22 drone
312 1 1092 544 25 21 drone
313 1 1084 551 25 20 drone
314 1 1078 555 25 20 drone
315 1 1072 559 25 20 drone
316 1 1066 563 25 20 drone
317 1 1059 567 25 19 drone
318 1 1053 571 25 19 drone
319 1 1047 575 25 19 drone
320 1 1041 579 25 19 drone
321 1 1036 581 25 19 drone
322 1 1031 584 26 18 drone
323 1 1026 586 26 18 drone
324 1 1022 588 26 18 drone
325 1 1017 590 26 17 drone
326 1 1012 592 26 17 drone
327 1 1007 595 27 16 drone
328 1 1002 597 27 16 drone
329 1 999 598 27 16 drone
330 1 997 600 26 16 drone
331 1 994 601 26 16 drone
332 1 991 602 25 17 drone
333 1 988 603 25 17 drone
334 1 986 605 24 17 drone
335 1 983 606 24 17 drone
336 1 981 607 24 17 drone
337 1 980 609 24 16 drone
338 1 978 610 23 16 drone
339 1 976 612 23 16 drone
340 1 974 613 23 16 drone
341 1 973 614 23 15 drone
342 1 971 616 23 15 drone
343 1 969 617 22 15 drone
344 1 968 619 22 14 drone
345 1 966 620 22 14 drone
346 1 965 622 21 14 drone
347 1 965 625 20 14 drone
348 1 964 627 19 14 drone
349 1 964 629 19 13 drone
350 1 963 631 18 13 drone
351 1 963 634 17 13 drone
352 1 962 636 16 13 drone
353 1 962 640 16 13 drone
354 1 961 644 15 12 drone
355 1 960 647 15 12 drone
356 1 960 651 15 12 drone
357 1 960 655 14 12 drone
358 1 959 659 14 11 drone
359 1 958 663 14 11 drone
360 1 958 666 14 11 drone
361 1 958 670 13 10 drone
362 1 957 674 13 10 drone
363 1 956 678 14 10 drone
364 1 956 683 14 10 drone
365 1 955 687 15 11 drone
366 1 954 692 16 11 drone
367 1 953 696 17 11 drone
368 1 952 700 18 12 drone
369 1 952 705 18 12 drone
370 1 951 709 19 12 drone
371 1 951 714 19 12 drone
372 1 951 718 19 12 drone
373 1 951 723 19 12 drone
374 1 950 727 19 13 drone
375 1 950 732 19 13 drone
376 1 950 736 19 13 drone
377 1 950 741 19 13 drone
378 1 951 746 19 13 drone
379 1 951 750 19 13 drone
380 1 952 754 18 13 drone
381 1 953 759 18 13 drone
382 1 954 764 18 14 drone
383 1 954 768 18 14 drone
384 1 955 772 18 14 drone
385 1 956 777 17 14 drone
386 1 956 782 17 14 drone
387 1 957 786 17 14 drone
388 1 959 788 17 14 drone
389 1 961 791 18 15 drone
390 1 963 793 18 15 drone
391 1 964 796 18 15 drone
392 1 966 798 18 15 drone
393 1 968 801 19 16 drone
394 1 970 803 19 16 drone
395 1 973 804 19 16 drone
396 1 976 806 19 16 drone
397 1 979 808 19 16 drone
398 1 982 809 20 16 drone
399 1 985 810 20 15 drone
400 1 988 812 20 15 drone
401 1 991 814 20 15 drone
402 1 994 815 20 15 drone
403 1 998 816 20 15 drone
404 1 1002 816 20 15 drone
405 1 1006 817 20 15 drone
406 1 1009 817 20 15 drone
407 1 1013 818 20 15 drone
408 1 1017 818 20 15 drone
409 1 1021 819 20 15 drone
410 1 1025 819 20 15 drone
411 1 1030 819 21 15 drone
412 1 1034 819 21 15 drone
413 1 1039 819 22 15 drone
414 1 1043 818 22 16 drone
415 1 1048 818 23 16 drone
416 1 1052 818 23 16 drone
417 1 1057 818 24 16 drone
418 1 1061 818 24 16 drone
419 1 1066 817 24 16 drone
420 1 1072 817 23 16 drone
421 1 1077 816 23 16 drone
422 1 1083 815 23 17 drone
423 1 1088 814 23 17 drone
424 1 1094 814 22 17 drone
425 1 1099 813 22 17 drone
426 1 1105 812 23 17 drone
427 1 1110 811 24 18 drone
428 1 1116 810 25 18 drone
429 1 1121 810 25 18 drone
430 1 1127 809 26 18 drone
431 1 1132 808 27 19 drone
432 1 1138 807 28 19 drone
433 1 1146 805 28 19 drone
434 1 1154 804 28 19 drone
435 1 1161 802 29 20 drone
436 1 1169 801 29 20 drone
437 1 1177 799 29 20 drone
438 1 1185 797 29 20 drone
439 1 1193 796 29 20 drone
440 1 1200 794 30 21 drone
441 1 1208 793 30 21 drone
442 1 1216 791 30 21 drone
443 1 1226 789 30 21 drone
444 1 1236 786 31 21 drone
445 1 1246 784 31 22 drone
446 1 1256 781 32 22 drone
447 1 1267 779 32 22 drone
448 1 1277 776 33 22 drone
449 1 1287 774 33 23 drone
450 1 1297 771 34 23 drone
451 1 1307 769 34 23 drone
452 1 1319 765 36 23 drone
453 1 1331 761 38 24 drone
454 1 1344 756 39 24 drone
455 1 1356 752 41 25 drone
456 1 1368 748 43 25 drone
457 1 1384 743 44 26 drone
458 1 1399 738 46 26 drone
459 1 1415 732 47 27 drone
460 1 1430 727 49 27 drone
461 1 1446 722 50 28 drone
462 1 1465 715 49 30 drone
463 1 1483 708 48 33 drone
464 1 1500 701 53 32 drone
465 1 1518 695 57 32 drone
466 1 1535 688 62 31 drone
467 1 1557 678 63 32 drone
468 1 1579 669 65 32 drone
469 1 1602 659 66 33 drone
470 1 1624 650 68 33 drone
471 1 1646 640 69 34 drone
472 1 1672 627 69 35 drone
473 1 1697 615 68 36 drone
474 1 1723 602 68 37 drone
475 1 1754 586 70 40 drone
476 1 1784 569 71 43 drone
477 1 1813 552 73 46 drone
478 1 1841 531 76 51 drone
479 1 1886 516 33 53 drone
480 0
481 0
482 0
483 0
484 0
485 0
486 0
487 0
488 0
489 0
490 0
491 0
492 0
493 0
494 0
495 0
