0 0
1 0
2 0
3 0
4 0
5 0
6 0
7 0
8 0
9 0
10 1 838 1064 71 16 drone
11 1 831 1064 68 16 drone
12 1 831 1063 68 17 drone
13 1 829 1064 60 16 drone
14 1 827 1063 55 17 drone
15 1 824 1062 54 18 drone
16 1 820 1061 49 19 drone
17 1 813 1060 52 20 drone
18 1 806 1060 49 20 drone
19 1 801 1058 48 22 drone
20 1 790 1058 49 22 drone
21 1 782 1058 47 22 drone
22 1 774 1057 48 22 drone
23 1 762 1056 52 24 drone
24 1 758 1055 50 24 drone
25 1 753 1055 47 24 drone
26 1 740 1054 48 26 drone
27 1 732 1052 48 27 drone
28 1 725 1052 46 28 drone
29 1 719 1050 39 30 drone
30 1 711 1050 38 30 drone
31 1 702 1048 38 30 drone
32 1 693 1046 38 31 drone
33 1 684 1043 38 31 drone
34 1 674 1042 38 31 drone
35 1 663 1040 42 31 drone
36 1 655 1040 42 31 drone
37 1 645 1038 41 29 drone
38 1 635 1037 41 29 drone
39 1 627 1036 40 28 drone
40 1 619 1035 39 28 drone
41 1 611 1034 39 27 drone
42 1 603 1033 38 27 drone
43 1 595 1031 37 26 drone
44 1 587 1030 37 25 drone
45 1 579 1029 36 25 drone
46 1 571 1028 35 24 drone
47 1 563 1027 34 24 drone
48 1 556 1025 34 23 drone
49 1 548 1024 33 23 drone
50 1 541 1022 32 22 drone
51 1 533 1021 32 22 drone
52 1 525 1020 31 22 drone
53 1 518 1018 30 21 drone
54 1 510 1017 29 21 drone
55 1 503 1015 29 21 drone
56 1 495 1014 28 20 drone
57 1 488 1013 27 20 drone
58 1 480 1011 26 19 drone
59 1 472 1010 26 19 drone
60 1 466 1008 25 19 drone
61 1 460 1007 25 19 drone
62 1 453 1005 25 18 drone
63 1 447 1004 25 18 drone
64 1 441 1002 24 18 drone
65 1 434 1001 24 18 drone
66 1 428 999 24 17 drone
67 1 422 997 24 17 drone
68 1 416 996 24 17 drone
69 1 409 994 23 17 drone
70 1 403 993 23 17 drone
71 1 397 991 24 17 drone
72 1 392 989 24 17 drone
73 1 386 988 25 18 drone
74 1 380 986 26 18 drone
75 1 375 984 26 19 drone
76 1 369 982 27 19 drone
77 1 364 981 28 20 drone
78 1 358 979 28 20 drone
79 1 352 977 29 21 drone
80 1 349 976 28 20 drone
81 1 345 975 28 20 drone
82 1 341 974 27 20 drone
83 1 337 973 27 19 drone
84 1 333 972 26 19 drone
85 1 329 971 26 19 drone
86 1 325 970 25 18 drone
87 1 322 969 25 18 drone
88 1 318 968 24 17 drone
89 1 314 967 24 17 drone
90 1 311 966 23 17 drone
91 1 308 965 23 17 drone
92 1 305 964 23 16 drone
93 1 302 963 22 16 drone
94 1 299 962 22 16 drone
95 1 296 961 22 15 drone
96 1 293 960 22 15 drone
97 1 290 960 21 15 drone
98 1 287 959 21 14 drone
99 1 284 958 21 14 drone
100 1 282 957 20 14 drone
101 1 280 956 19 14 drone
102 1 277 955 19 14 drone
103 1 275 954 18 14 drone
104 1 273 954 19 14 drone
105 1 272 953 19 14 drone
106 1 270 952 19 14 drone
107 1 268 952 19 14 drone
108 1 266 951 20 14 drone
109 1 264 950 20 14 drone
110 1 263 950 20 14 drone
111 1 262 949 19 14 drone
112 1 261 949 19 14 drone
113 1 260 948 19 14 drone
114 1 260 947 18 14 drone
115 1 259 947 18 14 drone
116 1 258 946 18 14 drone
117 1 258 946 17 14 drone
118 1 258 946 17 14 drone
119 1 258 946 17 14 drone
120 1 258 945 16 14 drone
121 1 258 945 16 14 drone
122 1 258 945 16 14 drone
123 1 258 945 15 14 drone
124 1 259 945 15 13 drone
125 1 260 945 15 13 drone
126 1 260 944 15 13 drone
127 1 261 944 14 13 drone
128 1 261 944 14 13 drone
129 1 262 944 14 12 drone
130 1 264 944 14 12 drone
131 1 265 944 14 12 drone
132 1 267 945 14 12 drone
133 1 269 945 14 12 drone
134 1 271 945 13 12 drone
135 1 273 945 13 12 drone
136 1 274 945 13 12 drone
137 1 276 945 13 12 drone
138 1 278 946 13 12 drone
139 1 280 946 13 12 drone
140 1 281 946 13 12 drone
141 1 283 946 13 12 drone
142 1 285 946 12 12 drone
143 1 288 947 13 12 drone
144 1 291 947 13 12 drone
145 1 294 948 13 12 drone
146 1 297 948 13 12 drone
147 1 300 949 13 12 drone
148 1 303 949 13 12 drone
149 1 306 950 13 12 drone
150 1 309 950 13 12 drone
151 1 312 951 13 12 drone
152 1 316 951 13 12 drone
153 1 319 952 13 12 drone
154 1 323 953 13 12 drone
155 1 326 953 13 12 drone
156 1 330 954 13 12 drone
157 1 334 955 13 11 drone
158 1 338 955 13 11 drone
159 1 342 956 13 11 drone
160 1 346 957 13 11 drone
161 1 350 958 13 11 drone
162 1 355 958 13 11 drone
163 1 359 959 13 11 drone
164 1 364 960 13 11 drone
165 1 368 960 12 11 drone
166 1 373 961 12 11 drone
167 1 377 961 12 11 drone
168 1 382 962 12 11 drone
169 1 386 963 12 11 drone
170 1 391 964 12 11 drone
171 1 396 964 12 11 drone
172 1 401 965 12 11 drone
173 1 405 966 12 11 drone
174 1 410 967 12 11 drone
175 1 415 968 12 11 drone
176 1 420 969 12 10 drone
177 1 424 969 12 10 drone
178 1 429 970 12 10 drone
179 1 435 971 12 10 drone
180 1 440 972 11 10 drone
181 1 445 973 11 10 drone
182 1 450 974 11 10 drone
183 1 455 975 11 10 drone
184 1 461 976 11 10 drone
185 1 466 976 11 9 drone
186 1 471 977 11 9 drone
187 1 476 978 11 9 drone
188 1 481 979 11 9 drone
189 1 487 979 11 9 drone
190 1 492 980 11 9 drone
191 1 497 981 11 9 drone
192 1 502 981 11 9 drone
193 1 507 982 11 9 drone
194 1 513 983 12 9 drone
195 1 518 984 12 9 drone
196 1 523 984 12 9 drone
197 1 529 985 12 9 drone
198 1 534 986 12 9 drone
199 1 540 987 12 9 drone
200 1 545 987 12 9 drone
201 1 550 988 12 9 drone
202 1 555 989 12 9 drone
203 1 560 989 12 9 drone
204 1 566 990 13 9 drone
205 1 571 991 13 9 drone
206 1 576 991 13 9 drone
207 1 581 992 14 9 drone
208 1 586 993 14 9 drone
209 1 592 993 14 10 drone
210 1 597 994 14 10 drone
211 1 602 994 14 10 drone
212 1 608 995 14 10 drone
213 1 613 996 14 10 drone
214 1 618 996 14 10 drone
215 1 623 997 14 10 drone
216 1 628 997 14 10 drone
217 1 634 998 14 10 drone
218 1 639 998 14 10 drone
219 1 644 999 14 10 drone
220 1 649 999 14 10 drone
221 1 654 1000 14 10 drone
222 1 659 1000 14 10 drone
223 1 664 1000 14 10 drone
224 1 668 1001 14 10 drone
225 1 673 1001 14 10 drone
226 1 678 1002 14 10 drone
227 1 683 1002 14 10 drone
228 1 688 1002 14 10 drone
229 1 693 1003 14 10 drone
230 1 697 1003 14 10 drone
231 1 702 1003 14 10 drone
232 1 706 1004 14 10 drone
233 1 711 1004 14 10 drone
234 1 715 1004 14 10 drone
235 1 720 1005 14 10 drone
236 1 724 1005 13 10 drone
237 1 729 1005 13 10 drone
238 1 733 1006 13 10 drone
239 1 738 1006 13 10 drone
240 1 742 1006 13 10 drone
241 1 747 1007 13 10 drone
242 1 751 1007 13 10 drone
243 1 755 1008 13 10 drone
244 1 759 1008 13 9 drone
245 1 764 1008 13 9 drone
246 1 768 1009 13 9 drone
247 1 772 1009 13 9 drone
248 1 776 1009 13 9 drone
249 1 781 1010 12 9 drone
250 1 785 1010 12 9 drone
251 1 789 1010 12 9 drone
252 1 793 1011 12 9 drone
253 1 797 1011 12 9 drone
254 1 801 1011 13 9 drone
255 1 805 1011 13 9 drone
256 1 809 1011 13 9 drone
257 1 813 1012 13 9 drone
258 1 817 1012 13 9 drone
259 1 821 1012 13 9 drone
260 1 824 1012 13 9 drone
261 1 828 1013 13 9 drone
262 1 832 1013 13 9 drone
263 1 836 1013 13 9 drone
264 1 840 1013 13 9 drone
265 1 844 1014 13 9 drone
266 1 847 1014 13 9 drone
267 1 851 1014 12 9 drone
268 1 855 1014 12 9 drone
269 1 859 1014 12 9 drone
270 1 863 1015 12 9 drone
271 1 866 1015 12 9 drone
272 1 870 1015 12 9 drone
273 1 873 1015 12 9 drone
274 1 877 1015 12 9 drone
275 1 880 1015 13 9 drone
276 1 883 1015 13 10 drone
277 1 886 1015 13 10 drone
278 1 889 1016 13 10 drone
279 1 893 1016 13 10 drone
280 1 896 1016 13 10 drone
281 1 899 1016 13 10 drone
282 1 902 1016 13 10 drone
283 1 905 1016 14 10 drone
284 1 909 1016 14 10 drone
285 1 911 1016 14 10 drone
286 1 913 1016 14 10 drone
287 1 915 1016 14 10 drone
288 1 918 1016 14 10 drone
289 1 920 1016 14 10 drone
290 1 922 1016 14 10 drone
291 1 924 1017 14 9 drone
292 1 927 1017 14 9 drone
293 1 929 1017 14 9 drone
294 1 931 1017 13 9 drone
295 1 933 1017 13 9 drone
296 1 936 1017 13 9 drone
297 1 938 1017 13 9 drone
298 1 939 1017 14 9 drone
299 1 940 1017 14 9 drone
300 1 942 1017 14 9 drone
301 1 943 1017 14 9 drone
302 1 944 1017 14 9 drone
303 1 945 1017 14 9 drone
304 1 946 1018 14 9 drone
305 1 947 1018 14 9 drone
306 1 949 1018 15 9 drone
307 1 950 1018 15 10 drone
308 1 951 1018 15 10 drone
309 1 952 1018 15 10 drone
310 1 953 1018 15 10 drone
311 1 954 1018 15 10 drone
312 1 956 1018 15 10 drone
313 1 957 1018 15 10 drone
314 1 957 1018 15 10 drone
315 1 958 1019 15 10 drone
316 1 959 1019 15 10 drone
317 1 960 1019 15 10 drone
318 1 961 1019 15 10 drone
319 1 962 1019 15 10 drone
320 1 963 1019 15 10 drone
321 1 964 1019 15 10 drone
322 1 965 1019 15 10 drone
323 1 966 1020 15 10 drone
324 1 967 1020 15 10 drone
325 1 968 1020 15 10 drone
326 1 969 1020 15 10 drone
327 1 970 1020 15 10 drone
328 1 971 1020 15 10 drone
329 1 971 1021 15 10 drone
330 1 972 1021 15 10 drone
331 1 973 1021 16 10 drone
332 1 974 1021 16 10 drone
333 1 975 1021 16 10 drone
334 1 976 1021 16 10 drone
335 1 977 1022 16 10 drone
336 1 978 1022 16 10 drone
337 1 979 1022 16 10 drone
338 1 980 1022 16 11 drone
339 1 981 1022 16 11 drone
340 1 982 1022 16 11 drone
341 1 983 1023 16 11 drone
342 1 984 1023 16 11 drone
343 1 986 1023 16 11 drone
344 1 987 1023 16 11 drone
345 1 988 1023 16 11 drone
346 1 989 1023 16 12 drone
347 1 990 1023 16 12 drone
348 1 991 1024 16 12 drone
349 1 992 1024 16 12 drone
350 1 993 1024 16 12 drone
351 1 994 1025 16 11 drone
352 1 995 1025 16 11 drone
353 1 996 1025 16 11 drone
354 1 997 1026 16 11 drone
355 1 998 1026 16 11 drone
356 1 999 1026 16 11 drone
357 1 1000 1026 16 11 drone
358 1 1001 1027 16 11 drone
359 1 1003 1027 16 11 drone
360 1 1004 1027 16 11 drone
361 1 1004 1028 16 11 drone
362 1 1004 1028 16 12 drone
363 1 1004 1028 17 12 drone
364 1 1004 1028 17 12 drone
365 1 1004 1028 17 12 drone
366 1 1004 1028 17 12 drone
367 1 1004 1029 18 13 drone
368 1 1005 1029 18 13 drone
369 1 1005 1029 18 13 drone
370 1 1005 1029 19 13 drone
371 1 1005 1029 19 13 drone
372 1 1004 1030 19 13 drone
373 1 1003 1030 19 14 drone
374 1 1002 1030 19 14 drone
375 1 1001 1031 19 14 drone
376 1 1000 1031 19 14 drone
377 1 999 1031 19 14 drone
378 1 998 1032 19 14 drone
379 1 997 1032 19 14 drone
380 1 996 1032 19 15 drone
381 1 995 1032 19 15 drone
382 1 994 1033 19 15 drone
383 1 993 1033 19 15 drone
384 1 992 1033 19 15 drone
385 1 987 1034 20 16 drone
386 1 983 1034 20 16 drone
387 1 979 1034 20 16 drone
388 1 975 1035 21 16 drone
389 1 971 1035 21 17 drone
390 1 967 1035 21 17 drone
391 1 963 1036 21 17 drone
392 1 959 1036 22 18 drone
393 1 955 1036 22 18 drone
394 1 951 1037 22 18 drone
395 1 947 1037 23 18 drone
396 1 943 1037 23 19 drone
397 1 939 1038 23 19 drone
398 1 930 1038 24 20 drone
399 1 921 1038 25 21 drone
400 1 912 1037 26 21 drone
401 1 903 1037 27 22 drone
402 1 894 1037 28 23 drone
403 1 881 1036 28 23 drone
404 1 868 1036 29 23 drone
405 1 856 1035 30 23 drone
406 1 843 1034 31 22 drone
407 1 830 1033 31 22 drone
408 1 813 1031 33 23 drone
409 1 796 1028 35 24 drone
410 1 780 1026 37 26 drone
411 1 763 1023 38 27 drone
412 1 746 1021 40 28 drone
413 1 729 1018 42 29 drone
414 1 713 1016 44 30 drone
415 1 695 1013 44 31 drone
416 1 678 1011 43 31 drone
417 1 661 1008 43 32 drone
418 1 643 1005 43 33 drone
419 1 626 1002 42 33 drone
420 1 609 1000 42 34 drone
421 1 591 997 41 34 drone
422 1 576 993 42 36 drone
423 1 557 991 41 36 drone
424 1 541 987 35 36 drone
425 1 524 984 41 33 drone
426 1 509 980 38 35 drone
427 1 494 976 36 36 drone
428 1 480 977 30 33 drone
429 1 467 973 34 37 drone
430 1 451 969 35 38 drone
431 1 438 967 38 39 drone
432 1 427 964 37 38 drone
433 1 415 962 35 36 drone
434 1 406 959 35 39 drone
435 1 398 957 34 42 drone
436 1 388 955 35 42 drone
437 1 378 953 36 43 drone
438 1 373 953 36 42 drone
439 1 367 954 35 41 drone
440 1 362 953 33 41 drone
441 1 358 951 31 40 drone
442 1 355 952 31 40 drone
443 1 351 954 32 40 drone
444 1 348 955 33 40 drone
445 1 347 956 33 38 drone
446 1 346 958 34 37 drone
447 1 345 960 34 36 drone
448 1 346 962 35 35 drone
449 1 346 964 35 34 drone
450 1 346 965 36 33 drone
451 1 347 967 37 33 drone
452 1 349 969 38 34 drone
453 1 350 971 39 34 drone
454 1 354 974 39 33 drone
455 1 358 977 38 32 drone
456 1 362 980 38 31 drone
457 1 366 983 38 29 drone
458 1 370 987 39 28 drone
459 1 373 990 40 26 drone
460 1 376 994 41 25 drone
461 1 380 997 42 24 drone
462 1 383 999 42 24 drone
463 1 386 1000 42 24 drone
464 1 390 1002 42 24 drone
465 1 393 1004 41 24 drone
466 1 397 1005 42 23 drone
467 1 400 1007 42 23 drone
468 1 404 1008 42 23 drone
469 1 407 1010 42 23 drone
470 1 411 1012 42 23 drone
471 1 414 1013 42 22 drone
472 1 417 1014 42 22 drone
473 1 419 1015 41 22 drone
474 1 422 1016 41 22 drone
475 1 425 1017 41 22 drone
476 1 427 1018 40 21 drone
477 1 429 1017 41 22 drone
478 1 431 1016 42 22 drone
479 1 433 1015 42 22 drone
480 1 435 1014 43 22 drone
481 1 436 1013 44 23 drone
482 1 438 1012 44 23 drone
483 1 440 1011 45 23 drone
484 1 441 1008 45 23 drone
485 1 441 1006 45 23 drone
486 1 442 1003 45 23 drone
487 1 442 1001 44 23 drone
488 1 444 999 44 23 drone
489 1 445 997 43 23 drone
490 1 446 995 43 23 drone
491 1 448 993 42 23 drone
492 1 449 991 41 24 drone
493 1 450 989 42 24 drone
494 1 450 988 42 24 drone
495 1 451 987 43 25 drone
496 1 452 986 43 25 drone
497 1 452 985 44 25 drone
498 1 453 984 44 26 drone
499 1 453 984 45 26 drone
500 1 453 984 46 25 drone
501 1 453 984 47 25 drone
502 1 453 984 48 25 drone
503 1 453 984 49 25 drone
504 1 455 984 48 24 drone
505 1 456 984 47 24 drone
506 1 457 985 46 24 drone
507 1 459 985 45 23 drone
508 1 460 985 45 23 drone
509 1 462 985 44 23 drone
510 1 463 986 45 22 drone
