0 0
1 0
2 0
3 0
4 0
5 0
6 0
7 0
8 0
9 0
10 0
11 0
12 0
13 0
14 0
15 0
16 0
17 0
18 0
19 0
20 0
21 0
22 0
23 0
24 0
25 0
26 0
27 0
28 0
29 0
30 0
31 0
32 0
33 0
34 0
35 0
36 0
37 0
38 0
39 0
40 0
41 0
42 0
43 0
44 0
45 0
46 0
47 0
48 0
49 0
50 0
51 0
52 0
53 0
54 0
55 0
56 0
57 0
58 0
59 0
60 0
61 0
62 0
63 0
64 0
65 0
66 0
67 0
68 0
69 0
70 0
71 0
72 0
73 0
74 0
75 0
76 0
77 0
78 0
79 0
80 0
81 0
82 0
83 0
84 0
85 0
86 0
87 0
88 0
89 0
90 0
91 0
92 0
93 0
94 0
95 0
96 0
97 0
98 0
99 0
100 0
101 0
102 0
103 0
104 0
105 0
106 0
107 0
108 0
109 0
110 0
111 0
112 0
113 0
114 0
115 0
116 0
117 0
118 0
119 0
120 0
121 0
122 0
123 0
124 0
125 0
126 0
127 0
128 0
129 0
130 0
131 0
132 0
133 0
134 0
135 0
136 0
137 0
138 0
139 0
140 0
141 0
142 0
143 0
144 0
145 0
146 0
147 0
148 0
149 0
150 0
151 0
152 0
153 0
154 0
155 0
156 0
157 0
158 0
159 0
160 0
161 0
162 0
163 0
164 0
165 0
166 0
167 0
168 0
169 0
170 0
171 0
172 0
173 0
174 0
175 0
176 0
177 0
178 0
179 0
180 0
181 0
182 0
183 0
184 0
185 0
186 0
187 0
188 0
189 0
190 0
191 0
192 0
193 0
194 0
195 0
196 0
197 0
198 0
199 0
200 0
201 0
202 0
203 0
204 0
205 0
206 0
207 0
208 0
209 0
210 0
211 0
212 0
213 0
214 0
215 0
216 0
217 0
218 0
219 0
220 0
221 0
222 0
223 0
224 0
225 0
226 0
227 0
228 0
229 0
230 0
231 0
232 0
233 0
234 0
235 0
236 0
237 0
238 0
239 0
240 0
241 0
242 0
243 0
244 0
245 0
246 0
247 0
248 0
249 0
250 0
251 0
252 0
253 0
254 0
255 0
256 0
257 0
258 0
259 0
260 0
261 0
262 0
263 0
264 0
265 0
266 0
267 0
268 0
269 0
270 0
271 0
272 0
273 0
274 0
275 0
276 0
277 0
278 0
279 0
280 0
281 0
282 0
283 0
284 0
285 0
286 0
287 0
288 0
289 0
290 0
291 0
292 0
293 0
294 0
295 0
296 0
297 0
298 0
299 0
300 0
301 0
302 0
303 0
304 0
305 0
306 0
307 0
308 0
309 0
310 0
311 0
312 0
313 0
314 0
315 0
316 0
317 0
318 0
319 0
320 0
321 0
322 0
323 0
324 0
325 0
326 0
327 0
328 0
329 0
330 0
331 0
332 0
333 0
334 0
335 0
336 0
337 0
338 0
339 0
340 0
341 0
342 0
343 0
344 0
345 0
346 0
347 0
348 0
349 0
350 0
351 0
352 0
353 0
354 0
355 0
356 0
357 0
358 0
359 0
360 0
361 0
362 0
363 0
364 0
365 0
366 0
367 0
368 0
369 0
370 0
371 0
372 0
373 0
374 0
375 0
376 0
377 0
378 0
379 0
380 0
381 0
382 0
383 0
384 0
385 0
386 0
387 0
388 0
389 0
390 0
391 0
392 0
393 0
394 0
395 0
396 0
397 0
398 0
399 0
400 0
401 0
402 0
403 0
404 0
405 0
406 0
407 0
408 0
409 0
410 0
411 0
412 0
413 0
414 0
415 0
416 0
417 0
418 0
419 0
420 0
421 0
422 0
423 0
424 1 303 1042 170 38 drone
425 1 290 1034 182 46 drone
426 1 289 1031 176 49 drone
427 1 305 1028 172 50 drone
428 1 316 1018 180 61 drone
429 1 342 1011 166 67 drone
430 1 340 1006 164 73 drone
431 1 333 1001 177 78 drone
432 1 341 998 190 80 drone
433 1 352 995 178 82 drone
434 1 366 993 178 84 drone
435 1 397 986 165 82 drone
436 1 384 978 159 88 drone
437 1 395 975 183 84 drone
438 1 395 975 183 84 drone
439 1 410 964 183 84 drone
440 1 425 964 160 81 drone
441 1 458 961 155 81 drone
442 1 443 955 159 79 drone
443 1 463 952 166 78 drone
444 1 492 947 141 77 drone
445 1 500 943 128 75 drone
446 1 495 933 164 79 drone
447 1 506 930 143 78 drone
448 1 533 928 138 76 drone
449 1 543 921 148 76 drone
450 1 543 916 144 78 drone
451 1 569 912 138 80 drone
452 1 571 909 145 76 drone
453 1 594 907 133 75 drone
454 1 598 903 139 74 drone
455 1 620 896 121 76 drone
456 1 620 894 144 70 drone
457 1 660 892 103 69 drone
458 1 657 887 122 66 drone
459 1 675 887 108 61 drone
460 1 681 885 123 60 drone
461 1 693 879 116 58 drone
462 1 712 881 111 52 drone
463 1 727 879 107 49 drone
464 1 730 874 116 50 drone
465 1 751 871 101 48 drone
466 1 755 862 106 54 drone
467 1 776 856 89 52 drone
468 1 778 848 84 55 drone
469 1 788 844 95 53 drone
470 1 799 842 83 47 drone
471 1 808 838 87 44 drone
472 1 806 831 93 44 drone
473 1 824 824 78 43 drone
474 1 835 815 69 44 drone
475 1 840 807 66 42 drone
476 1 846 796 62 45 drone
477 1 847 786 71 45 drone
478 1 841 777 86 43 drone
479 1 850 767 81 40 drone
480 1 854 755 73 41 drone
481 1 855 743 75 42 drone
482 1 867 733 71 39 drone
483 1 865 721 72 38 drone
484 1 867 709 78 38 drone
485 1 871 698 77 34 drone
486 1 878 685 72 35 drone
487 1 882 674 68 33 drone
488 1 886 659 68 36 drone
489 1 882 646 69 35 drone
490 1 888 635 71 34 drone
491 1 891 622 68 34 drone
492 1 885 608 68 34 drone
493 1 891 597 66 32 drone
494 1 892 584 66 32 drone
495 1 892 572 66 32 drone
496 1 894 560 66 32 drone
497 1 899 548 69 32 drone
498 1 903 534 59 36 drone
499 1 903 520 62 41 drone
500 1 899 504 69 45 drone
501 1 905 498 66 45 drone
502 1 908 486 62 45 drone
503 1 906 476 58 44 drone
504 1 907 467 63 44 drone
505 1 913 454 61 48 drone
506 1 911 443 61 49 drone
507 1 922 438 52 44 drone
508 1 917 423 58 48 drone
509 1 921 418 58 43 drone
510 1 927 407 58 44 drone
511 1 928 401 55 41 drone
512 1 939 391 48 42 drone
513 1 936 379 58 45 drone
514 1 938 371 63 45 drone
515 1 946 363 54 46 drone
516 1 952 361 48 42 drone
517 1 952 352 52 45 drone
518 1 954 348 54 44 drone
519 1 964 341 48 44 drone
520 1 965 341 50 41 drone
521 1 971 334 46 42 drone
522 1 972 332 51 38 drone
523 1 977 326 48 42 drone
524 1 983 320 49 45 drone
525 1 988 318 46 43 drone
526 1 991 315 47 42 drone
527 1 994 313 46 42 drone
528 1 998 313 46 41 drone
529 1 1001 312 46 40 drone
530 1 1004 311 46 39 drone
531 1 1008 310 45 38 drone
532 1 1011 309 45 37 drone
533 1 1016 307 45 36 drone
534 1 1019 306 45 35 drone
535 1 1022 306 44 34 drone
536 1 1028 305 44 33 drone
537 1 1031 303 43 33 drone
538 1 1033 304 42 32 drone
539 1 1037 302 41 32 drone
540 1 1040 305 41 32 drone
541 1 1042 304 40 31 drone
542 1 1045 304 39 31 drone
543 1 1049 304 38 30 drone
544 1 1052 303 37 30 drone
545 1 1056 303 37 30 drone
546 1 1060 303 36 29 drone
547 1 1062 303 35 28 drone
548 1 1065 304 34 28 drone
549 1 1068 304 33 27 drone
550 1 1071 304 32 26 drone
551 1 1075 305 31 26 drone
552 1 1078 305 30 25 drone
553 1 1081 305 29 24 drone
554 1 1084 306 28 24 drone
555 1 1087 306 27 23 drone
556 1 1091 305 27 23 drone
557 1 1095 304 27 23 drone
558 1 1099 304 26 23 drone
559 1 1103 303 26 23 drone
560 1 1107 302 26 23 drone
561 1 1109 301 25 23 drone
562 1 1113 300 25 23 drone
563 1 1118 299 25 23 drone
564 1 1123 299 24 23 drone
565 1 1127 298 24 23 drone
566 1 1131 297 24 23 drone
567 1 1136 297 24 22 drone
568 1 1141 296 24 22 drone
569 1 1145 296 24 22 drone
570 1 1150 296 24 22 drone
571 1 1154 295 24 22 drone
572 1 1159 295 24 21 drone
573 1 1164 294 24 21 drone
574 1 1168 294 24 21 drone
575 1 1173 293 24 21 drone
576 1 1178 293 24 20 drone
577 1 1183 293 23 20 drone
578 1 1188 292 22 20 drone
579 1 1193 292 22 19 drone
580 1 1198 292 21 19 drone
581 1 1203 291 21 18 drone
582 1 1208 291 20 18 drone
583 1 1213 291 20 17 drone
584 1 1218 290 19 17 drone
585 1 1224 290 18 17 drone
586 1 1228 288 18 18 drone
587 1 1232 287 18 18 drone
588 1 1236 287 21 18 drone
589 1 1242 286 19 18 drone
590 1 1247 285 19 19 drone
591 1 1250 286 20 19 drone
592 1 1254 285 20 19 drone
593 1 1259 284 20 19 drone
594 1 1263 284 21 19 drone
595 1 1268 284 20 19 drone
596 1 1271 283 21 19 drone
597 1 1274 283 21 19 drone
598 1 1278 283 20 19 drone
599 1 1281 283 20 19 drone
600 1 1285 283 20 19 drone
601 1 1288 283 19 18 drone
602 1 1292 283 19 18 drone
603 1 1295 284 18 18 drone
604 1 1299 284 18 18 drone
605 1 1302 284 18 17 drone
606 1 1306 284 17 17 drone
607 1 1308 284 17 17 drone
608 1 1311 285 17 17 drone
609 1 1314 285 17 16 drone
610 1 1316 285 16 16 drone
611 1 1319 286 16 16 drone
612 1 1322 286 16 15 drone
613 1 1324 287 16 15 drone
614 1 1325 287 15 15 drone
615 1 1328 287 15 14 drone
616 1 1330 287 15 15 drone
617 1 1331 288 15 14 drone
618 1 1333 288 14 14 drone
619 1 1334 288 14 14 drone
620 1 1335 289 14 14 drone
621 1 1335 289 14 14 drone
622 1 1336 289 14 13 drone
623 1 1336 290 14 13 drone
624 1 1336 290 14 13 drone
625 1 1337 289 14 13 drone
626 1 1337 290 14 13 drone
627 1 1337 289 13 15 drone
628 1 1336 290 13 15 drone
629 1 1336 290 13 15 drone
630 1 1335 291 13 14 drone
631 1 1334 291 13 14 drone
632 1 1333 292 13 14 drone
633 1 1332 293 13 13 drone
634 1 1331 293 13 13 drone
635 1 1330 294 13 12 drone
636 1 1329 294 13 12 drone
637 1 1328 295 13 12 drone
638 1 1326 295 13 12 drone
639 1 1324 296 13 12 drone
640 1 1322 296 14 12 drone
641 1 1320 297 14 11 drone
642 1 1319 297 14 11 drone
643 1 1317 297 14 11 drone
644 1 1315 298 14 11 drone
645 1 1313 299 14 11 drone
646 1 1312 299 15 11 drone
647 1 1309 300 15 11 drone
648 1 1307 300 15 11 drone
649 1 1305 301 14 11 drone
650 1 1302 301 14 11 drone
651 1 1300 301 14 11 drone
652 1 1298 302 14 11 drone
653 1 1296 302 14 11 drone
654 1 1293 303 14 12 drone
655 1 1291 303 14 12 drone
656 1 1289 304 13 12 drone
657 1 1286 304 14 12 drone
658 1 1284 305 13 12 drone
659 1 1281 306 12 11 drone
660 1 1279 306 13 11 drone
661 1 1276 307 12 11 drone
662 1 1274 308 12 11 drone
663 1 1271 308 11 11 drone
664 1 1268 309 11 11 drone
665 1 1266 310 10 11 drone
666 1 1263 310 10 11 drone
667 1 1260 311 10 11 drone
668 1 1257 311 10 10 drone
669 1 1257 311 10 10 drone
670 1 1257 311 10 10 drone
671 1 1248 313 10 10 drone
672 1 1245 313 11 10 drone
673 1 1241 314 11 9 drone
674 1 1238 314 11 9 drone
675 1 1235 315 11 9 drone
676 1 1232 315 11 9 drone
677 1 1229 315 11 9 drone
678 1 1226 316 11 9 drone
679 1 1223 316 11 9 drone
680 1 1220 316 11 9 drone
681 1 1217 317 11 9 drone
682 1 1214 317 11 9 drone
683 1 1211 317 11 9 drone
684 1 1208 318 11 9 drone
685 1 1205 318 11 8 drone
686 1 1202 319 11 8 drone
687 1 1200 319 11 8 drone
688 1 1197 319 11 8 drone
689 1 1194 319 11 8 drone
690 1 1191 319 11 8 drone
691 1 1188 319 11 8 drone
692 1 1185 319 11 8 drone
693 1 1182 319 11 8 drone
694 1 1179 319 11 8 drone
695 1 1177 319 11 8 drone
696 1 1174 319 11 8 drone
697 1 1171 319 11 8 drone
698 1 1168 319 11 8 drone
699 1 1165 319 11 8 drone
700 1 1163 319 11 8 drone
701 1 1160 320 11 8 drone
702 1 1157 320 10 8 drone
703 1 1155 320 10 8 drone
704 1 1152 320 10 8 drone
705 1 1149 321 10 8 drone
706 1 1147 321 10 8 drone
707 1 1144 321 9 8 drone
708 1 1142 321 9 8 drone
709 1 1139 322 9 8 drone
710 1 1136 323 9 8 drone
711 1 1134 323 9 8 drone
712 1 1131 323 9 8 drone
713 1 1129 324 9 8 drone
714 1 1126 324 9 8 drone
715 1 1123 325 9 8 drone
716 1 1121 325 9 7 drone
717 1 1118 325 10 7 drone
718 1 1116 326 10 7 drone
719 1 1114 326 10 7 drone
720 1 1111 327 10 7 drone
721 1 1109 328 10 7 drone
722 1 1107 328 10 7 drone
723 1 1105 329 10 7 drone
724 1 1103 329 10 7 drone
725 1 1100 330 10 7 drone
726 1 1098 330 10 7 drone
727 1 1096 331 10 7 drone
728 1 1094 332 10 7 drone
729 1 1092 332 10 7 drone
730 1 1091 332 8 7 drone
731 1 1089 333 8 7 drone
732 1 1087 334 8 7 drone
733 1 1085 335 8 7 drone
734 1 1083 335 9 7 drone
735 1 1081 336 9 7 drone
736 1 1079 337 9 7 drone
737 1 1077 338 9 7 drone
738 1 1075 338 9 7 drone
739 1 1074 339 9 7 drone
740 1 1072 340 9 7 drone
741 1 1071 341 9 7 drone
742 1 1069 341 9 7 drone
743 1 1068 342 9 7 drone
744 1 1066 343 9 7 drone
745 1 1065 344 9 7 drone
746 1 1063 344 9 7 drone
747 1 1062 345 7 7 drone
748 1 1060 346 8 7 drone
749 1 1058 346 8 7 drone
750 1 1057 347 8 8 drone
751 1 1055 347 8 8 drone
752 1 1054 348 8 8 drone
753 1 1052 348 8 8 drone
754 1 1050 349 8 8 drone
755 1 1049 349 9 8 drone
756 1 1047 350 9 8 drone
757 1 1046 350 9 8 drone
758 1 1044 351 9 8 drone
759 1 1041 353 9 8 drone
760 1 1040 353 9 8 drone
761 1 1039 353 9 8 drone
762 1 1038 353 9 8 drone
763 1 1036 353 9 8 drone
764 1 1035 353 8 8 drone
765 1 1034 353 8 8 drone
766 1 1033 354 8 8 drone
767 1 1031 354 8 7 drone
768 1 1030 354 8 7 drone
769 1 1029 354 8 7 drone
770 1 1027 354 8 7 drone
771 1 1026 354 8 7 drone
772 1 1024 354 8 7 drone
773 1 1023 353 8 7 drone
774 1 1021 353 8 7 drone
775 1 1020 353 8 7 drone
776 1 1018 353 8 7 drone
777 1 1017 353 8 7 drone
778 1 1015 353 8 7 drone
779 1 1015 353 8 7 drone
780 1 1013 353 8 7 drone
781 1 1012 353 8 7 drone
782 1 1011 353 8 7 drone
783 1 1010 352 7 6 drone
784 1 1008 352 7 6 drone
785 1 1007 352 7 6 drone
786 1 1006 352 7 6 drone
787 1 1005 351 7 6 drone
788 1 1004 351 7 6 drone
789 1 1002 351 7 6 drone
790 1 1001 350 7 6 drone
791 1 1000 350 7 6 drone
792 1 999 350 7 7 drone
793 1 998 349 7 7 drone
794 1 996 349 7 7 drone
795 1 995 348 7 7 drone
796 1 994 348 7 7 drone
797 1 993 348 7 7 drone
798 1 992 347 7 7 drone
799 1 991 347 8 7 drone
800 1 990 347 8 7 drone
801 1 989 347 8 7 drone
802 1 988 347 8 7 drone
803 1 987 346 8 7 drone
804 1 986 346 8 6 drone
805 1 985 346 8 6 drone
806 1 983 346 8 6 drone
807 1 983 346 8 6 drone
808 1 982 346 8 6 drone
809 1 981 345 8 6 drone
810 1 980 345 8 6 drone
811 1 979 344 8 6 drone
812 1 977 344 8 6 drone
813 1 976 344 8 6 drone
814 1 975 343 8 6 drone
815 1 974 343 8 6 drone
816 1 973 342 8 7 drone
817 1 972 342 8 7 drone
818 1 971 342 8 7 drone
819 1 970 342 8 7 drone
820 1 969 341 8 7 drone
821 1 968 341 8 7 drone
822 1 967 341 8 7 drone
823 1 966 341 8 7 drone
824 1 965 341 8 7 drone
825 1 965 340 7 7 drone
826 1 964 340 7 6 drone
827 1 963 340 7 6 drone
828 1 962 340 7 6 drone
829 1 961 339 7 6 drone
830 1 960 339 8 7 drone
831 1 959 338 8 7 drone
832 1 958 338 8 7 drone
833 1 957 337 8 7 drone
834 1 956 337 8 7 drone
835 1 955 336 9 7 drone
836 1 954 336 9 7 drone
837 1 953 335 9 7 drone
838 1 952 335 9 8 drone
839 1 952 335 9 8 drone
840 1 951 334 9 8 drone
841 1 951 334 9 8 drone
842 1 951 333 9 8 drone
843 1 950 333 9 8 drone
844 1 950 332 9 8 drone
845 1 949 332 9 8 drone
846 1 949 332 9 8 drone
847 1 948 331 9 8 drone
848 1 948 331 9 8 drone
849 1 948 330 9 8 drone
850 1 948 330 9 8 drone
851 1 948 329 9 8 drone
852 1 948 329 9 8 drone
853 1 947 328 9 8 drone
854 1 947 328 9 8 drone
855 1 947 327 9 8 drone
856 1 947 327 10 8 drone
857 1 947 326 10 8 drone
858 1 947 326 10 8 drone
859 1 947 325 10 8 drone
860 1 947 325 10 8 drone
861 1 948 325 10 7 drone
862 1 948 324 10 7 drone
863 1 948 324 10 7 drone
864 1 948 323 9 7 drone
865 1 948 323 9 7 drone
866 1 948 323 9 7 drone
867 1 948 322 9 7 drone
868 1 949 322 9 7 drone
869 1 950 321 10 7 drone
870 1 950 320 10 7 drone
871 1 950 319 10 7 drone
872 1 950 319 10 7 drone
873 1 950 318 10 8 drone
874 1 951 318 9 8 drone
875 1 951 317 9 8 drone
876 1 951 316 9 8 drone
877 1 951 316 9 8 drone
878 1 951 315 9 8 drone
879 1 951 315 10 8 drone
880 1 951 314 10 8 drone
881 1 951 314 10 8 drone
882 1 951 313 10 8 drone
883 1 951 313 10 7 drone
884 1 950 312 10 7 drone
885 1 950 312 10 7 drone
886 1 950 311 10 7 drone
887 1 950 311 10 7 drone
888 1 950 310 10 7 drone
889 1 950 310 10 7 drone
890 1 950 309 10 7 drone
891 1 950 309 10 7 drone
892 1 951 309 10 7 drone
893 1 951 308 10 7 drone
894 1 951 308 10 8 drone
895 1 951 308 10 8 drone
896 1 951 308 10 8 drone
897 1 952 307 9 8 drone
898 1 952 307 9 8 drone
899 1 952 307 9 8 drone
900 1 953 307 9 8 drone
901 1 953 307 9 8 drone
902 1 953 307 9 8 drone
903 1 954 308 8 8 drone
904 1 954 308 8 8 drone
905 1 954 308 8 8 drone
906 1 955 308 8 8 drone
907 1 955 308 8 8 drone
908 1 955 308 7 8 drone
909 1 955 309 8 8 drone
910 1 955 309 8 8 drone
911 1 955 309 8 8 drone
912 1 955 309 8 8 drone
913 1 955 310 9 8 drone
914 1 955 310 9 8 drone
915 1 955 310 9 8 drone
916 1 955 310 9 8 drone
917 1 955 311 10 7 drone
918 1 955 311 10 7 drone
919 1 955 311 10 7 drone
920 1 955 312 10 7 drone
921 1 955 312 10 7 drone
922 1 955 313 10 7 drone
923 1 955 313 10 7 drone
924 1 955 313 10 7 drone
925 1 954 314 10 7 drone
926 1 954 314 10 7 drone
927 1 954 315 10 7 drone
928 1 954 315 10 7 drone
929 1 954 315 10 7 drone
930 1 953 316 10 7 drone
931 1 953 316 10 7 drone
932 1 953 316 10 7 drone
933 1 952 317 10 8 drone
934 1 952 317 11 8 drone
935 1 951 317 11 8 drone
936 1 951 317 11 8 drone
937 1 951 318 11 8 drone
938 1 950 318 11 8 drone
939 1 950 319 11 8 drone
940 1 950 319 11 8 drone
941 1 950 320 11 8 drone
942 1 949 321 10 8 drone
943 1 949 322 10 8 drone
944 1 949 322 10 8 drone
945 1 949 323 10 7 drone
946 1 948 324 10 7 drone
947 1 948 324 10 7 drone
948 1 948 325 9 7 drone
949 1 948 326 9 9 drone
950 1 948 327 9 9 drone
951 1 947 328 9 9 drone
952 1 947 329 9 9 drone
953 1 946 330 9 8 drone
954 1 946 331 9 8 drone
955 1 945 332 9 8 drone
956 1 945 332 9 8 drone
957 1 945 333 9 8 drone
958 1 944 334 9 7 drone
959 1 943 335 9 8 drone
960 1 943 336 10 8 drone
961 1 942 337 10 8 drone
962 1 941 337 10 8 drone
963 1 940 338 10 9 drone
964 1 940 339 10 9 drone
965 1 939 339 11 9 drone
966 1 938 340 11 10 drone
967 1 937 341 11 10 drone
968 1 937 342 11 10 drone
969 1 936 342 11 10 drone
970 1 935 343 11 10 drone
971 1 935 344 11 10 drone
972 1 934 345 11 10 drone
973 1 933 346 10 9 drone
974 1 933 347 10 9 drone
975 1 932 347 10 9 drone
976 1 931 348 10 9 drone
977 1 931 349 10 9 drone
978 1 930 350 9 9 drone
979 1 929 351 10 9 drone
980 1 928 352 10 9 drone
981 1 927 352 10 9 drone
982 1 926 353 10 9 drone
983 1 925 354 10 9 drone
984 1 924 355 10 9 drone
985 1 923 356 10 9 drone
986 1 922 356 10 9 drone
987 1 921 357 11 9 drone
988 1 920 358 11 9 drone
989 1 919 359 11 9 drone
990 1 918 360 10 9 drone
991 1 917 360 10 9 drone
992 1 916 361 10 9 drone
993 1 915 362 10 9 drone
994 1 914 363 10 9 drone
995 1 913 364 10 9 drone
996 1 912 365 9 8 drone
997 1 911 366 9 8 drone
998 1 910 366 9 8 drone
999 1 909 367 9 8 drone
1000 1 907 368 10 9 drone
1001 1 906 369 10 9 drone
1002 1 905 370 10 9 drone
1003 1 904 371 10 9 drone
1004 1 903 371 10 10 drone
1005 1 901 372 10 10 drone
1006 1 900 373 11 10 drone
1007 1 899 374 11 11 drone
1008 1 898 375 11 11 drone
1009 1 896 375 11 11 drone
1010 1 895 376 11 11 drone
1011 1 893 376 11 11 drone
1012 1 892 377 11 11 drone
1013 1 891 377 11 11 drone
1014 1 889 378 11 11 drone
1015 1 888 378 12 11 drone
1016 1 887 379 12 11 drone
1017 1 885 379 12 10 drone
1018 1 884 380 12 10 drone
1019 1 883 380 12 10 drone
1020 1 882 380 12 11 drone
1021 1 880 380 12 11 drone
1022 1 879 380 12 11 drone
1023 1 878 380 12 11 drone
1024 1 877 380 12 11 drone
1025 1 876 380 12 11 drone
1026 1 875 380 12 11 drone
1027 1 874 379 12 11 drone
1028 1 873 379 13 11 drone
1029 1 872 379 13 11 drone
1030 1 871 379 13 11 drone
1031 1 870 379 13 11 drone
1032 1 869 379 13 11 drone
1033 1 868 379 13 11 drone
1034 1 867 379 13 11 drone
1035 1 866 379 13 10 drone
1036 1 866 379 13 10 drone
1037 1 865 379 14 10 drone
1038 1 864 379 14 10 drone
1039 1 863 379 13 10 drone
1040 1 863 379 13 10 drone
1041 1 862 379 13 10 drone
1042 1 862 379 12 10 drone
1043 1 861 379 12 10 drone
1044 1 861 379 12 10 drone
1045 1 860 379 11 10 drone
1046 1 860 379 11 10 drone
1047 1 859 379 11 10 drone
1048 1 859 379 10 10 drone
1049 1 858 379 11 10 drone
1050 1 858 379 11 10 drone
1051 1 857 379 11 10 drone
1052 1 856 379 11 10 drone
1053 1 856 379 11 10 drone
1054 1 855 379 12 10 drone
1055 1 855 379 12 10 drone
1056 1 854 379 12 10 drone
1057 1 854 379 12 10 drone
1058 1 853 379 12 10 drone
1059 1 853 379 12 10 drone
1060 1 852 379 12 10 drone
1061 1 852 379 12 10 drone
1062 1 851 379 12 10 drone
1063 1 851 379 12 10 drone
1064 1 850 379 12 9 drone
1065 1 850 379 12 9 drone
1066 1 849 379 12 9 drone
1067 1 849 379 12 9 drone
1068 1 848 379 12 9 drone
1069 1 849 379 13 9 drone
1070 1 849 379 13 9 drone
1071 1 848 379 13 9 drone
1072 1 848 378 13 9 drone
1073 1 847 378 13 9 drone
1074 1 847 378 13 9 drone
1075 1 846 378 13 9 drone
1076 1 846 378 13 9 drone
1077 1 845 378 13 9 drone
1078 1 845 378 13 9 drone
1079 1 845 378 13 10 drone
1080 1 845 378 13 10 drone
1081 1 845 378 13 10 drone
1082 1 845 378 13 10 drone
1083 1 845 378 13 10 drone
1084 1 845 378 13 10 drone
1085 1 845 378 13 11 drone
1086 1 845 378 13 11 drone
1087 1 845 378 13 11 drone
1088 1 846 378 13 11 drone
1089 1 846 378 13 11 drone
1090 1 846 379 13 11 drone
1091 1 847 380 13 11 drone
1092 1 848 381 13 10 drone
1093 1 848 381 13 10 drone
1094 1 849 382 13 10 drone
1095 1 849 383 13 10 drone
1096 1 850 384 13 10 drone
1097 1 851 385 13 9 drone
1098 1 851 386 13 9 drone
1099 1 852 387 13 9 drone
1100 1 853 388 13 9 drone
1101 1 853 389 13 9 drone
1102 1 854 391 13 9 drone
1103 1 855 392 14 9 drone
1104 1 856 393 14 9 drone
1105 1 857 395 14 9 drone
1106 1 857 396 14 9 drone
1107 1 858 397 14 9 drone
1108 1 859 399 15 9 drone
1109 1 860 400 14 9 drone
1110 1 861 401 14 9 drone
1111 1 862 403 14 9 drone
1112 1 864 404 14 10 drone
1113 1 865 405 13 10 drone
1114 1 866 407 13 10 drone
1115 1 867 408 13 10 drone
1116 1 868 410 13 10 drone
1117 1 869 411 12 10 drone
1118 1 870 412 12 10 drone
1119 1 871 414 12 10 drone
1120 1 871 416 13 10 drone
1121 1 872 417 13 10 drone
1122 1 872 419 13 11 drone
1123 1 873 420 14 11 drone
1124 1 874 422 14 11 drone
1125 1 874 423 14 11 drone
1126 1 875 425 15 11 drone
1127 1 875 427 15 11 drone
1128 1 876 428 15 11 drone
1129 1 876 430 15 11 drone
1130 1 876 432 15 11 drone
1131 1 876 434 16 11 drone
1132 1 877 436 16 11 drone
1133 1 877 438 16 10 drone
1134 1 877 440 16 10 drone
1135 1 877 442 16 10 drone
1136 1 877 444 16 10 drone
1137 1 878 446 16 10 drone
1138 1 878 448 16 10 drone
1139 1 878 450 16 10 drone
1140 1 878 452 16 10 drone
1141 1 878 454 16 10 drone
1142 1 878 456 15 10 drone
1143 1 878 458 15 10 drone
1144 1 878 460 15 10 drone
1145 1 879 462 15 10 drone
1146 1 879 465 15 11 drone
1147 1 879 467 15 11 drone
1148 1 879 469 15 11 drone
1149 1 879 471 15 11 drone
1150 1 879 473 15 11 drone
1151 1 879 475 15 11 drone
1152 1 879 477 15 11 drone
1153 1 879 479 15 11 drone
1154 1 878 482 15 11 drone
1155 1 878 484 14 11 drone
1156 1 878 486 14 11 drone
1157 1 878 488 14 11 drone
1158 1 878 490 14 11 drone
1159 1 878 492 15 11 drone
1160 1 878 495 15 11 drone
1161 1 878 497 15 11 drone
1162 1 877 499 15 11 drone
1163 1 877 502 15 11 drone
1164 1 877 504 15 11 drone
1165 1 877 506 15 11 drone
1166 1 877 509 15 11 drone
1167 1 877 511 15 11 drone
1168 1 876 513 15 11 drone
1169 1 876 516 15 11 drone
1170 1 876 518 15 11 drone
1171 1 876 521 14 10 drone
1172 1 876 524 14 10 drone
1173 1 876 526 14 10 drone
1174 1 876 529 14 10 drone
1175 1 876 531 13 10 drone
1176 1 876 534 13 10 drone
1177 1 875 536 13 10 drone
1178 1 875 539 13 10 drone
1179 1 875 541 13 10 drone
1180 1 875 544 13 10 drone
1181 1 875 546 14 10 drone
1182 1 875 548 14 10 drone
1183 1 875 551 14 10 drone
1184 1 875 553 15 11 drone
1185 1 874 555 15 11 drone
1186 1 874 558 15 11 drone
1187 1 874 560 15 11 drone
1188 1 874 562 16 11 drone
1189 1 874 565 16 11 drone
1190 1 874 567 15 11 drone
1191 1 874 570 15 11 drone
1192 1 874 572 15 11 drone
1193 1 874 574 15 12 drone
1194 1 874 577 15 12 drone
1195 1 873 579 15 12 drone
1196 1 873 581 14 12 drone
1197 1 873 584 14 12 drone
1198 1 873 586 14 12 drone
1199 1 873 588 15 11 drone
1200 1 873 590 15 10 drone
1201 1 873 593 14 10 drone
1202 1 873 595 14 10 drone
1203 1 873 597 14 10 drone
1204 1 873 600 14 10 drone
1205 1 873 602 14 10 drone
1206 1 873 605 14 10 drone
1207 1 873 607 14 10 drone
1208 1 873 609 14 10 drone
1209 1 873 612 14 10 drone
1210 1 873 614 14 10 drone
1211 1 873 616 14 10 drone
1212 1 872 618 14 10 drone
1213 1 872 620 14 10 drone
1214 1 872 622 13 10 drone
1215 1 872 624 13 10 drone
1216 1 872 627 13 10 drone
1217 1 872 629 13 10 drone
1218 1 872 631 13 10 drone
1219 1 872 632 13 10 drone
1220 1 871 633 14 10 drone
1221 1 871 634 14 11 drone
1222 1 871 635 14 11 drone
1223 1 870 636 14 11 drone
1224 1 870 638 14 11 drone
1225 1 870 639 14 11 drone
1226 1 869 640 14 11 drone
1227 1 869 641 15 11 drone
1228 1 869 642 15 11 drone
1229 1 869 643 15 11 drone
1230 1 869 643 15 11 drone
1231 1 869 644 15 11 drone
1232 1 869 645 15 11 drone
1233 1 870 645 15 11 drone
1234 1 870 646 15 11 drone
1235 1 870 647 15 11 drone
1236 1 870 647 15 11 drone
1237 1 870 648 15 11 drone
1238 1 870 649 15 11 drone
1239 1 871 649 15 11 drone
1240 1 871 650 14 10 drone
1241 1 872 650 14 10 drone
1242 1 872 651 14 10 drone
1243 1 872 651 14 10 drone
1244 1 873 652 14 10 drone
1245 1 873 652 14 10 drone
1246 1 874 652 14 10 drone
1247 1 874 653 14 10 drone
1248 1 875 653 14 10 drone
1249 1 875 654 14 10 drone
1250 1 875 654 14 10 drone
1251 1 875 654 15 10 drone
1252 1 875 655 15 10 drone
1253 1 875 655 15 10 drone
1254 1 875 655 15 10 drone
1255 1 876 655 15 10 drone
1256 1 876 656 16 10 drone
1257 1 876 656 16 11 drone
1258 1 876 656 16 11 drone
1259 1 876 657 16 11 drone
1260 1 876 657 16 11 drone
1261 1 877 657 16 11 drone
1262 1 877 657 16 11 drone
1263 1 877 658 16 11 drone
1264 1 877 658 16 11 drone
1265 1 878 658 15 11 drone
1266 1 878 658 15 11 drone
1267 1 878 659 15 11 drone
1268 1 878 659 15 11 drone
1269 1 879 659 15 11 drone
1270 1 879 659 15 11 drone
1271 1 879 660 15 11 drone
1272 1 879 660 15 10 drone
1273 1 880 660 15 10 drone
1274 1 880 660 15 10 drone
1275 1 880 660 15 10 drone
1276 1 880 661 15 10 drone
1277 1 881 661 14 10 drone
1278 1 881 661 14 10 drone
1279 1 881 661 15 10 drone
1280 1 881 661 15 10 drone
1281 1 881 662 15 10 drone
1282 1 881 662 15 10 drone
1283 1 881 662 16 10 drone
1284 1 881 662 16 10 drone
1285 1 881 662 16 10 drone
1286 1 881 662 16 10 drone
1287 1 881 663 16 10 drone
1288 1 881 663 17 10 drone
1289 1 882 663 17 10 drone
1290 1 882 663 16 11 drone
1291 1 882 663 16 11 drone
1292 1 883 664 16 11 drone
1293 1 883 664 16 11 drone
1294 1 884 664 16 12 drone
1295 1 884 664 16 12 drone
1296 1 884 664 15 12 drone
1297 1 885 665 15 12 drone
1298 1 884 664 13 10 drone
1299 1 884 664 15 10 drone
1300 1 884 664 15 12 drone
1301 1 885 664 14 11 drone
1302 1 885 665 14 11 drone
1303 1 887 665 12 9 drone
1304 1 887 666 11 8 drone
1305 1 886 666 13 9 drone
1306 1 886 666 12 9 drone
1307 1 886 666 13 9 drone
1308 1 887 666 10 10 drone
1309 1 884 666 16 9 drone
1310 1 885 667 14 9 drone
1311 1 883 665 17 10 drone
1312 1 886 667 13 8 drone
1313 1 886 666 16 10 drone
1314 1 887 667 13 11 drone
1315 1 887 667 14 11 drone
1316 1 888 667 12 9 drone
1317 1 887 669 13 8 drone
1318 1 888 668 12 8 drone
1319 1 887 669 15 9 drone
1320 1 886 669 14 9 drone
1321 1 886 668 16 9 drone
1322 1 888 669 13 9 drone
1323 1 888 668 11 8 drone
1324 1 887 669 16 8 drone
1325 1 886 668 17 10 drone
1326 1 888 668 15 8 drone
1327 1 887 668 15 11 drone
1328 1 888 668 14 9 drone
1329 1 888 668 14 8 drone
1330 1 888 669 15 9 drone
1331 1 889 668 14 10 drone
1332 1 889 670 15 8 drone
1333 1 888 669 16 9 drone
1334 1 890 669 15 8 drone
1335 1 890 669 15 8 drone
1336 1 890 669 15 8 drone
1337 1 890 669 15 8 drone
1338 1 890 669 15 8 drone
1339 1 890 669 15 8 drone
1340 1 890 669 15 8 drone
1341 1 890 669 15 8 drone
1342 1 890 668 14 10 drone
1343 1 890 668 14 10 drone
1344 1 890 668 14 10 drone
1345 1 890 668 14 10 drone
1346 1 890 668 14 10 drone
1347 1 890 668 14 10 drone
1348 1 890 668 14 10 drone
1349 1 892 670 15 9 drone
1350 0
