0 1 1130 626 7 7 drone
1 1 1130 626 7 7 drone
2 1 1130 626 7 7 drone
3 1 1131 626 7 7 drone
4 1 1131 626 7 7 drone
5 1 1131 626 7 7 drone
6 1 1131 626 7 7 drone
7 1 1131 626 7 7 drone
8 1 1131 626 7 7 drone
9 1 1131 626 7 7 drone
10 1 1131 627 8 7 drone
11 1 1131 627 8 6 drone
12 1 1131 627 8 6 drone
13 1 1131 627 9 6 drone
14 1 1131 627 9 5 drone
15 1 1131 627 9 5 drone
16 1 1131 627 10 4 drone
17 1 1132 627 10 4 drone
18 1 1132 627 10 4 drone
19 1 1132 627 10 4 drone
20 1 1132 627 9 4 drone
21 1 1133 627 9 4 drone
22 1 1133 627 8 4 drone
23 1 1134 627 8 4 drone
24 1 1134 627 8 5 drone
25 1 1135 627 7 5 drone
26 1 1135 627 7 5 drone
27 1 1135 626 6 5 drone
28 1 1136 626 6 5 drone
29 1 1136 626 6 5 drone
30 1 1136 626 6 6 drone
31 1 1136 626 6 6 drone
32 1 1136 626 6 6 drone
33 1 1137 626 6 6 drone
34 1 1137 626 6 6 drone
35 1 1137 626 6 6 drone
36 1 1137 626 6 6 drone
37 1 1137 626 6 6 drone
38 1 1137 626 6 6 drone
39 1 1137 626 6 6 drone
40 1 1137 626 7 6 drone
41 1 1137 626 7 6 drone
42 1 1137 626 7 6 drone
43 1 1137 626 7 6 drone
44 1 1137 626 7 6 drone
45 1 1137 626 7 6 drone
46 1 1137 626 7 6 drone
47 1 1137 626 7 6 drone
48 1 1137 626 7 6 drone
49 1 1137 626 7 6 drone
50 1 1136 626 7 6 drone
51 1 1136 626 7 6 drone
52 1 1136 626 7 6 drone
53 1 1135 626 7 6 drone
54 1 1135 626 7 6 drone
55 1 1134 626 7 6 drone
56 1 1134 626 7 6 drone
57 1 1133 626 7 6 drone
58 1 1133 626 7 6 drone
59 1 1132 626 7 6 drone
60 1 1131 626 7 6 drone
61 1 1130 626 6 6 drone
62 1 1129 626 6 6 drone
63 1 1128 626 6 6 drone
64 1 1128 626 6 6 drone
65 1 1127 626 6 6 drone
66 1 1126 626 6 6 drone
67 1 1125 626 5 6 drone
68 1 1124 626 5 6 drone
69 1 1122 626 5 6 drone
70 1 1121 626 6 6 drone
71 1 1119 626 6 6 drone
72 1 1117 626 6 6 drone
73 1 1116 626 7 6 drone
74 1 1114 626 7 6 drone
75 1 1113 626 7 6 drone
76 1 1111 626 8 6 drone
77 1 1109 626 8 6 drone
78 1 1108 626 8 6 drone
79 1 1106 626 8 6 drone
80 1 1104 625 8 6 drone
81 1 1103 625 8 6 drone
82 1 1101 625 8 6 drone
83 1 1099 625 7 6 drone
84 1 1097 625 7 6 drone
85 1 1096 625 7 7 drone
86 1 1094 625 7 7 drone
87 1 1092 625 7 7 drone
88 1 1091 624 7 7 drone
89 1 1089 624 7 7 drone
90 1 1087 624 7 7 drone
91 1 1086 624 7 7 drone
92 1 1084 624 6 6 drone
93 1 1082 624 6 6 drone
94 1 1081 624 6 6 drone
95 1 1079 624 6 6 drone
96 1 1077 624 6 6 drone
97 1 1075 624 6 6 drone
98 1 1074 624 6 5 drone
99 1 1072 624 6 5 drone
100 1 1071 624 6 5 drone
101 1 1069 624 6 5 drone
102 1 1068 623 6 5 drone
103 1 1066 623 6 5 drone
104 1 1065 623 6 5 drone
105 1 1064 623 6 5 drone
106 1 1062 623 6 5 drone
107 1 1061 623 6 5 drone
108 1 1059 623 6 5 drone
109 1 1058 623 6 5 drone
110 1 1057 622 6 5 drone
111 1 1057 622 6 5 drone
112 1 1056 622 6 5 drone
113 1 1055 622 6 5 drone
114 1 1054 622 5 5 drone
115 1 1053 621 5 5 drone
116 1 1052 621 5 5 drone
117 1 1052 621 5 5 drone
118 1 1051 621 5 5 drone
119 1 1050 621 5 5 drone
120 1 1050 621 5 5 drone
121 1 1049 621 5 5 drone
122 1 1049 621 5 5 drone
123 1 1049 621 5 5 drone
124 1 1048 621 5 5 drone
125 1 1048 621 5 5 drone
126 1 1047 621 5 5 drone
127 1 1047 621 5 5 drone
128 1 1046 621 5 5 drone
129 1 1046 621 5 5 drone
130 1 1046 621 5 5 drone
131 1 1045 621 5 5 drone
132 1 1045 620 5 5 drone
133 1 1045 620 5 5 drone
134 1 1045 620 5 5 drone
135 1 1045 620 5 5 drone
136 1 1044 620 5 5 drone
137 1 1044 620 5 5 drone
138 1 1044 620 5 6 drone
139 1 1044 620 5 5 drone
140 1 1043 620 5 5 drone
141 1 1043 620 6 5 drone
142 1 1043 620 6 5 drone
143 1 1042 620 6 5 drone
144 1 1042 620 6 5 drone
145 1 1042 620 6 5 drone
146 1 1042 620 6 5 drone
147 1 1041 620 6 5 drone
148 1 1041 620 6 5 drone
149 1 1041 620 6 5 drone
150 1 1041 620 6 5 drone
151 1 1041 620 6 5 drone
152 1 1041 620 6 5 drone
153 1 1041 620 6 5 drone
154 1 1041 620 5 5 drone
155 1 1041 620 5 5 drone
156 1 1041 620 5 5 drone
157 1 1041 621 5 5 drone
158 1 1041 621 5 5 drone
159 1 1041 621 5 5 drone
160 1 1041 621 5 5 drone
161 1 1041 621 5 5 drone
162 1 1041 620 5 5 drone
163 1 1041 620 5 5 drone
164 1 1041 620 5 5 drone
165 1 1041 620 5 5 drone
166 1 1041 620 5 6 drone
167 1 1041 620 5 6 drone
168 1 1041 620 5 6 drone
169 1 1041 620 5 6 drone
170 1 1041 620 5 6 drone
171 1 1041 620 5 6 drone
172 1 1041 620 5 6 drone
173 1 1041 620 5 5 drone
174 1 1041 620 6 5 drone
175 1 1041 620 6 5 drone
176 1 1041 620 6 5 drone
177 1 1041 620 6 5 drone
178 1 1041 620 6 5 drone
179 1 1041 620 6 5 drone
180 1 1041 621 6 5 drone
181 1 1041 621 6 5 drone
182 1 1041 621 7 5 drone
183 1 1041 621 7 5 drone
184 1 1041 621 7 5 drone
185 1 1041 621 7 5 drone
186 1 1041 621 7 5 drone
187 1 1041 621 7 5 drone
188 1 1041 621 7 5 drone
189 1 1041 621 7 5 drone
190 1 1042 621 7 5 drone
191 1 1042 621 7 5 drone
192 1 1042 621 7 5 drone
193 1 1042 622 7 5 drone
194 1 1042 622 7 5 drone
195 1 1043 622 7 5 drone
196 1 1043 622 7 5 drone
197 1 1043 622 7 5 drone
198 1 1043 622 7 5 drone
199 1 1044 622 6 5 drone
200 1 1045 621 4 6 drone
201 1 1045 621 5 6 drone
202 1 1046 621 5 5 drone
203 1 1046 622 5 5 drone
204 1 1046 622 5 5 drone
205 1 1046 622 6 5 drone
206 1 1046 622 6 5 drone
207 1 1046 623 6 5 drone
208 1 1048 623 5 5 drone
209 1 1048 623 5 5 drone
210 1 1048 623 5 5 drone
211 1 1049 623 5 5 drone
212 1 1049 623 5 5 drone
213 1 1049 623 4 4 drone
214 1 1049 623 4 4 drone
215 1 1049 623 4 4 drone
216 1 1050 623 4 4 drone
217 1 1050 623 4 4 drone
218 1 1050 623 4 4 drone
219 1 1050 623 5 4 drone
220 1 1050 623 5 4 drone
221 1 1050 623 5 4 drone
222 1 1051 623 5 4 drone
223 1 1051 623 5 4 drone
224 1 1051 623 5 4 drone
225 1 1052 623 5 4 drone
226 1 1052 623 5 4 drone
227 1 1052 623 5 4 drone
228 1 1053 623 5 4 drone
229 1 1053 623 5 4 drone
230 1 1053 623 5 4 drone
231 1 1054 623 5 4 drone
232 1 1054 623 5 4 drone
233 1 1054 624 5 4 drone
234 1 1054 624 5 5 drone
235 1 1054 624 5 5 drone
236 1 1055 624 5 5 drone
237 1 1055 624 5 5 drone
238 1 1055 624 5 5 drone
239 1 1055 624 5 5 drone
240 1 1055 624 5 5 drone
241 1 1055 624 5 5 drone
242 1 1056 624 5 5 drone
243 1 1056 624 6 5 drone
244 1 1056 624 6 5 drone
245 1 1056 624 6 5 drone
246 1 1056 624 6 5 drone
247 1 1057 624 7 5 drone
248 1 1058 625 5 5 drone
249 1 1057 625 5 5 drone
250 1 1057 625 5 5 drone
251 1 1058 625 5 5 drone
252 1 1058 625 5 5 drone
253 1 1058 625 5 5 drone
254 1 1059 625 5 5 drone
255 1 1059 625 5 5 drone
256 1 1059 625 5 5 drone
257 1 1060 625 5 5 drone
258 1 1060 625 5 5 drone
259 1 1060 625 5 5 drone
260 1 1060 625 5 5 drone
261 1 1060 625 5 5 drone
262 1 1061 625 5 5 drone
263 1 1061 625 5 5 drone
264 1 1061 626 5 5 drone
265 1 1061 626 5 5 drone
266 1 1062 626 5 5 drone
267 1 1062 626 5 5 drone
268 1 1062 626 5 5 drone
269 1 1062 626 5 5 drone
270 1 1062 626 5 5 drone
271 1 1063 626 5 5 drone
272 1 1063 626 5 5 drone
273 1 1064 626 5 5 drone
274 1 1064 627 5 5 drone
275 1 1065 627 5 5 drone
276 1 1065 627 5 5 drone
277 1 1066 627 5 5 drone
278 1 1066 627 5 5 drone
279 1 1066 627 5 5 drone
280 1 1067 627 5 5 drone
281 1 1068 627 5 5 drone
282 1 1068 627 5 5 drone
283 1 1069 627 5 5 drone
284 1 1070 627 5 5 drone
285 1 1071 627 5 5 drone
286 1 1071 627 5 5 drone
287 1 1072 627 5 5 drone
288 1 1073 627 5 5 drone
289 1 1073 627 5 5 drone
290 1 1074 627 5 5 drone
291 1 1076 627 5 5 drone
292 1 1077 627 6 5 drone
293 1 1079 627 6 5 drone
294 1 1080 628 6 5 drone
295 1 1082 628 6 5 drone
296 1 1083 628 7 5 drone
297 1 1085 628 7 5 drone
298 1 1086 628 7 5 drone
299 1 1088 628 7 5 drone
300 1 1090 628 7 5 drone
301 1 1092 628 7 6 drone
302 1 1094 628 7 6 drone
303 1 1096 628 7 6 drone
304 1 1098 628 7 6 drone
305 1 1100 628 7 6 drone
306 1 1103 628 7 6 drone
307 1 1106 628 7 5 drone
308 1 1108 628 7 5 drone
309 1 1110 628 7 5 drone
310 1 1113 628 7 5 drone
311 1 1116 628 6 6 drone
312 1 1118 629 6 6 drone
313 1 1121 629 6 6 drone
314 1 1124 628 6 6 drone
315 1 1127 628 6 6 drone
316 1 1130 628 6 6 drone
317 1 1133 628 5 5 drone
318 1 1136 628 5 5 drone
319 1 1138 628 5 5 drone
320 1 1141 628 5 5 drone
321 1 1144 628 5 5 drone
322 1 1147 629 5 5 drone
323 1 1150 629 5 5 drone
324 1 1153 628 5 5 drone
325 1 1156 628 5 5 drone
326 1 1158 628 6 5 drone
327 1 1160 628 6 5 drone
328 1 1163 628 6 5 drone
329 1 1166 627 6 5 drone
330 1 1168 627 6 5 drone
331 1 1170 627 6 5 drone
332 1 1173 626 6 5 drone
333 1 1175 626 6 5 drone
334 1 1177 626 6 5 drone
335 1 1179 626 6 5 drone
336 1 1182 625 6 5 drone
337 1 1184 625 6 5 drone
338 1 1186 625 6 5 drone
339 1 1187 625 6 5 drone
340 1 1188 625 6 5 drone
341 1 1190 625 6 5 drone
342 1 1191 625 5 5 drone
343 1 1193 625 5 5 drone
344 1 1195 624 5 4 drone
345 1 1196 624 5 4 drone
346 1 1197 624 4 4 drone
347 1 1199 624 4 4 drone
348 1 1200 624 4 4 drone
349 1 1201 623 4 4 drone
350 1 1201 623 4 4 drone
351 1 1202 623 4 4 drone
352 1 1202 623 4 5 drone
353 1 1203 623 4 5 drone
354 1 1203 622 5 5 drone
355 1 1204 622 5 5 drone
356 1 1204 622 5 6 drone
357 1 1205 622 5 6 drone
358 1 1205 622 5 6 drone
359 1 1207 622 5 6 drone
360 1 1208 622 5 6 drone
361 1 1209 622 5 6 drone
362 1 1209 622 5 6 drone
363 1 1210 622 5 6 drone
364 1 1211 622 4 6 drone
365 1 1212 622 4 6 drone
366 1 1212 622 4 6 drone
367 1 1213 622 4 6 drone
368 1 1214 622 4 6 drone
369 1 1214 622 4 6 drone
370 1 1215 622 4 6 drone
371 1 1217 622 4 6 drone
372 1 1218 622 4 5 drone
373 1 1219 622 4 5 drone
374 1 1221 621 5 5 drone
375 1 1222 621 5 5 drone
376 1 1223 621 5 4 drone
377 1 1225 621 5 4 drone
378 1 1226 621 5 4 drone
379 1 1227 621 5 4 drone
380 1 1229 621 5 4 drone
381 1 1230 621 5 4 drone
382 1 1232 621 5 4 drone
383 1 1233 621 5 4 drone
384 1 1235 621 6 4 drone
385 1 1236 621 6 4 drone
386 1 1238 621 6 4 drone
387 1 1239 621 6 4 drone
388 1 1241 621 6 4 drone
389 1 1243 621 6 4 drone
390 1 1245 621 6 4 drone
391 1 1247 621 6 4 drone
392 1 1248 621 6 4 drone
393 1 1250 621 6 4 drone
394 1 1252 620 6 5 drone
395 1 1254 620 6 5 drone
396 1 1255 620 6 5 drone
397 1 1257 620 6 5 drone
398 1 1259 620 6 5 drone
399 1 1261 620 6 5 drone
400 1 1263 620 6 5 drone
401 1 1265 620 6 5 drone
402 1 1266 619 6 5 drone
403 1 1268 619 6 5 drone
404 1 1270 619 5 5 drone
405 1 1272 619 5 5 drone
406 1 1273 618 5 5 drone
407 1 1275 618 5 5 drone
408 1 1277 618 5 5 drone
409 1 1278 618 5 5 drone
410 1 1279 618 5 5 drone
411 1 1280 618 5 5 drone
412 1 1282 617 5 5 drone
413 1 1283 617 5 5 drone
414 1 1284 617 6 6 drone
415 1 1285 617 6 6 drone
416 1 1287 616 6 6 drone
417 1 1288 616 6 6 drone
418 1 1289 616 6 6 drone
419 1 1289 616 6 6 drone
420 1 1290 616 6 6 drone
421 1 1290 616 6 6 drone
422 1 1291 616 7 6 drone
423 1 1292 616 7 6 drone
424 1 1292 615 7 5 drone
425 1 1293 615 7 5 drone
426 1 1294 615 8 5 drone
427 1 1294 615 8 5 drone
428 1 1295 615 8 5 drone
429 1 1295 615 8 5 drone
430 1 1295 615 8 5 drone
431 1 1296 615 8 5 drone
432 1 1296 615 7 5 drone
433 1 1297 615 7 5 drone
434 1 1297 616 7 6 drone
435 1 1298 616 7 6 drone
436 1 1298 616 6 6 drone
437 1 1299 616 6 6 drone
438 1 1299 616 6 6 drone
439 1 1299 616 6 6 drone
440 1 1299 617 6 6 drone
441 1 1299 618 6 6 drone
442 1 1300 618 7 6 drone
443 1 1300 619 7 6 drone
444 1 1300 620 7 6 drone
445 1 1300 621 7 6 drone
446 1 1301 621 8 6 drone
447 1 1301 622 8 6 drone
448 1 1301 623 8 6 drone
449 1 1301 623 8 6 drone
450 1 1301 624 8 6 drone
451 1 1301 625 8 6 drone
452 1 1302 626 7 6 drone
453 1 1302 627 7 6 drone
454 1 1302 629 7 6 drone
455 1 1302 630 7 6 drone
456 1 1303 631 6 6 drone
457 1 1303 632 6 6 drone
458 1 1303 633 6 6 drone
459 1 1303 633 6 6 drone
460 1 1303 634 6 6 drone
461 1 1303 636 6 6 drone
462 1 1303 637 7 6 drone
463 1 1303 639 7 6 drone
464 1 1304 640 7 6 drone
465 1 1304 642 7 6 drone
466 1 1304 643 8 6 drone
467 1 1304 645 8 6 drone
468 1 1304 646 8 6 drone
469 1 1304 646 8 6 drone
470 1 1304 647 8 6 drone
471 1 1304 649 8 6 drone
472 1 1305 650 8 6 drone
473 1 1305 651 8 6 drone
474 1 1305 653 8 6 drone
475 1 1305 654 8 6 drone
476 1 1306 655 8 6 drone
477 1 1306 657 8 6 drone
478 1 1306 658 8 6 drone
479 1 1306 659 8 6 drone
480 1 1306 660 8 6 drone
481 1 1306 661 8 6 drone
482 1 1306 662 8 6 drone
483 1 1306 663 8 6 drone
484 1 1306 664 9 6 drone
485 1 1306 665 9 6 drone
486 1 1306 666 9 6 drone
487 1 1306 667 9 6 drone
488 1 1306 668 9 6 drone
489 1 1306 668 9 6 drone
490 1 1306 669 9 6 drone
491 1 1306 670 9 6 drone
492 1 1306 671 8 6 drone
493 1 1306 672 8 6 drone
494 1 1307 674 8 6 drone
495 1 1307 675 8 6 drone
496 1 1307 676 7 6 drone
497 1 1307 677 7 6 drone
498 1 1307 678 7 6 drone
499 1 1307 678 7 6 drone
500 1 1307 679 7 6 drone
501 1 1307 680 7 6 drone
502 1 1307 680 7 6 drone
503 1 1307 681 7 6 drone
504 1 1308 682 8 6 drone
505 1 1308 683 8 6 drone
506 1 1308 683 8 6 drone
507 1 1308 684 8 6 drone
508 1 1308 685 8 6 drone
509 1 1308 685 8 6 drone
510 1 1308 685 8 6 drone
511 1 1309 685 8 6 drone
512 1 1309 686 8 6 drone
513 1 1310 686 8 6 drone
514 1 1310 686 8 7 drone
515 1 1311 686 8 7 drone
516 1 1311 687 8 7 drone
517 1 1312 687 8 7 drone
518 1 1312 687 8 7 drone
519 1 1312 687 8 7 drone
520 1 1313 687 8 7 drone
521 1 1315 687 8 7 drone
522 1 1316 688 8 7 drone
523 1 1317 688 8 7 drone
524 1 1319 688 8 6 drone
525 1 1320 688 8 6 drone
526 1 1321 689 8 6 drone
527 1 1323 689 8 6 drone
528 1 1324 689 8 6 drone
529 1 1324 689 8 6 drone
530 1 1325 689 8 6 drone
531 1 1327 689 8 6 drone
532 1 1328 689 9 6 drone
533 1 1330 689 9 6 drone
534 1 1331 688 9 7 drone
535 1 1333 688 9 7 drone
536 1 1334 688 10 7 drone
537 1 1336 688 10 7 drone
538 1 1337 688 10 7 drone
539 1 1337 688 10 7 drone
540 1 1339 688 10 7 drone
541 1 1341 688 10 7 drone
542 1 1343 688 10 7 drone
543 1 1345 688 10 7 drone
544 1 1348 687 11 7 drone
545 1 1350 687 11 7 drone
546 1 1352 687 11 7 drone
547 1 1354 687 11 7 drone
548 1 1356 687 11 7 drone
549 1 1356 687 11 7 drone
550 1 1359 687 11 7 drone
551 1 1361 687 10 7 drone
552 1 1364 687 10 6 drone
553 1 1366 687 10 6 drone
554 1 1369 687 9 6 drone
555 1 1371 687 9 6 drone
556 1 1374 687 9 5 drone
557 1 1376 687 8 5 drone
558 1 1379 687 8 5 drone
559 1 1379 686 8 5 drone
560 1 1382 686 8 5 drone
561 1 1384 686 8 5 drone
562 1 1387 686 9 5 drone
563 1 1389 686 9 5 drone
564 1 1392 685 9 6 drone
565 1 1394 685 9 6 drone
566 1 1397 685 10 6 drone
567 1 1399 685 10 6 drone
568 1 1402 685 10 6 drone
569 1 1404 685 10 6 drone
570 1 1407 685 10 6 drone
571 1 1409 685 10 6 drone
572 1 1412 685 10 6 drone
573 1 1414 685 10 6 drone
574 1 1417 685 9 6 drone
575 1 1419 685 9 6 drone
576 1 1422 685 9 6 drone
577 1 1424 685 9 6 drone
578 1 1427 685 9 6 drone
579 1 1427 685 9 6 drone
580 1 1429 685 9 6 drone
581 1 1431 685 9 6 drone
582 1 1434 684 9 6 drone
583 1 1436 684 9 6 drone
584 1 1438 684 8 7 drone
585 1 1440 684 8 7 drone
586 1 1443 683 8 7 drone
587 1 1445 683 8 7 drone
588 1 1447 683 8 7 drone
589 1 1447 683 8 7 drone
590 1 1448 683 8 7 drone
591 1 1449 683 9 7 drone
592 1 1451 683 9 7 drone
593 1 1452 683 9 7 drone
594 1 1453 683 10 7 drone
595 1 1454 683 10 7 drone
596 1 1456 683 10 7 drone
597 1 1457 683 11 7 drone
598 1 1458 683 11 7 drone
599 1 1458 683 11 7 drone
600 1 1459 683 11 7 drone
601 1 1460 684 11 7 drone
602 1 1461 684 11 7 drone
603 1 1462 684 11 7 drone
604 1 1462 685 11 6 drone
605 1 1463 685 11 6 drone
606 1 1464 685 11 6 drone
607 1 1465 686 11 6 drone
608 1 1466 686 11 6 drone
609 1 1466 686 11 6 drone
610 1 1467 686 11 6 drone
611 1 1468 686 11 6 drone
612 1 1469 687 11 6 drone
613 1 1470 687 11 6 drone
614 1 1471 687 12 7 drone
615 1 1472 687 12 7 drone
616 1 1473 688 12 7 drone
617 1 1474 688 12 7 drone
618 1 1475 688 12 7 drone
619 1 1475 688 12 7 drone
620 1 1476 688 12 7 drone
621 1 1478 689 12 7 drone
622 1 1479 689 12 7 drone
623 1 1480 689 12 7 drone
624 1 1482 690 11 6 drone
625 1 1483 690 11 6 drone
626 1 1484 690 11 6 drone
627 1 1486 691 11 6 drone
628 1 1487 691 11 6 drone
629 1 1487 691 11 6 drone
630 1 1488 691 11 6 drone
631 1 1489 692 11 6 drone
632 1 1491 692 11 7 drone
633 1 1492 692 11 7 drone
634 1 1493 693 10 7 drone
635 1 1494 693 10 7 drone
636 1 1496 693 10 8 drone
637 1 1497 694 10 8 drone
638 1 1498 694 10 8 drone
639 1 1498 694 10 8 drone
640 1 1499 694 10 8 drone
641 1 1499 695 10 8 drone
642 1 1500 695 10 8 drone
643 1 1501 696 10 8 drone
644 1 1501 696 10 7 drone
645 1 1502 697 10 7 drone
646 1 1503 697 10 7 drone
647 1 1503 698 10 7 drone
648 1 1504 698 10 7 drone
649 1 1504 698 10 7 drone
650 1 1504 698 10 7 drone
651 1 1504 699 10 7 drone
652 1 1505 699 10 7 drone
653 1 1505 699 10 7 drone
654 1 1505 700 9 6 drone
655 1 1505 700 9 6 drone
656 1 1506 700 9 6 drone
657 1 1506 701 9 6 drone
658 1 1506 701 9 6 drone
659 1 1506 701 9 6 drone
660 1 1506 701 9 6 drone
661 1 1506 702 9 6 drone
662 1 1507 702 9 6 drone
663 1 1507 702 9 6 drone
664 1 1507 703 9 7 drone
665 1 1507 703 9 7 drone
666 1 1508 703 9 7 drone
667 1 1508 704 9 7 drone
668 1 1508 704 9 7 drone
669 1 1508 704 9 7 drone
670 1 1508 704 9 7 drone
671 1 1508 704 9 7 drone
672 1 1508 705 10 7 drone
673 1 1508 705 10 7 drone
674 1 1507 705 10 7 drone
675 1 1507 705 10 7 drone
676 1 1507 706 11 7 drone
677 1 1507 706 11 7 drone
678 1 1507 706 11 7 drone
679 1 1507 706 11 7 drone
680 1 1507 706 11 7 drone
681 1 1507 706 11 7 drone
682 1 1508 706 11 7 drone
683 1 1508 706 11 7 drone
684 1 1508 706 10 7 drone
685 1 1508 706 10 7 drone
686 1 1509 706 10 7 drone
687 1 1509 706 10 7 drone
688 1 1509 706 10 7 drone
689 1 1509 706 10 7 drone
690 1 1509 706 10 7 drone
691 1 1508 706 10 7 drone
692 1 1508 706 10 8 drone
693 1 1507 706 10 8 drone
694 1 1507 706 9 8 drone
695 1 1506 706 9 8 drone
696 1 1506 706 9 9 drone
697 1 1505 706 9 9 drone
698 1 1505 706 9 9 drone
699 1 1505 706 9 9 drone
700 1 1504 706 9 9 drone
701 1 1502 706 9 9 drone
702 1 1501 706 9 9 drone
703 1 1499 706 9 9 drone
704 1 1498 706 10 8 drone
705 1 1496 706 10 8 drone
706 1 1495 706 10 8 drone
707 1 1493 706 10 8 drone
708 1 1492 706 10 8 drone
709 1 1492 706 10 8 drone
710 1 1490 706 10 8 drone
711 1 1487 706 10 8 drone
712 1 1485 706 10 8 drone
713 1 1483 706 10 8 drone
714 1 1480 706 11 8 drone
715 1 1478 706 11 8 drone
716 1 1476 706 11 8 drone
717 1 1473 706 11 8 drone
718 1 1471 706 11 8 drone
719 1 1471 706 11 8 drone
720 1 1468 706 11 8 drone
721 1 1465 706 11 8 drone
722 1 1463 706 10 8 drone
723 1 1460 706 10 8 drone
724 1 1457 706 10 7 drone
725 1 1454 706 10 7 drone
726 1 1452 706 9 7 drone
727 1 1449 706 9 7 drone
728 1 1446 706 9 7 drone
729 1 1441 707 9 7 drone
730 1 1438 707 9 7 drone
731 1 1435 707 9 7 drone
732 1 1432 707 10 7 drone
733 1 1429 707 10 7 drone
734 1 1425 706 10 7 drone
735 1 1422 706 10 7 drone
736 1 1419 706 11 7 drone
737 1 1416 706 11 7 drone
738 1 1413 706 11 7 drone
739 1 1409 707 11 7 drone
740 1 1406 707 11 7 drone
741 1 1402 707 11 7 drone
742 1 1399 707 11 7 drone
743 1 1395 707 11 7 drone
744 1 1392 707 10 7 drone
745 1 1388 707 10 7 drone
746 1 1385 707 10 7 drone
747 1 1381 707 10 7 drone
748 1 1378 707 10 7 drone
749 1 1374 707 10 7 drone
750 1 1370 707 10 7 drone
751 1 1367 707 10 7 drone
752 1 1363 708 9 7 drone
753 1 1359 708 9 7 drone
754 1 1356 708 9 7 drone
755 1 1352 708 9 7 drone
756 1 1348 709 8 7 drone
757 1 1345 709 8 7 drone
758 1 1341 709 8 7 drone
759 1 1337 709 8 7 drone
760 1 1333 709 8 7 drone
761 1 1329 709 8 7 drone
762 1 1325 708 8 7 drone
763 1 1321 708 8 7 drone
764 1 1318 708 8 7 drone
765 1 1314 708 8 7 drone
766 1 1310 707 8 7 drone
767 1 1306 707 8 7 drone
768 1 1302 707 8 7 drone
769 1 1298 707 8 7 drone
770 1 1294 706 8 7 drone
771 1 1290 706 8 6 drone
772 1 1285 705 8 6 drone
773 1 1281 704 8 6 drone
774 1 1278 703 8 6 drone
775 1 1274 702 8 6 drone
776 1 1270 700 8 6 drone
777 1 1265 699 8 7 drone
778 1 1261 698 8 7 drone
779 1 1257 696 8 7 drone
780 1 1253 695 8 7 drone
781 1 1249 694 8 7 drone
782 1 1244 692 8 7 drone
783 1 1240 691 8 7 drone
784 1 1236 690 8 7 drone
785 1 1232 689 8 7 drone
786 1 1227 687 8 7 drone
787 1 1223 686 8 7 drone
788 1 1219 685 8 7 drone
789 1 1216 684 8 7 drone
790 1 1212 683 8 7 drone
791 1 1208 683 8 7 drone
792 1 1203 682 8 7 drone
793 1 1199 681 8 7 drone
794 1 1195 681 8 7 drone
795 1 1191 680 8 7 drone
796 1 1186 679 8 7 drone
797 1 1182 679 8 7 drone
798 1 1178 678 8 7 drone
799 1 1174 678 8 7 drone
800 1 1170 678 8 7 drone
801 1 1166 678 8 6 drone
802 1 1161 677 9 6 drone
803 1 1157 677 9 6 drone
804 1 1154 677 9 6 drone
805 1 1150 676 9 6 drone
806 1 1146 676 9 6 drone
807 1 1141 676 9 5 drone
808 1 1137 675 9 5 drone
809 1 1133 675 9 5 drone
810 1 1129 675 9 5 drone
811 1 1125 674 9 5 drone
812 1 1122 674 9 5 drone
813 1 1118 674 9 5 drone
814 1 1114 673 8 4 drone
815 1 1110 673 8 4 drone
816 1 1107 673 8 4 drone
817 1 1103 672 8 4 drone
818 1 1099 672 8 4 drone
819 1 1095 671 8 4 drone
820 1 1091 671 8 4 drone
821 1 1087 671 8 4 drone
822 1 1084 670 8 4 drone
823 1 1080 670 8 4 drone
824 1 1076 670 8 5 drone
825 1 1072 670 8 5 drone
826 1 1069 669 8 5 drone
827 1 1065 669 8 5 drone
828 1 1061 669 8 5 drone
829 1 1057 668 8 5 drone
830 1 1053 668 8 5 drone
831 1 1050 668 8 5 drone
832 1 1046 667 8 5 drone
833 1 1042 667 8 5 drone
834 1 1039 667 8 5 drone
835 1 1035 667 8 5 drone
836 1 1031 666 8 5 drone
837 1 1028 666 8 5 drone
838 1 1024 666 8 5 drone
839 1 1021 665 8 5 drone
840 1 1017 665 8 5 drone
841 1 1014 665 8 5 drone
842 1 1010 664 8 5 drone
843 1 1007 664 8 5 drone
844 1 1003 664 7 5 drone
845 1 1000 664 7 5 drone
846 1 996 663 7 5 drone
847 1 993 663 7 5 drone
848 1 989 663 7 5 drone
849 1 986 662 7 5 drone
850 1 983 662 7 5 drone
851 1 979 662 7 5 drone
852 1 976 661 7 5 drone
853 1 973 661 7 5 drone
854 1 969 661 7 5 drone
855 1 966 661 7 5 drone
856 1 963 660 7 5 drone
857 1 959 660 7 5 drone
858 1 956 660 7 5 drone
859 1 953 659 7 5 drone
860 1 950 659 7 5 drone
861 1 947 659 7 5 drone
862 1 943 658 7 5 drone
863 1 940 658 7 5 drone
864 1 937 658 7 5 drone
865 1 934 658 7 5 drone
866 1 930 657 7 5 drone
867 1 927 657 7 5 drone
868 1 924 657 7 5 drone
869 1 921 657 7 5 drone
870 1 918 657 7 5 drone
871 1 915 656 7 5 drone
872 1 912 656 6 5 drone
873 1 909 656 6 5 drone
874 1 907 655 6 5 drone
875 1 904 655 6 5 drone
876 1 901 655 5 5 drone
877 1 898 654 5 5 drone
878 1 895 654 5 5 drone
879 1 891 654 6 5 drone
880 1 888 654 6 5 drone
881 1 885 654 6 5 drone
882 1 883 654 6 5 drone
883 1 880 654 6 5 drone
884 1 877 653 6 4 drone
885 1 874 653 6 4 drone
886 1 872 653 6 4 drone
887 1 869 653 6 4 drone
888 1 866 653 6 4 drone
889 1 864 652 6 4 drone
890 1 861 652 6 4 drone
891 1 859 652 6 4 drone
892 1 856 652 6 4 drone
893 1 853 652 6 4 drone
894 1 851 652 7 4 drone
895 1 848 652 7 4 drone
896 1 845 652 7 4 drone
897 1 843 652 7 4 drone
898 1 840 652 7 4 drone
899 1 837 651 7 4 drone
900 1 834 651 7 4 drone
901 1 832 651 7 4 drone
902 1 829 650 7 5 drone
903 1 827 650 7 5 drone
904 1 824 650 7 5 drone
905 1 822 650 7 5 drone
906 1 819 649 7 6 drone
907 1 817 649 7 6 drone
908 1 814 649 7 6 drone
909 1 812 649 7 6 drone
910 1 810 649 7 6 drone
911 1 807 649 7 6 drone
912 1 805 649 7 5 drone
913 1 802 649 7 5 drone
914 1 800 649 8 5 drone
915 1 797 649 8 5 drone
916 1 795 649 8 4 drone
917 1 792 649 8 4 drone
918 1 790 649 8 4 drone
919 1 788 648 8 4 drone
920 1 786 648 8 4 drone
921 1 783 648 8 4 drone
922 1 781 648 7 4 drone
923 1 779 648 7 4 drone
924 1 776 647 7 3 drone
925 1 774 647 7 3 drone
926 1 772 647 6 3 drone
927 1 769 647 6 3 drone
928 1 767 647 6 3 drone
929 1 765 646 6 3 drone
930 1 763 646 6 3 drone
931 1 760 645 6 3 drone
932 1 758 645 6 3 drone
933 1 756 645 6 3 drone
934 1 753 644 6 4 drone
935 1 751 644 6 4 drone
936 1 749 644 6 4 drone
937 1 746 643 6 4 drone
938 1 744 643 6 4 drone
939 1 742 643 6 4 drone
940 1 740 642 6 4 drone
941 1 737 642 6 4 drone
942 1 735 641 6 4 drone
943 1 733 641 6 4 drone
944 1 730 640 6 5 drone
945 1 728 640 6 5 drone
946 1 726 639 6 5 drone
947 1 723 639 6 5 drone
948 1 721 638 6 5 drone
949 1 718 637 6 5 drone
950 1 716 636 6 5 drone
951 1 713 636 6 5 drone
952 1 711 635 6 5 drone
953 1 708 635 6 5 drone
954 1 706 634 6 4 drone
955 1 703 634 6 4 drone
956 1 701 633 6 4 drone
957 1 698 633 6 4 drone
958 1 696 632 6 4 drone
959 1 692 631 6 4 drone
960 1 689 630 6 4 drone
961 1 686 629 6 4 drone
962 1 684 628 6 4 drone
963 1 681 627 6 4 drone
964 1 678 626 7 5 drone
965 1 675 625 7 5 drone
966 1 673 624 7 5 drone
967 1 670 623 7 5 drone
968 1 667 622 7 5 drone
969 1 664 621 7 5 drone
970 1 661 620 7 5 drone
971 1 658 619 7 5 drone
972 1 655 618 7 5 drone
973 1 652 617 7 5 drone
974 1 648 617 6 4 drone
975 1 645 616 6 4 drone
976 1 642 615 6 4 drone
977 1 639 614 6 4 drone
978 1 636 613 6 4 drone
979 1 632 612 6 4 drone
980 1 629 611 6 4 drone
981 1 626 611 6 4 drone
982 1 623 610 6 4 drone
983 1 620 610 6 4 drone
984 1 616 609 5 4 drone
985 1 613 609 5 4 drone
986 1 610 608 5 4 drone
987 1 607 608 5 4 drone
988 1 604 607 5 4 drone
989 1 599 606 5 4 drone
990 1 596 606 5 4 drone
991 1 593 605 5 4 drone
992 1 590 605 5 4 drone
993 1 587 604 5 4 drone
994 1 584 604 6 4 drone
995 1 581 603 6 4 drone
996 1 578 603 6 4 drone
997 1 575 602 6 4 drone
998 1 572 602 6 4 drone
999 1 569 601 6 4 drone
1000 1 567 601 6 4 drone
1001 1 564 601 6 4 drone
1002 1 562 600 5 4 drone
1003 1 559 600 5 4 drone
1004 1 557 600 5 5 drone
1005 1 554 600 5 5 drone
1006 1 552 599 4 5 drone
1007 1 549 599 4 5 drone
1008 1 547 599 4 5 drone
1009 1 544 598 4 5 drone
1010 1 542 598 4 5 drone
1011 1 540 598 4 5 drone
1012 1 538 598 4 5 drone
1013 1 536 598 4 5 drone
1014 1 533 597 5 4 drone
1015 1 531 597 5 4 drone
1016 1 529 597 5 4 drone
1017 1 527 597 5 4 drone
1018 1 525 597 5 4 drone
1019 1 523 596 5 4 drone
1020 1 521 596 5 4 drone
1021 1 519 596 5 4 drone
1022 1 517 597 5 4 drone
1023 1 515 597 5 4 drone
1024 1 513 597 6 5 drone
1025 1 511 597 6 5 drone
1026 1 509 598 6 5 drone
1027 1 507 598 6 5 drone
1028 1 505 598 6 5 drone
1029 1 503 598 6 5 drone
1030 1 502 598 6 5 drone
1031 1 500 599 6 5 drone
1032 1 499 599 6 5 drone
1033 1 497 600 6 5 drone
1034 1 496 600 6 5 drone
1035 1 494 601 6 5 drone
1036 1 493 601 6 5 drone
1037 1 491 602 6 5 drone
1038 1 490 602 6 5 drone
1039 1 489 602 6 5 drone
1040 1 488 602 6 5 drone
1041 1 487 603 6 5 drone
1042 1 486 603 6 5 drone
1043 1 485 604 6 5 drone
1044 1 485 604 7 5 drone
1045 1 484 605 7 5 drone
1046 1 483 605 7 5 drone
1047 1 482 606 7 5 drone
1048 1 481 606 7 5 drone
1049 1 479 605 7 5 drone
1050 1 479 605 7 5 drone
1051 1 479 606 7 5 drone
1052 1 478 606 7 5 drone
1053 1 478 607 7 5 drone
1054 1 478 607 8 5 drone
1055 1 478 608 8 5 drone
1056 1 477 608 8 5 drone
1057 1 477 609 8 5 drone
1058 1 477 609 8 5 drone
1059 1 477 609 8 5 drone
1060 1 477 609 8 5 drone
1061 1 477 610 8 5 drone
1062 1 478 610 7 5 drone
1063 1 478 610 7 5 drone
1064 1 478 611 7 5 drone
1065 1 478 611 7 5 drone
1066 1 479 611 6 5 drone
1067 1 479 612 6 5 drone
1068 1 479 612 6 5 drone
1069 1 479 612 6 5 drone
1070 1 480 613 6 5 drone
1071 1 481 613 6 5 drone
1072 1 481 614 6 5 drone
1073 1 482 614 6 5 drone
1074 1 483 615 6 5 drone
1075 1 484 615 6 5 drone
1076 1 484 616 6 5 drone
1077 1 485 616 6 5 drone
1078 1 486 617 6 5 drone
1079 1 487 617 6 5 drone
1080 1 489 617 6 5 drone
1081 1 490 618 6 5 drone
1082 1 492 618 6 5 drone
1083 1 493 618 6 5 drone
1084 1 495 619 7 4 drone
1085 1 496 619 7 4 drone
1086 1 498 619 7 4 drone
1087 1 499 620 7 4 drone
1088 1 501 620 7 4 drone
1089 1 501 619 7 4 drone
1090 1 503 619 7 4 drone
1091 1 505 619 7 4 drone
1092 1 508 619 7 4 drone
1093 1 510 619 7 4 drone
1094 1 512 618 7 5 drone
1095 1 514 618 7 5 drone
1096 1 517 618 7 5 drone
1097 1 519 618 7 5 drone
1098 1 521 618 7 5 drone
1099 1 523 618 7 5 drone
1100 1 525 617 7 5 drone
1101 1 528 617 7 5 drone
1102 1 530 616 7 5 drone
1103 1 532 615 7 5 drone
1104 1 535 615 7 6 drone
1105 1 537 614 7 6 drone
1106 1 539 613 7 6 drone
1107 1 542 613 7 6 drone
1108 1 544 612 7 6 drone
1109 1 545 611 7 6 drone
1110 1 547 610 7 6 drone
1111 1 549 610 7 6 drone
1112 1 551 609 7 6 drone
1113 1 553 608 7 6 drone
1114 1 555 608 6 6 drone
1115 1 557 607 6 6 drone
1116 1 559 606 6 6 drone
1117 1 561 606 6 6 drone
1118 1 563 605 6 6 drone
1119 1 563 603 6 6 drone
1120 1 565 603 6 6 drone
1121 1 566 602 6 6 drone
1122 1 568 602 6 6 drone
1123 1 570 601 6 6 drone
1124 1 571 601 6 5 drone
1125 1 573 600 6 5 drone
1126 1 575 600 6 5 drone
1127 1 576 599 6 5 drone
1128 1 578 599 6 5 drone
1129 1 579 598 6 5 drone
1130 1 580 597 6 5 drone
1131 1 582 597 6 5 drone
1132 1 583 596 6 5 drone
1133 1 584 596 6 5 drone
1134 1 586 595 6 6 drone
1135 1 587 595 6 6 drone
1136 1 588 594 6 6 drone
1137 1 590 594 6 6 drone
1138 1 591 593 6 6 drone
1139 1 592 592 6 6 drone
1140 1 593 591 6 6 drone
1141 1 594 591 6 6 drone
1142 1 596 590 6 6 drone
1143 1 597 589 6 6 drone
1144 1 598 589 6 6 drone
1145 1 599 588 6 6 drone
1146 1 601 587 6 6 drone
1147 1 602 587 6 6 drone
1148 1 603 586 6 6 drone
1149 1 603 586 6 6 drone
1150 1 603 585 6 6 drone
1151 1 604 584 6 6 drone
1152 1 604 583 6 6 drone
1153 1 605 582 6 6 drone
1154 1 605 581 6 5 drone
1155 1 606 580 6 5 drone
1156 1 606 579 6 5 drone
1157 1 607 578 6 5 drone
1158 1 607 577 6 5 drone
1159 1 607 576 6 5 drone
1160 1 608 576 6 5 drone
1161 1 608 575 6 5 drone
1162 1 609 575 6 5 drone
1163 1 609 574 6 5 drone
1164 1 610 574 6 6 drone
1165 1 610 573 6 6 drone
1166 1 611 573 6 6 drone
1167 1 611 572 6 6 drone
1168 1 612 572 6 6 drone
1169 1 612 570 6 6 drone
1170 1 612 570 6 6 drone
1171 1 612 570 6 6 drone
1172 1 613 570 6 6 drone
1173 1 613 570 6 6 drone
1174 1 613 569 7 5 drone
1175 1 613 569 7 5 drone
1176 1 614 569 7 5 drone
1177 1 614 569 7 5 drone
1178 1 614 569 7 5 drone
1179 1 614 569 7 5 drone
1180 1 614 569 7 5 drone
1181 1 614 569 7 5 drone
1182 1 615 569 7 5 drone
1183 1 615 569 7 5 drone
1184 1 615 568 7 5 drone
1185 1 615 568 7 5 drone
1186 1 616 568 7 5 drone
1187 1 616 568 7 5 drone
1188 1 616 568 7 5 drone
1189 1 615 567 7 5 drone
1190 1 615 567 7 5 drone
1191 1 615 567 7 5 drone
1192 1 615 567 7 5 drone
1193 1 615 567 7 5 drone
1194 1 616 567 6 6 drone
1195 1 616 567 6 6 drone
1196 1 616 567 6 6 drone
1197 1 616 567 6 6 drone
1198 1 616 567 6 6 drone
1199 1 615 566 6 6 drone
1200 1 615 566 6 6 drone
1201 1 615 566 6 6 drone
1202 1 615 566 6 6 drone
1203 1 615 566 6 6 drone
1204 1 615 565 6 6 drone
1205 1 615 565 6 6 drone
1206 1 615 565 6 6 drone
1207 1 615 565 6 6 drone
1208 1 615 565 6 6 drone
1209 1 614 564 6 6 drone
1210 1 614 564 6 6 drone
1211 1 614 564 6 6 drone
1212 1 614 564 6 6 drone
1213 1 614 564 6 6 drone
1214 1 613 564 6 6 drone
1215 1 613 564 6 6 drone
1216 1 613 564 6 6 drone
1217 1 613 564 6 6 drone
1218 1 613 564 6 6 drone
1219 1 613 564 6 6 drone
1220 1 613 564 6 6 drone
1221 1 613 564 7 6 drone
1222 1 613 564 7 6 drone
1223 1 613 564 7 6 drone
1224 1 613 563 8 7 drone
1225 1 613 563 8 7 drone
1226 1 613 563 8 7 drone
1227 1 613 563 9 7 drone
1228 1 613 563 9 7 drone
1229 1 613 563 9 7 drone
1230 1 614 563 9 7 drone
1231 1 615 563 9 7 drone
1232 1 615 563 8 7 drone
1233 1 616 563 8 7 drone
1234 1 617 562 8 7 drone
1235 1 618 562 8 7 drone
1236 1 618 562 7 7 drone
1237 1 619 562 7 7 drone
1238 1 620 562 7 7 drone
1239 1 620 562 7 7 drone
1240 1 621 562 7 7 drone
1241 1 623 563 7 7 drone
1242 1 624 563 7 7 drone
1243 1 625 563 7 7 drone
1244 1 627 564 7 6 drone
1245 1 628 564 7 6 drone
1246 1 629 564 7 6 drone
1247 1 631 565 7 6 drone
1248 1 632 565 7 6 drone
1249 1 632 565 7 6 drone
1250 1 634 566 7 6 drone
1251 1 636 567 7 6 drone
1252 1 638 568 8 6 drone
1253 1 640 569 8 6 drone
1254 1 641 571 8 6 drone
1255 1 643 572 8 6 drone
1256 1 645 573 9 6 drone
1257 1 647 574 9 6 drone
1258 1 649 575 9 6 drone
1259 1 649 575 9 6 drone
1260 1 651 577 9 6 drone
1261 1 654 579 9 6 drone
1262 1 656 580 9 6 drone
1263 1 658 582 9 6 drone
1264 1 661 584 9 5 drone
1265 1 663 586 9 5 drone
1266 1 665 587 9 5 drone
1267 1 668 589 9 5 drone
1268 1 670 591 9 5 drone
1269 1 672 593 9 5 drone
1270 1 675 595 9 5 drone
1271 1 678 597 9 5 drone
1272 1 682 599 8 5 drone
1273 1 685 601 8 5 drone
1274 1 688 604 8 6 drone
1275 1 691 606 8 6 drone
1276 1 695 608 7 6 drone
1277 1 698 610 7 6 drone
1278 1 701 612 7 6 drone
1279 1 704 613 7 6 drone
1280 1 708 615 7 6 drone
1281 1 711 618 7 6 drone
1282 1 715 620 7 6 drone
1283 1 719 622 7 6 drone
1284 1 722 625 7 6 drone
1285 1 726 627 7 6 drone
1286 1 730 629 7 6 drone
1287 1 733 632 7 6 drone
1288 1 737 634 7 6 drone
1289 1 740 635 7 6 drone
1290 1 744 637 7 6 drone
1291 1 749 639 7 6 drone
1292 1 753 641 7 6 drone
1293 1 758 643 7 6 drone
1294 1 762 646 8 7 drone
1295 1 767 648 8 7 drone
1296 1 771 650 8 7 drone
1297 1 776 652 8 7 drone
1298 1 780 654 8 7 drone
1299 1 784 656 8 7 drone
1300 1 789 657 8 7 drone
1301 1 794 658 8 7 drone
1302 1 799 659 8 7 drone
1303 1 804 660 8 7 drone
1304 1 809 662 8 8 drone
1305 1 814 663 8 8 drone
1306 1 819 664 8 8 drone
1307 1 824 665 8 8 drone
1308 1 829 666 8 8 drone
1309 1 834 667 7 6 drone
1310 1 840 668 7 6 drone
1311 1 845 668 7 6 drone
1312 1 851 669 7 6 drone
1313 1 856 670 7 6 drone
1314 1 862 670 8 6 drone
1315 1 867 671 8 6 drone
1316 1 873 672 8 6 drone
1317 1 878 672 8 6 drone
1318 1 884 673 8 6 drone
1319 1 888 674 8 6 drone
1320 1 894 674 8 6 drone
1321 1 899 675 8 6 drone
1322 1 905 675 8 6 drone
1323 1 910 676 8 6 drone
1324 1 916 676 9 7 drone
1325 1 921 677 9 7 drone
1326 1 927 677 9 7 drone
1327 1 932 678 9 7 drone
1328 1 938 678 9 7 drone
1329 1 943 679 9 7 drone
1330 1 948 679 9 7 drone
1331 1 954 680 9 7 drone
1332 1 959 680 9 7 drone
1333 1 965 681 9 7 drone
1334 1 970 681 10 7 drone
1335 1 976 682 10 7 drone
1336 1 981 682 10 7 drone
1337 1 987 683 10 7 drone
1338 1 992 683 10 7 drone
1339 1 997 683 10 7 drone
1340 1 1003 684 10 7 drone
1341 1 1008 684 10 7 drone
1342 1 1014 685 10 7 drone
1343 1 1019 685 10 7 drone
1344 1 1025 686 9 7 drone
1345 1 1030 686 9 7 drone
1346 1 1036 687 9 7 drone
1347 1 1041 687 9 7 drone
1348 1 1047 688 9 7 drone
1349 1 1052 688 9 7 drone
1350 1 1057 689 9 7 drone
1351 1 1062 690 8 7 drone
1352 1 1067 690 8 7 drone
1353 1 1072 690 8 6 drone
1354 1 1078 691 8 6 drone
1355 1 1083 692 8 6 drone
1356 1 1088 692 7 6 drone
1357 1 1093 692 7 6 drone
1358 1 1098 693 7 6 drone
1359 1 1102 693 7 6 drone
1360 1 1106 693 7 6 drone
1361 1 1110 694 8 6 drone
1362 1 1114 694 8 6 drone
1363 1 1118 694 8 6 drone
1364 1 1122 694 8 6 drone
1365 1 1126 694 8 6 drone
1366 1 1130 695 9 6 drone
1367 1 1134 695 9 6 drone
1368 1 1138 695 9 6 drone
1369 1 1141 695 9 6 drone
1370 1 1145 694 9 6 drone
1371 1 1148 694 9 7 drone
1372 1 1151 694 9 7 drone
1373 1 1154 694 9 7 drone
1374 1 1158 693 9 7 drone
1375 1 1161 693 9 7 drone
1376 1 1164 693 9 8 drone
1377 1 1168 692 9 8 drone
1378 1 1171 692 9 8 drone
1379 1 1174 692 9 8 drone
1380 1 1176 692 9 8 drone
1381 1 1178 691 9 7 drone
1382 1 1181 691 9 7 drone
1383 1 1184 691 8 7 drone
1384 1 1186 691 8 7 drone
1385 1 1188 691 8 7 drone
1386 1 1191 690 8 6 drone
1387 1 1194 690 8 6 drone
1388 1 1196 690 8 6 drone
1389 1 1198 690 8 6 drone
1390 1 1200 690 8 6 drone
1391 1 1201 689 8 6 drone
1392 1 1203 689 8 6 drone
1393 1 1205 689 8 6 drone
1394 1 1207 689 9 6 drone
1395 1 1209 689 9 6 drone
1396 1 1210 688 9 6 drone
1397 1 1212 688 9 6 drone
1398 1 1214 688 9 6 drone
1399 1 1215 688 9 6 drone
1400 1 1217 688 9 6 drone
1401 1 1218 687 8 6 drone
1402 1 1219 687 8 6 drone
1403 1 1220 687 8 6 drone
1404 1 1222 687 8 6 drone
1405 1 1223 687 8 6 drone
1406 1 1224 686 7 6 drone
1407 1 1226 686 7 6 drone
1408 1 1227 686 7 6 drone
1409 1 1228 686 7 6 drone
1410 1 1228 686 7 6 drone
1411 1 1229 686 7 6 drone
1412 1 1229 686 7 6 drone
1413 1 1230 686 8 6 drone
1414 1 1231 685 8 5 drone
1415 1 1231 685 8 5 drone
1416 1 1232 685 8 5 drone
1417 1 1232 685 8 5 drone
1418 1 1233 685 8 5 drone
1419 1 1233 685 8 5 drone
1420 1 1234 685 8 5 drone
1421 1 1234 685 7 5 drone
1422 1 1235 685 7 5 drone
1423 1 1235 685 7 6 drone
1424 1 1235 685 7 6 drone
1425 1 1236 685 7 6 drone
1426 1 1236 685 6 6 drone
1427 1 1237 685 6 6 drone
1428 1 1237 685 6 6 drone
1429 1 1237 685 6 6 drone
1430 1 1237 685 6 6 drone
1431 1 1237 685 6 6 drone
1432 1 1237 685 6 6 drone
1433 1 1238 686 6 6 drone
1434 1 1238 686 6 6 drone
1435 1 1238 686 6 6 drone
1436 1 1238 686 6 6 drone
1437 1 1238 686 6 6 drone
1438 1 1238 686 6 6 drone
1439 1 1238 686 6 6 drone
1440 1 1238 687 6 6 drone
1441 1 1238 687 6 6 drone
1442 1 1238 687 6 6 drone
1443 1 1238 688 6 6 drone
1444 1 1239 688 6 6 drone
1445 1 1239 688 6 6 drone
1446 1 1239 688 6 6 drone
1447 1 1239 689 6 6 drone
1448 1 1239 689 6 6 drone
1449 1 1239 689 6 6 drone
1450 1 1239 689 6 6 drone
1451 1 1239 690 6 6 drone
1452 1 1239 690 6 6 drone
1453 1 1239 690 6 6 drone
1454 1 1239 690 6 5 drone
1455 1 1239 690 6 5 drone
1456 1 1239 691 6 5 drone
1457 1 1239 691 6 5 drone
1458 1 1239 691 6 5 drone
1459 1 1239 691 6 5 drone
1460 1 1239 691 6 5 drone
1461 1 1239 692 6 5 drone
1462 1 1239 692 6 5 drone
1463 1 1238 692 6 4 drone
1464 1 1238 692 6 4 drone
1465 1 1238 692 6 4 drone
1466 1 1238 693 6 4 drone
1467 1 1238 693 6 4 drone
1468 1 1238 693 6 4 drone
1469 1 1238 693 6 4 drone
1470 1 1238 693 6 4 drone
1471 1 1237 694 6 4 drone
1472 1 1237 694 6 4 drone
1473 1 1237 694 6 4 drone
1474 1 1237 694 7 5 drone
1475 1 1237 694 7 5 drone
1476 1 1236 695 7 5 drone
1477 1 1236 695 7 5 drone
1478 1 1236 695 7 5 drone
1479 1 1236 695 7 5 drone
1480 1 1236 695 7 5 drone
1481 1 1236 696 7 5 drone
1482 1 1236 696 7 5 drone
1483 1 1236 696 6 4 drone
1484 1 1236 696 6 4 drone
1485 1 1236 696 6 4 drone
1486 1 1236 697 6 4 drone
1487 1 1236 697 6 4 drone
1488 1 1236 697 6 4 drone
1489 1 1236 697 6 4 drone
1490 1 1236 697 6 4 drone
1491 1 1236 697 6 4 drone
1492 1 1236 697 6 4 drone
1493 1 1236 698 6 4 drone
1494 1 1236 698 7 5 drone
1495 1 1236 698 7 5 drone
1496 1 1236 698 7 5 drone
1497 1 1236 698 7 5 drone
1498 1 1236 698 7 5 drone
1499 1 1236 698 7 5 drone
1500 1 1236 698 7 5 drone
1501 1 1236 698 7 5 drone
1502 1 1236 698 7 5 drone
1503 1 1236 698 7 4 drone
1504 1 1235 699 7 4 drone
1505 1 1235 699 7 4 drone
1506 1 1235 699 7 4 drone
1507 1 1235 699 7 4 drone
1508 1 1235 699 7 4 drone
1509 1 1235 699 7 4 drone
1510 1 1235 699 7 4 drone
1511 1 1235 699 7 4 drone
1512 1 1235 699 7 4 drone
1513 1 1235 700 7 4 drone
1514 1 1235 700 7 4 drone
1515 1 1235 700 7 4 drone
1516 1 1235 700 7 4 drone
1517 1 1235 700 7 4 drone
1518 1 1235 700 7 4 drone
1519 1 1235 700 7 4 drone
1520 1 1235 700 7 4 drone
1521 1 1235 700 7 4 drone
1522 1 1235 700 7 4 drone
1523 1 1234 700 8 4 drone
1524 1 1234 701 8 4 drone
1525 1 1234 701 8 4 drone
1526 1 1234 701 8 4 drone
1527 1 1234 701 8 4 drone
1528 1 1234 701 8 4 drone
1529 1 1234 701 8 4 drone
1530 1 1234 701 8 4 drone
1531 1 1234 701 8 4 drone
1532 1 1234 701 8 4 drone
1533 1 1234 701 8 4 drone
1534 1 1234 701 8 5 drone
1535 1 1234 701 8 5 drone
1536 1 1235 702 8 5 drone
1537 1 1235 702 8 5 drone
1538 1 1235 702 8 5 drone
1539 1 1235 702 8 5 drone
1540 1 1235 702 8 5 drone
1541 1 1235 702 8 5 drone
1542 1 1235 702 8 5 drone
1543 1 1235 702 8 5 drone
1544 1 1235 702 8 5 drone
1545 1 1235 702 8 5 drone
1546 1 1235 702 8 5 drone
1547 1 1235 702 8 5 drone
1548 1 1235 702 8 5 drone
1549 1 1235 702 8 5 drone
1550 1 1235 702 8 5 drone
1551 1 1235 702 9 5 drone
1552 1 1235 702 9 5 drone
1553 1 1234 702 9 6 drone
1554 1 1234 702 9 6 drone
1555 1 1234 702 9 6 drone
1556 1 1234 702 10 6 drone
1557 1 1234 702 10 6 drone
1558 1 1234 702 10 6 drone
1559 1 1234 702 10 6 drone
1560 1 1234 702 10 6 drone
1561 1 1233 702 10 6 drone
1562 1 1233 702 10 6 drone
1563 1 1233 702 10 6 drone
1564 1 1233 703 9 5 drone
1565 1 1233 703 9 5 drone
1566 1 1232 703 9 5 drone
1567 1 1232 703 9 5 drone
1568 1 1232 703 9 5 drone
1569 1 1232 703 9 5 drone
1570 1 1231 703 9 5 drone
1571 1 1231 703 9 5 drone
1572 1 1230 703 9 5 drone
1573 1 1230 703 8 5 drone
1574 1 1230 703 8 5 drone
1575 1 1229 703 8 5 drone
1576 1 1229 703 8 5 drone
1577 1 1228 703 8 5 drone
1578 1 1228 703 8 5 drone
1579 1 1227 703 8 5 drone
1580 1 1227 703 8 5 drone
1581 1 1226 703 8 5 drone
1582 1 1226 703 8 5 drone
1583 1 1225 703 8 5 drone
1584 1 1224 703 9 5 drone
1585 1 1224 703 9 5 drone
1586 1 1223 703 9 5 drone
1587 1 1223 703 9 5 drone
1588 1 1222 703 9 5 drone
1589 1 1222 703 9 5 drone
1590 1 1221 703 9 5 drone
1591 1 1221 703 9 5 drone
1592 1 1220 703 9 5 drone
1593 1 1220 703 8 5 drone
1594 1 1220 703 8 5 drone
1595 1 1219 703 8 5 drone
1596 1 1219 703 8 5 drone
1597 1 1218 703 8 5 drone
1598 1 1218 703 8 5 drone
1599 1 1218 703 8 5 drone
1600 1 1217 703 8 6 drone
1601 1 1217 703 8 6 drone
1602 1 1217 703 8 6 drone
1603 1 1216 702 8 6 drone
1604 1 1216 702 8 7 drone
1605 1 1216 702 8 7 drone
1606 1 1216 702 8 7 drone
1607 1 1215 702 8 8 drone
1608 1 1215 702 8 8 drone
1609 1 1215 702 8 8 drone
1610 1 1215 702 8 8 drone
1611 1 1216 702 8 8 drone
1612 1 1216 702 8 8 drone
1613 1 1216 702 8 8 drone
1614 1 1216 701 8 7 drone
1615 1 1216 701 8 7 drone
1616 1 1217 701 8 7 drone
1617 1 1217 701 8 7 drone
1618 1 1217 701 8 7 drone
1619 1 1218 701 8 7 drone
1620 1 1219 701 8 7 drone
1621 1 1219 701 8 7 drone
1622 1 1220 701 8 7 drone
1623 1 1221 700 8 8 drone
1624 1 1222 700 8 8 drone
1625 1 1223 700 8 8 drone
1626 1 1223 700 8 8 drone
1627 1 1224 700 8 8 drone
1628 1 1225 700 8 8 drone
1629 1 1227 700 8 8 drone
1630 1 1228 700 8 8 drone
1631 1 1230 700 8 8 drone
1632 1 1231 700 8 8 drone
1633 1 1233 700 8 8 drone
1634 1 1235 699 8 7 drone
1635 1 1236 699 8 7 drone
1636 1 1238 699 8 7 drone
1637 1 1239 699 8 7 drone
1638 1 1241 699 8 7 drone
1639 1 1242 699 8 7 drone
1640 1 1244 699 8 7 drone
1641 1 1246 698 9 7 drone
1642 1 1247 698 9 7 drone
1643 1 1248 698 9 8 drone
1644 1 1250 698 9 8 drone
1645 1 1252 698 9 8 drone
1646 1 1253 697 10 8 drone
1647 1 1254 697 10 8 drone
1648 1 1256 697 10 8 drone
1649 1 1257 697 10 8 drone
1650 1 1259 697 10 8 drone
1651 1 1260 697 10 8 drone
1652 1 1261 697 10 8 drone
1653 1 1262 696 10 8 drone
1654 1 1264 696 10 7 drone
1655 1 1265 696 10 7 drone
1656 1 1266 696 10 7 drone
1657 1 1268 696 10 7 drone
1658 1 1269 696 10 7 drone
1659 1 1270 696 10 7 drone
1660 1 1271 695 10 7 drone
1661 1 1272 695 10 7 drone
1662 1 1273 695 10 7 drone
1663 1 1274 694 10 7 drone
1664 1 1274 694 9 7 drone
1665 1 1275 694 9 7 drone
1666 1 1276 694 9 7 drone
1667 1 1277 693 9 7 drone
1668 1 1278 693 9 7 drone
1669 1 1279 693 9 7 drone
1670 1 1279 692 9 7 drone
1671 1 1280 692 9 7 drone
1672 1 1280 691 9 7 drone
1673 1 1281 691 10 7 drone
1674 1 1282 691 10 7 drone
1675 1 1282 690 10 7 drone
1676 1 1283 690 10 7 drone
1677 1 1283 689 10 7 drone
1678 1 1284 689 10 7 drone
1679 1 1285 689 10 7 drone
1680 1 1285 688 10 7 drone
1681 1 1286 688 10 8 drone
1682 1 1287 688 10 8 drone
1683 1 1288 688 10 8 drone
1684 1 1288 687 9 8 drone
1685 1 1289 687 9 8 drone
1686 1 1290 687 9 9 drone
1687 1 1290 686 9 9 drone
1688 1 1291 686 9 9 drone
1689 1 1292 686 9 9 drone
1690 1 1292 686 9 9 drone
1691 1 1292 686 10 9 drone
1692 1 1293 686 10 9 drone
1693 1 1294 686 10 8 drone
1694 1 1294 686 10 8 drone
1695 1 1294 686 10 8 drone
1696 1 1295 686 11 8 drone
1697 1 1296 686 11 8 drone
1698 1 1296 686 11 8 drone
1699 1 1296 686 11 8 drone
1700 1 1297 686 11 8 drone
1701 1 1297 686 11 8 drone
1702 1 1298 686 11 8 drone
1703 1 1298 686 11 8 drone
1704 1 1298 687 11 9 drone
1705 1 1299 687 11 9 drone
1706 1 1299 687 11 9 drone
1707 1 1300 687 11 9 drone
1708 1 1300 687 11 9 drone
1709 1 1300 687 11 9 drone
1710 1 1300 687 11 9 drone
1711 1 1301 688 11 9 drone
1712 1 1301 688 11 9 drone
1713 1 1301 688 11 10 drone
1714 1 1301 688 11 10 drone
1715 1 1301 688 11 10 drone
1716 1 1302 689 11 10 drone
1717 1 1302 689 11 10 drone
1718 1 1302 689 11 10 drone
1719 1 1303 689 11 10 drone
1720 1 1303 689 11 10 drone
1721 1 1304 689 11 10 drone
1722 1 1305 689 11 10 drone
1723 1 1306 689 11 10 drone
1724 1 1306 689 11 9 drone
1725 1 1307 689 11 9 drone
1726 1 1308 689 11 9 drone
1727 1 1308 689 11 9 drone
1728 1 1309 689 11 9 drone
1729 1 1310 689 11 9 drone
1730 1 1311 689 11 9 drone
1731 1 1313 689 11 9 drone
1732 1 1314 689 11 9 drone
1733 1 1315 690 12 10 drone
1734 1 1316 690 12 10 drone
1735 1 1317 690 12 10 drone
1736 1 1319 690 12 10 drone
1737 1 1320 690 12 10 drone
1738 1 1321 690 12 10 drone
1739 1 1323 690 12 10 drone
1740 1 1325 690 12 10 drone
1741 1 1327 690 12 10 drone
1742 1 1329 690 12 10 drone
1743 1 1331 690 12 10 drone
1744 1 1333 690 12 10 drone
1745 1 1335 690 12 10 drone
1746 1 1337 690 12 10 drone
1747 1 1339 690 12 10 drone
1748 1 1341 690 12 10 drone
1749 1 1343 690 12 10 drone
1750 1 1346 690 12 10 drone
1751 1 1348 690 12 10 drone
1752 1 1351 690 12 10 drone
1753 1 1353 690 12 10 drone
1754 1 1355 690 12 9 drone
1755 1 1358 690 12 9 drone
1756 1 1360 690 12 9 drone
1757 1 1363 690 12 9 drone
1758 1 1365 690 12 9 drone
1759 1 1368 690 12 9 drone
1760 1 1371 690 12 9 drone
1761 1 1374 690 12 9 drone
1762 1 1377 690 12 9 drone
1763 1 1380 690 12 9 drone
1764 1 1383 691 11 9 drone
1765 1 1386 691 11 9 drone
1766 1 1389 691 11 9 drone
1767 1 1392 691 11 9 drone
1768 1 1395 691 11 9 drone
1769 1 1397 691 11 9 drone
1770 1 1400 691 11 9 drone
1771 1 1402 691 11 9 drone
1772 1 1405 691 11 9 drone
1773 1 1407 691 12 9 drone
1774 1 1409 691 12 9 drone
1775 1 1412 691 12 9 drone
1776 1 1414 691 12 9 drone
1777 1 1417 691 12 9 drone
1778 1 1419 691 12 9 drone
1779 1 1421 691 12 9 drone
1780 1 1422 691 12 9 drone
1781 1 1424 690 12 9 drone
1782 1 1425 690 12 9 drone
1783 1 1427 690 12 10 drone
1784 1 1429 690 11 10 drone
1785 1 1430 690 11 10 drone
1786 1 1432 689 11 10 drone
1787 1 1433 689 11 10 drone
1788 1 1435 689 11 10 drone
1789 1 1436 689 11 10 drone
1790 1 1437 689 11 10 drone
1791 1 1437 689 11 9 drone
1792 1 1438 689 11 9 drone
1793 1 1439 688 10 9 drone
1794 1 1440 688 10 9 drone
1795 1 1441 688 10 9 drone
1796 1 1441 688 10 8 drone
1797 1 1442 688 10 8 drone
1798 1 1443 688 10 8 drone
1799 1 1443 688 10 8 drone
1800 1 1443 687 10 8 drone
1801 1 1444 687 10 8 drone
1802 1 1444 687 10 8 drone
1803 1 1444 686 10 8 drone
1804 1 1444 686 9 8 drone
1805 1 1444 686 9 8 drone
1806 1 1445 686 9 8 drone
1807 1 1445 685 9 8 drone
1808 1 1445 685 9 8 drone
1809 1 1445 685 9 8 drone
1810 1 1444 684 9 8 drone
1811 1 1444 684 9 8 drone
1812 1 1444 684 9 8 drone
1813 1 1444 684 10 8 drone
1814 1 1443 683 10 9 drone
1815 1 1443 683 10 9 drone
1816 1 1443 683 10 9 drone
1817 1 1442 682 10 9 drone
1818 1 1442 682 10 9 drone
1819 1 1441 682 10 9 drone
1820 1 1439 682 10 9 drone
1821 1 1438 682 10 9 drone
1822 1 1437 682 10 9 drone
1823 1 1436 682 10 9 drone
1824 1 1434 681 10 9 drone
1825 1 1433 681 10 9 drone
1826 1 1432 681 10 9 drone
1827 1 1430 681 10 9 drone
1828 1 1429 681 10 9 drone
1829 1 1427 681 10 9 drone
1830 1 1425 681 10 9 drone
1831 1 1423 681 10 9 drone
1832 1 1421 681 10 9 drone
1833 1 1419 681 10 10 drone
1834 1 1417 681 11 10 drone
1835 1 1415 681 11 10 drone
1836 1 1413 681 11 10 drone
1837 1 1411 681 11 10 drone
1838 1 1409 681 11 10 drone
1839 1 1406 681 11 10 drone
1840 1 1404 681 10 10 drone
1841 1 1401 681 10 9 drone
1842 1 1399 681 9 9 drone
1843 1 1396 680 9 9 drone
1844 1 1393 680 9 9 drone
1845 1 1391 680 8 9 drone
1846 1 1388 680 8 8 drone
1847 1 1386 680 7 8 drone
1848 1 1383 680 7 8 drone
1849 1 1379 680 7 8 drone
1850 1 1375 680 7 8 drone
1851 1 1372 679 8 8 drone
1852 1 1368 679 8 8 drone
1853 1 1364 679 8 8 drone
1854 1 1360 679 8 7 drone
1855 1 1356 679 8 7 drone
1856 1 1353 678 9 7 drone
1857 1 1349 678 9 7 drone
1858 1 1345 678 9 7 drone
1859 1 1341 678 9 7 drone
1860 1 1337 678 9 7 drone
1861 1 1333 677 9 6 drone
1862 1 1329 677 9 6 drone
1863 1 1324 677 9 6 drone
1864 1 1320 677 9 6 drone
1865 1 1316 677 9 6 drone
1866 1 1312 676 9 5 drone
1867 1 1308 676 9 5 drone
1868 1 1304 676 9 5 drone
1869 1 1299 675 9 5 drone
1870 1 1294 675 9 5 drone
1871 1 1289 674 9 6 drone
1872 1 1284 673 9 6 drone
1873 1 1278 672 9 6 drone
1874 1 1273 672 9 6 drone
1875 1 1268 671 9 6 drone
1876 1 1263 670 9 7 drone
1877 1 1258 670 9 7 drone
1878 1 1253 669 9 7 drone
1879 1 1248 668 9 7 drone
1880 1 1242 666 8 7 drone
1881 1 1237 665 8 7 drone
1882 1 1232 663 8 7 drone
1883 1 1226 662 8 7 drone
1884 1 1221 661 7 7 drone
1885 1 1216 659 7 7 drone
1886 1 1211 658 7 7 drone
1887 1 1205 656 6 7 drone
1888 1 1200 655 6 7 drone
1889 1 1194 654 6 7 drone
1890 1 1188 653 6 7 drone
1891 1 1182 652 6 6 drone
1892 1 1176 651 6 6 drone
1893 1 1170 650 6 6 drone
1894 1 1165 648 6 6 drone
1895 1 1159 647 6 6 drone
1896 1 1153 646 6 5 drone
1897 1 1147 645 6 5 drone
1898 1 1141 644 6 5 drone
1899 1 1135 643 6 5 drone
1900 1 1129 643 6 5 drone
1901 1 1123 642 7 6 drone
1902 1 1117 641 7 6 drone
1903 1 1111 640 7 6 drone
1904 1 1105 640 7 6 drone
1905 1 1099 639 7 6 drone
1906 1 1093 638 8 7 drone
1907 1 1087 638 8 7 drone
1908 1 1081 637 8 7 drone
1909 1 1075 637 8 7 drone
1910 1 1069 637 7 7 drone
1911 1 1063 637 7 6 drone
1912 1 1057 637 7 6 drone
1913 1 1050 636 6 6 drone
1914 1 1044 636 6 6 drone
1915 1 1038 636 6 6 drone
1916 1 1032 636 6 5 drone
1917 1 1026 636 5 5 drone
1918 1 1020 636 5 5 drone
1919 1 1014 636 5 5 drone
1920 1 1008 636 5 5 drone
1921 1 1002 636 5 5 drone
1922 1 996 636 5 5 drone
1923 1 990 636 6 5 drone
1924 1 984 635 6 5 drone
1925 1 978 635 6 5 drone
1926 1 972 635 6 5 drone
1927 1 966 635 6 5 drone
1928 1 960 635 6 5 drone
1929 1 954 635 6 5 drone
1930 1 948 634 6 5 drone
1931 1 942 634 6 5 drone
1932 1 936 634 6 5 drone
1933 1 930 634 6 6 drone
1934 1 924 633 6 6 drone
1935 1 918 633 6 6 drone
1936 1 912 633 6 6 drone
1937 1 906 632 6 6 drone
1938 1 900 632 6 6 drone
1939 1 894 632 6 6 drone
1940 1 888 632 7 6 drone
1941 1 882 632 7 6 drone
1942 1 876 632 8 6 drone
1943 1 870 632 8 6 drone
1944 1 864 633 8 6 drone
1945 1 858 633 9 6 drone
1946 1 852 633 9 6 drone
1947 1 846 633 10 6 drone
1948 1 840 633 10 6 drone
1949 1 834 633 10 6 drone
1950 1 829 633 9 6 drone
1951 1 823 633 9 6 drone
1952 1 817 633 9 6 drone
1953 1 812 633 8 6 drone
1954 1 806 633 8 6 drone
1955 1 800 633 8 6 drone
1956 1 794 633 8 6 drone
1957 1 789 633 7 6 drone
1958 1 783 633 7 6 drone
1959 1 778 633 7 6 drone
1960 1 772 633 7 6 drone
1961 1 767 632 7 6 drone
1962 1 762 632 7 6 drone
1963 1 756 632 8 6 drone
1964 1 751 632 8 6 drone
1965 1 746 632 8 6 drone
1966 1 741 631 8 6 drone
1967 1 735 631 8 6 drone
1968 1 730 631 8 6 drone
1969 1 725 631 8 6 drone
1970 1 720 630 8 6 drone
1971 1 716 630 9 6 drone
1972 1 711 629 9 6 drone
1973 1 706 629 9 6 drone
1974 1 701 629 9 6 drone
1975 1 696 628 9 6 drone
1976 1 692 628 10 6 drone
1977 1 687 627 10 6 drone
1978 1 682 627 10 6 drone
1979 1 678 626 10 6 drone
1980 1 674 625 10 6 drone
1981 1 671 624 9 6 drone
1982 1 667 623 9 6 drone
1983 1 663 622 9 6 drone
1984 1 659 621 9 7 drone
1985 1 655 620 9 7 drone
1986 1 652 619 8 7 drone
1987 1 648 618 8 7 drone
1988 1 644 617 8 7 drone
1989 1 641 616 8 7 drone
1990 1 638 615 8 7 drone
1991 1 636 614 8 6 drone
1992 1 633 613 8 6 drone
1993 1 630 612 8 6 drone
1994 1 627 612 7 6 drone
1995 1 624 611 7 6 drone
1996 1 622 610 7 5 drone
1997 1 619 609 7 5 drone
1998 1 616 608 7 5 drone
1999 1 614 607 7 5 drone
2000 1 612 606 7 5 drone
2001 1 610 606 6 6 drone
2002 1 608 605 6 6 drone
2003 1 606 604 6 6 drone
2004 1 604 603 6 6 drone
2005 1 602 602 6 6 drone
2006 1 600 602 5 7 drone
2007 1 598 601 5 7 drone
2008 1 596 600 5 7 drone
2009 1 595 600 5 7 drone
2010 1 594 599 5 7 drone
2011 1 593 599 5 6 drone
2012 1 592 599 5 6 drone
2013 1 590 598 6 6 drone
2014 1 589 598 6 6 drone
2015 1 588 598 6 6 drone
2016 1 587 598 6 5 drone
2017 1 586 597 6 5 drone
2018 1 585 597 6 5 drone
2019 1 585 597 6 5 drone
2020 1 584 597 6 5 drone
2021 1 584 597 6 5 drone
2022 1 584 597 6 5 drone
2023 1 584 597 6 5 drone
2024 1 583 597 5 5 drone
2025 1 583 597 5 5 drone
2026 1 583 597 5 5 drone
2027 1 582 597 5 5 drone
2028 1 582 597 5 5 drone
2029 1 583 597 5 5 drone
2030 1 583 597 5 5 drone
2031 1 584 597 5 5 drone
2032 1 584 597 5 5 drone
2033 1 585 597 6 6 drone
2034 1 586 597 6 6 drone
2035 1 586 597 6 6 drone
2036 1 587 597 6 6 drone
2037 1 587 597 6 6 drone
2038 1 588 597 6 6 drone
2039 1 589 597 6 6 drone
2040 1 591 597 6 6 drone
2041 1 592 598 6 6 drone
2042 1 594 598 6 6 drone
2043 1 595 598 6 6 drone
2044 1 596 598 5 5 drone
2045 1 598 598 5 5 drone
2046 1 599 599 5 5 drone
2047 1 601 599 5 5 drone
2048 1 602 599 5 5 drone
2049 1 604 599 5 5 drone
2050 1 605 599 5 5 drone
2051 1 607 599 5 5 drone
2052 1 609 599 5 5 drone
2053 1 610 599 5 5 drone
2054 1 612 599 5 5 drone
2055 1 614 599 5 5 drone
2056 1 616 599 5 5 drone
2057 1 617 599 5 5 drone
2058 1 619 599 5 5 drone
2059 1 620 599 5 5 drone
2060 1 622 599 5 5 drone
2061 1 624 598 5 5 drone
2062 1 625 598 5 5 drone
2063 1 626 598 6 5 drone
2064 1 628 598 6 5 drone
2065 1 630 598 6 5 drone
2066 1 631 597 6 5 drone
2067 1 632 597 6 5 drone
2068 1 634 597 6 5 drone
2069 1 635 596 6 5 drone
2070 1 636 595 6 5 drone
2071 1 637 594 6 5 drone
2072 1 638 593 6 5 drone
2073 1 640 592 6 5 drone
2074 1 641 592 7 5 drone
2075 1 642 591 7 5 drone
2076 1 643 590 7 5 drone
2077 1 644 589 7 5 drone
2078 1 645 588 7 5 drone
2079 1 646 586 7 5 drone
2080 1 646 584 7 5 drone
2081 1 647 583 6 6 drone
2082 1 648 581 6 6 drone
2083 1 648 579 6 6 drone
2084 1 649 577 6 6 drone
2085 1 650 575 6 6 drone
2086 1 651 574 5 7 drone
2087 1 651 572 5 7 drone
2088 1 652 570 5 7 drone
2089 1 653 568 5 7 drone
2090 1 654 566 5 7 drone
2091 1 655 563 5 7 drone
2092 1 656 561 5 7 drone
2093 1 655 559 6 6 drone
2094 1 656 557 6 6 drone
2095 1 656 554 6 6 drone
2096 1 658 552 6 6 drone
2097 1 659 550 6 6 drone
2098 1 661 548 6 6 drone
2099 1 663 546 6 6 drone
2100 1 664 543 6 6 drone
2101 1 666 541 6 5 drone
2102 1 668 538 6 5 drone
2103 1 670 536 6 5 drone
2104 1 671 534 7 5 drone
2105 1 673 531 7 5 drone
2106 1 675 529 7 4 drone
2107 1 676 526 7 4 drone
2108 1 678 524 7 4 drone
2109 1 681 521 7 4 drone
2110 1 683 519 6 4 drone
2111 1 686 516 6 4 drone
2112 1 688 514 6 4 drone
2113 1 691 511 6 4 drone
2114 1 694 508 5 5 drone
2115 1 696 506 5 5 drone
2116 1 699 503 5 5 drone
2117 1 701 501 4 5 drone
2118 1 704 498 4 5 drone
2119 1 707 495 4 5 drone
2120 1 710 493 5 5 drone
2121 1 713 490 5 5 drone
2122 1 716 488 5 5 drone
2123 1 720 485 6 4 drone
2124 1 723 482 6 4 drone
2125 1 726 480 6 4 drone
2126 1 729 477 6 4 drone
2127 1 732 475 7 4 drone
2128 1 735 472 7 4 drone
2129 1 739 469 7 4 drone
2130 1 742 467 7 4 drone
2131 1 746 464 7 4 drone
2132 1 750 462 7 4 drone
2133 1 754 459 6 4 drone
2134 1 757 456 6 5 drone
2135 1 761 454 6 5 drone
2136 1 765 451 6 5 drone
2137 1 768 449 6 5 drone
2138 1 772 446 6 5 drone
2139 1 776 443 6 5 drone
2140 1 780 441 6 5 drone
2141 1 784 438 6 5 drone
2142 1 788 435 6 5 drone
2143 1 792 432 6 4 drone
2144 1 797 430 6 4 drone
2145 1 801 427 6 4 drone
2146 1 805 424 6 4 drone
2147 1 809 422 6 4 drone
2148 1 813 419 6 4 drone
2149 1 818 416 6 4 drone
2150 1 822 413 6 4 drone
2151 1 827 411 6 4 drone
2152 1 832 408 6 4 drone
2153 1 836 405 6 4 drone
2154 1 841 402 5 5 drone
2155 1 846 399 5 5 drone
2156 1 851 397 5 5 drone
2157 1 855 394 5 5 drone
2158 1 860 391 5 5 drone
2159 1 865 388 5 5 drone
2160 1 870 385 5 5 drone
2161 1 875 382 5 5 drone
2162 1 880 379 5 5 drone
2163 1 885 376 5 6 drone
2164 1 890 374 5 6 drone
2165 1 895 371 5 6 drone
2166 1 900 368 5 6 drone
2167 1 905 365 5 6 drone
2168 1 910 362 5 6 drone
2169 1 915 359 5 6 drone
2170 1 921 356 5 6 drone
2171 1 926 353 5 6 drone
2172 1 932 350 5 6 drone
2173 1 937 348 5 6 drone
2174 1 942 345 5 6 drone
2175 1 948 342 5 6 drone
2176 1 953 339 5 6 drone
2177 1 959 336 5 6 drone
2178 1 964 333 5 6 drone
2179 1 970 330 5 6 drone
2180 1 975 328 5 6 drone
2181 1 981 326 5 6 drone
2182 1 987 323 5 6 drone
2183 1 992 320 4 6 drone
2184 1 998 318 4 6 drone
2185 1 1004 316 4 6 drone
2186 1 1010 313 4 6 drone
2187 1 1015 310 4 6 drone
2188 1 1021 308 4 6 drone
2189 1 1027 306 4 6 drone
2190 1 1033 304 4 6 drone
2191 1 1039 303 4 6 drone
2192 1 1045 301 4 6 drone
2193 1 1050 299 4 6 drone
2194 1 1056 297 4 6 drone
2195 1 1062 295 4 6 drone
2196 1 1068 294 4 6 drone
2197 1 1074 292 4 6 drone
2198 1 1080 290 4 6 drone
2199 1 1086 288 4 6 drone
2200 1 1092 287 4 6 drone
2201 1 1098 286 4 6 drone
2202 1 1104 284 4 6 drone
2203 1 1110 282 4 6 drone
2204 1 1115 281 4 5 drone
2205 1 1121 280 4 5 drone
2206 1 1127 278 4 5 drone
2207 1 1133 276 4 5 drone
2208 1 1139 275 4 5 drone
2209 1 1144 274 4 5 drone
2210 1 1150 273 4 5 drone
2211 1 1156 271 4 5 drone
2212 1 1161 270 4 5 drone
2213 1 1166 269 4 4 drone
2214 1 1172 268 5 4 drone
2215 1 1178 267 5 4 drone
2216 1 1183 265 5 4 drone
2217 1 1188 264 5 4 drone
2218 1 1194 263 5 4 drone
2219 1 1198 262 5 4 drone
2220 1 1203 261 5 4 drone
2221 1 1207 260 5 4 drone
2222 1 1212 259 5 4 drone
2223 1 1216 258 4 4 drone
2224 1 1220 257 4 5 drone
2225 1 1225 256 4 5 drone
2226 1 1229 255 4 5 drone
2227 1 1234 254 4 5 drone
2228 1 1238 253 4 5 drone
2229 1 1242 252 4 5 drone
2230 1 1245 252 4 5 drone
2231 1 1249 251 4 5 drone
2232 1 1252 251 4 5 drone
2233 1 1256 250 4 5 drone
2234 1 1260 249 4 5 drone
2235 1 1263 249 4 5 drone
2236 1 1267 248 4 5 drone
2237 1 1270 248 4 5 drone
2238 1 1274 247 4 5 drone
2239 1 1277 247 4 5 drone
2240 1 1280 247 4 5 drone
2241 1 1282 247 4 5 drone
2242 1 1285 247 4 5 drone
2243 1 1288 246 4 6 drone
2244 1 1291 246 5 6 drone
2245 1 1294 246 5 6 drone
2246 1 1296 246 5 6 drone
2247 1 1299 246 5 6 drone
2248 1 1302 246 5 6 drone
2249 1 1304 246 5 6 drone
2250 1 1306 246 5 6 drone
2251 1 1307 246 5 6 drone
2252 1 1309 246 5 6 drone
2253 1 1311 246 5 6 drone
2254 1 1313 245 5 5 drone
2255 1 1315 245 5 5 drone
2256 1 1316 245 5 5 drone
2257 1 1318 245 5 5 drone
2258 1 1320 245 5 5 drone
2259 1 1322 245 5 5 drone
2260 1 1323 245 5 5 drone
2261 1 1325 246 6 5 drone
2262 1 1327 246 6 5 drone
2263 1 1328 246 6 5 drone
2264 1 1330 246 6 5 drone
2265 1 1332 246 6 5 drone
2266 1 1334 247 7 5 drone
2267 1 1335 247 7 5 drone
2268 1 1337 247 7 5 drone
2269 1 1338 247 7 5 drone
2270 1 1340 248 7 5 drone
2271 1 1342 248 7 5 drone
2272 1 1343 249 7 5 drone
2273 1 1344 249 6 5 drone
2274 1 1346 249 6 5 drone
2275 1 1348 250 6 5 drone
2276 1 1349 250 6 5 drone
2277 1 1350 251 6 5 drone
2278 1 1352 251 6 5 drone
2279 1 1353 251 6 5 drone
2280 1 1354 251 6 5 drone
2281 1 1355 252 6 5 drone
2282 1 1356 252 6 5 drone
2283 1 1356 252 6 6 drone
2284 1 1357 252 6 6 drone
2285 1 1358 252 6 6 drone
2286 1 1359 253 6 6 drone
2287 1 1360 253 6 6 drone
2288 1 1361 253 6 6 drone
2289 1 1362 253 6 6 drone
2290 1 1362 254 6 6 drone
2291 1 1362 254 6 6 drone
2292 1 1363 254 6 6 drone
2293 1 1364 254 6 6 drone
2294 1 1364 255 6 5 drone
2295 1 1364 255 6 5 drone
2296 1 1365 255 6 5 drone
2297 1 1366 256 6 5 drone
2298 1 1366 256 6 5 drone
2299 1 1366 256 6 5 drone
2300 1 1367 256 6 5 drone
2301 1 1367 257 6 5 drone
2302 1 1367 257 6 5 drone
2303 1 1368 257 6 6 drone
2304 1 1368 257 7 6 drone
2305 1 1368 257 7 6 drone
2306 1 1368 258 7 6 drone
2307 1 1369 258 7 6 drone
2308 1 1369 258 7 6 drone
2309 1 1369 258 7 6 drone
2310 1 1370 258 7 6 drone
2311 1 1370 258 7 6 drone
2312 1 1370 258 7 6 drone
2313 1 1370 258 6 6 drone
2314 1 1371 259 6 6 drone
2315 1 1371 259 6 6 drone
2316 1 1371 259 6 6 drone
2317 1 1372 259 6 6 drone
2318 1 1372 259 6 6 drone
2319 1 1372 259 6 6 drone
2320 1 1373 260 6 6 drone
2321 1 1373 260 6 6 drone
2322 1 1373 260 6 6 drone
2323 1 1374 260 6 6 drone
2324 1 1374 261 6 6 drone
2325 1 1374 261 6 6 drone
2326 1 1374 261 6 6 drone
2327 1 1375 262 6 6 drone
2328 1 1375 262 6 6 drone
2329 1 1375 262 6 6 drone
2330 1 1375 262 6 6 drone
2331 1 1375 263 6 6 drone
2332 1 1375 263 6 6 drone
2333 1 1376 263 6 6 drone
2334 1 1376 263 7 6 drone
2335 1 1376 263 7 6 drone
2336 1 1376 264 7 6 drone
2337 1 1376 264 7 6 drone
2338 1 1376 264 7 6 drone
2339 1 1376 264 7 6 drone
2340 1 1376 265 7 6 drone
2341 1 1376 265 6 6 drone
2342 1 1376 266 6 6 drone
2343 1 1376 266 6 6 drone
2344 1 1377 266 6 5 drone
2345 1 1377 267 6 5 drone
2346 1 1377 267 5 5 drone
2347 1 1377 268 5 5 drone
2348 1 1377 268 5 5 drone
2349 1 1377 268 5 5 drone
2350 1 1377 269 5 5 drone
2351 1 1377 269 5 5 drone
2352 1 1377 270 5 5 drone
2353 1 1377 270 5 5 drone
2354 1 1377 270 5 5 drone
2355 1 1377 271 5 5 drone
2356 1 1377 271 5 5 drone
2357 1 1377 272 5 5 drone
2358 1 1377 272 5 5 drone
2359 1 1377 272 5 5 drone
2360 1 1377 273 5 5 drone
2361 1 1376 273 5 5 drone
2362 1 1376 273 5 5 drone
2363 1 1376 274 5 5 drone
2364 1 1376 274 5 5 drone
2365 1 1376 274 5 5 drone
2366 1 1375 274 5 5 drone
2367 1 1375 275 5 5 drone
2368 1 1375 275 5 5 drone
2369 1 1375 275 5 5 drone
2370 1 1375 276 5 5 drone
2371 1 1375 276 5 5 drone
2372 1 1375 277 5 5 drone
2373 1 1374 277 5 5 drone
2374 1 1374 277 5 5 drone
2375 1 1374 278 5 5 drone
2376 1 1374 278 5 5 drone
2377 1 1374 279 5 5 drone
2378 1 1374 279 5 5 drone
2379 1 1374 279 5 5 drone
2380 1 1374 280 5 5 drone
2381 1 1373 280 5 5 drone
2382 1 1373 280 5 5 drone
2383 1 1373 280 4 5 drone
2384 1 1373 281 4 5 drone
2385 1 1373 281 4 5 drone
2386 1 1372 281 4 5 drone
2387 1 1372 282 4 5 drone
2388 1 1372 282 4 5 drone
2389 1 1372 282 4 5 drone
2390 1 1372 283 4 5 drone
2391 1 1371 283 4 5 drone
2392 1 1371 284 4 5 drone
2393 1 1371 284 4 5 drone
2394 1 1371 284 5 5 drone
2395 1 1371 285 5 5 drone
2396 1 1370 285 5 5 drone
2397 1 1370 286 5 5 drone
2398 1 1370 286 5 5 drone
2399 1 1370 286 5 5 drone
2400 1 1369 287 5 5 drone
2401 1 1369 287 5 5 drone
2402 1 1369 287 5 5 drone
2403 1 1368 288 4 5 drone
2404 1 1368 288 4 5 drone
2405 1 1368 288 4 5 drone
2406 1 1368 288 4 5 drone
2407 1 1367 289 4 5 drone
2408 1 1367 289 4 5 drone
2409 1 1367 289 4 5 drone
2410 1 1366 289 4 5 drone
2411 1 1366 289 4 5 drone
2412 1 1366 289 4 5 drone
2413 1 1366 290 4 5 drone
2414 1 1365 290 5 5 drone
2415 1 1365 290 5 5 drone
2416 1 1365 290 5 5 drone
2417 1 1364 290 5 5 drone
2418 1 1364 290 5 5 drone
2419 1 1364 290 5 5 drone
2420 1 1364 290 5 5 drone
2421 1 1363 290 5 5 drone
2422 1 1363 290 5 5 drone
2423 1 1363 290 6 5 drone
2424 1 1363 291 6 5 drone
2425 1 1363 291 6 5 drone
2426 1 1362 291 6 5 drone
2427 1 1362 291 6 5 drone
2428 1 1362 291 6 5 drone
2429 1 1362 291 6 5 drone
2430 1 1362 291 6 5 drone
2431 1 1361 291 6 5 drone
2432 1 1361 291 6 5 drone
2433 1 1361 291 6 6 drone
2434 1 1361 291 5 6 drone
2435 1 1361 291 5 6 drone
2436 1 1360 291 5 6 drone
2437 1 1360 291 5 6 drone
2438 1 1360 291 5 6 drone
2439 1 1360 291 5 6 drone
2440 1 1360 291 5 6 drone
2441 1 1360 292 5 5 drone
2442 1 1360 292 5 5 drone
2443 1 1360 292 5 5 drone
2444 1 1361 292 5 5 drone
2445 1 1361 292 5 5 drone
2446 1 1361 293 5 4 drone
2447 1 1361 293 5 4 drone
2448 1 1361 293 5 4 drone
2449 1 1362 293 5 4 drone
2450 1 1362 293 5 4 drone
2451 1 1362 293 5 4 drone
2452 1 1363 293 5 4 drone
2453 1 1364 293 6 4 drone
2454 1 1364 293 6 5 drone
2455 1 1364 293 6 5 drone
2456 1 1365 293 6 5 drone
2457 1 1366 293 6 5 drone
2458 1 1366 293 6 5 drone
2459 1 1367 293 6 5 drone
2460 1 1368 293 6 5 drone
2461 1 1369 293 6 5 drone
2462 1 1370 293 6 5 drone
2463 1 1371 293 6 5 drone
2464 1 1372 293 6 5 drone
2465 1 1373 293 6 5 drone
2466 1 1374 293 6 5 drone
2467 1 1375 293 6 5 drone
2468 1 1376 293 6 5 drone
2469 1 1377 293 6 5 drone
2470 1 1379 293 6 5 drone
2471 1 1380 293 6 5 drone
2472 1 1381 293 6 5 drone
2473 1 1382 293 6 4 drone
2474 1 1384 293 5 4 drone
2475 1 1385 293 5 4 drone
2476 1 1386 293 5 4 drone
2477 1 1388 293 5 4 drone
2478 1 1389 293 5 4 drone
2479 1 1390 293 5 4 drone
2480 1 1392 293 5 4 drone
2481 1 1393 292 5 5 drone
2482 1 1394 292 5 5 drone
2483 1 1396 292 5 5 drone
2484 1 1397 292 5 5 drone
2485 1 1398 292 5 5 drone
2486 1 1399 291 5 6 drone
2487 1 1401 291 5 6 drone
2488 1 1402 291 5 6 drone
2489 1 1403 291 5 6 drone
2490 1 1405 291 5 6 drone
2491 1 1406 291 5 6 drone
2492 1 1407 291 5 6 drone
2493 1 1408 290 5 6 drone
2494 1 1410 290 5 5 drone
2495 1 1411 290 5 5 drone
2496 1 1412 290 5 5 drone
2497 1 1414 290 5 5 drone
2498 1 1415 290 5 5 drone
2499 1 1416 290 5 5 drone
2500 1 1417 290 5 5 drone
2501 1 1419 290 5 5 drone
2502 1 1420 290 5 5 drone
2503 1 1421 290 5 5 drone
2504 1 1422 289 5 5 drone
2505 1 1423 289 5 5 drone
2506 1 1425 289 5 5 drone
2507 1 1426 289 5 5 drone
2508 1 1427 289 5 5 drone
2509 1 1428 289 5 5 drone
2510 1 1428 289 5 5 drone
2511 1 1429 290 5 5 drone
2512 1 1430 290 5 5 drone
2513 1 1430 290 6 5 drone
2514 1 1431 290 6 5 drone
2515 1 1432 290 6 5 drone
2516 1 1433 291 6 5 drone
2517 1 1433 291 6 5 drone
2518 1 1434 291 6 5 drone
2519 1 1435 292 6 5 drone
2520 1 1435 293 6 5 drone
2521 1 1436 293 5 5 drone
2522 1 1436 294 5 5 drone
2523 1 1437 295 5 5 drone
2524 1 1438 296 5 5 drone
2525 1 1438 297 5 5 drone
2526 1 1439 297 4 5 drone
2527 1 1439 298 4 5 drone
2528 1 1440 299 4 5 drone
2529 1 1440 300 4 5 drone
2530 1 1440 301 4 5 drone
2531 1 1440 302 4 5 drone
2532 1 1440 303 4 5 drone
2533 1 1440 304 4 5 drone
2534 1 1440 306 5 5 drone
2535 1 1440 307 5 5 drone
2536 1 1440 308 5 5 drone
2537 1 1440 309 5 5 drone
2538 1 1440 310 5 5 drone
2539 1 1440 311 5 5 drone
2540 1 1439 312 5 5 drone
2541 1 1439 314 5 5 drone
2542 1 1438 315 5 5 drone
2543 1 1438 316 6 5 drone
2544 1 1438 317 6 5 drone
2545 1 1437 318 6 5 drone
2546 1 1437 320 6 5 drone
2547 1 1436 321 6 5 drone
2548 1 1436 322 6 5 drone
2549 1 1435 323 6 5 drone
2550 1 1435 324 6 5 drone
2551 1 1434 325 6 5 drone
2552 1 1434 326 6 5 drone
2553 1 1433 327 6 4 drone
2554 1 1432 328 6 4 drone
2555 1 1432 329 6 4 drone
2556 1 1431 330 6 4 drone
2557 1 1431 331 6 4 drone
2558 1 1430 332 6 4 drone
2559 1 1429 333 6 4 drone
2560 1 1428 334 6 4 drone
2561 1 1426 336 6 4 drone
2562 1 1425 337 6 4 drone
2563 1 1424 338 6 4 drone
2564 1 1423 339 5 4 drone
2565 1 1422 340 5 4 drone
2566 1 1420 342 5 4 drone
2567 1 1419 343 5 4 drone
2568 1 1418 344 5 4 drone
2569 1 1416 345 5 4 drone
2570 1 1415 346 5 4 drone
2571 1 1413 347 5 4 drone
2572 1 1412 348 5 4 drone
2573 1 1410 349 6 4 drone
2574 1 1408 350 6 5 drone
2575 1 1407 351 6 5 drone
2576 1 1405 352 6 5 drone
2577 1 1404 353 6 5 drone
2578 1 1402 354 6 5 drone
2579 1 1400 355 6 5 drone
2580 1 1398 356 6 5 drone
2581 1 1396 357 6 5 drone
2582 1 1394 358 6 5 drone
2583 1 1392 360 6 5 drone
2584 1 1389 361 6 5 drone
2585 1 1387 362 6 5 drone
2586 1 1385 363 6 5 drone
2587 1 1383 364 6 5 drone
2588 1 1381 365 6 5 drone
2589 1 1379 366 6 5 drone
2590 1 1376 367 6 5 drone
2591 1 1374 368 6 5 drone
2592 1 1371 369 6 5 drone
2593 1 1369 370 6 5 drone
2594 1 1367 372 5 5 drone
2595 1 1364 373 5 5 drone
2596 1 1362 374 5 5 drone
2597 1 1359 375 5 5 drone
2598 1 1357 376 5 5 drone
2599 1 1354 377 5 5 drone
2600 1 1350 377 5 5 drone
2601 1 1347 378 5 5 drone
2602 1 1344 379 5 5 drone
2603 1 1340 380 6 5 drone
2604 1 1337 380 6 5 drone
2605 1 1334 381 6 5 drone
2606 1 1331 382 6 5 drone
2607 1 1327 382 6 5 drone
2608 1 1324 383 6 5 drone
2609 1 1320 383 6 5 drone
2610 1 1316 383 6 5 drone
2611 1 1313 382 6 5 drone
2612 1 1309 382 6 5 drone
2613 1 1305 382 6 5 drone
2614 1 1301 382 7 5 drone
2615 1 1297 382 7 5 drone
2616 1 1294 381 7 5 drone
2617 1 1290 381 7 5 drone
2618 1 1286 381 7 5 drone
2619 1 1282 380 7 5 drone
2620 1 1278 379 7 5 drone
2621 1 1273 378 7 5 drone
2622 1 1269 377 7 5 drone
2623 1 1265 376 6 6 drone
2624 1 1261 376 6 6 drone
2625 1 1257 375 6 6 drone
2626 1 1252 374 6 6 drone
2627 1 1248 373 6 6 drone
2628 1 1244 372 6 6 drone
2629 1 1239 372 6 6 drone
2630 1 1235 371 6 6 drone
2631 1 1230 370 6 6 drone
2632 1 1225 370 6 6 drone
2633 1 1220 370 6 6 drone
2634 1 1216 369 6 5 drone
2635 1 1211 368 6 5 drone
2636 1 1206 368 6 5 drone
2637 1 1202 368 6 5 drone
2638 1 1197 367 6 5 drone
2639 1 1192 367 6 5 drone
2640 1 1187 367 6 5 drone
2641 1 1182 367 7 5 drone
2642 1 1177 367 7 5 drone
2643 1 1172 366 7 6 drone
2644 1 1167 366 7 6 drone
2645 1 1162 366 7 6 drone
2646 1 1157 366 8 6 drone
2647 1 1152 366 8 6 drone
2648 1 1147 366 8 6 drone
2649 1 1142 366 8 6 drone
2650 1 1138 366 8 6 drone
2651 1 1134 367 7 6 drone
2652 1 1129 367 7 6 drone
2653 1 1124 367 7 6 drone
2654 1 1120 367 7 5 drone
2655 1 1116 367 7 5 drone
2656 1 1111 368 6 5 drone
2657 1 1106 368 6 5 drone
2658 1 1102 368 6 5 drone
2659 1 1098 369 6 5 drone
2660 1 1093 370 6 5 drone
2661 1 1089 371 6 5 drone
2662 1 1085 372 6 5 drone
2663 1 1080 373 6 4 drone
2664 1 1076 374 5 4 drone
2665 1 1072 375 5 4 drone
2666 1 1068 376 5 4 drone
2667 1 1063 377 5 4 drone
2668 1 1059 378 5 4 drone
2669 1 1055 379 5 4 drone
2670 1 1051 380 5 4 drone
2671 1 1047 381 5 4 drone
2672 1 1043 382 5 4 drone
2673 1 1039 384 6 4 drone
2674 1 1035 385 6 5 drone
2675 1 1031 386 6 5 drone
2676 1 1027 387 6 5 drone
2677 1 1023 388 6 5 drone
2678 1 1019 389 6 5 drone
2679 1 1015 390 6 5 drone
2680 1 1012 391 6 5 drone
2681 1 1008 393 6 5 drone
2682 1 1004 394 6 5 drone
2683 1 1000 395 6 6 drone
2684 1 997 396 5 6 drone
2685 1 993 397 5 6 drone
2686 1 989 399 5 6 drone
2687 1 986 400 5 6 drone
2688 1 982 401 5 6 drone
2689 1 978 402 5 6 drone
2690 1 975 402 5 6 drone
2691 1 971 403 5 6 drone
2692 1 967 404 5 6 drone
2693 1 964 404 5 6 drone
2694 1 960 405 5 6 drone
2695 1 956 406 5 6 drone
2696 1 952 407 5 6 drone
2697 1 949 407 5 6 drone
2698 1 945 408 5 6 drone
2699 1 941 409 5 6 drone
2700 1 938 409 5 6 drone
2701 1 934 410 5 6 drone
2702 1 930 411 5 6 drone
2703 1 926 412 5 6 drone
2704 1 923 412 5 5 drone
2705 1 919 413 5 5 drone
2706 1 915 414 5 5 drone
2707 1 912 414 5 5 drone
2708 1 908 415 5 5 drone
2709 1 904 415 5 5 drone
2710 1 900 416 5 5 drone
2711 1 896 416 5 5 drone
2712 1 892 417 5 5 drone
2713 1 888 417 5 5 drone
2714 1 884 417 5 5 drone
2715 1 880 418 5 5 drone
2716 1 876 418 5 5 drone
2717 1 872 419 5 5 drone
2718 1 868 419 5 5 drone
2719 1 864 419 5 5 drone
2720 1 860 419 6 5 drone
2721 1 856 419 6 5 drone
2722 1 852 419 6 5 drone
2723 1 848 420 6 5 drone
2724 1 843 420 7 5 drone
2725 1 839 420 7 5 drone
2726 1 835 420 7 5 drone
2727 1 831 420 8 5 drone
2728 1 827 420 8 5 drone
2729 1 823 420 8 5 drone
2730 1 819 420 8 5 drone
2731 1 815 420 8 5 drone
2732 1 811 420 8 5 drone
2733 1 806 420 8 5 drone
2734 1 802 419 8 5 drone
2735 1 798 419 8 5 drone
2736 1 794 419 8 5 drone
2737 1 790 419 8 5 drone
2738 1 786 419 8 5 drone
2739 1 782 419 8 5 drone
2740 1 778 418 7 5 drone
2741 1 775 418 7 5 drone
2742 1 771 417 6 5 drone
2743 1 767 417 6 5 drone
2744 1 763 417 6 5 drone
2745 1 759 416 5 5 drone
2746 1 756 416 5 5 drone
2747 1 752 415 4 5 drone
2748 1 748 415 4 5 drone
2749 1 744 414 4 5 drone
2750 1 741 414 5 5 drone
2751 1 737 413 5 5 drone
2752 1 734 413 5 5 drone
2753 1 730 412 6 6 drone
2754 1 726 411 6 6 drone
2755 1 723 411 6 6 drone
2756 1 719 410 6 6 drone
2757 1 716 410 7 6 drone
2758 1 712 409 7 6 drone
2759 1 709 409 7 6 drone
2760 1 707 409 7 6 drone
2761 1 704 408 6 5 drone
2762 1 701 408 6 5 drone
2763 1 698 408 6 5 drone
2764 1 696 408 6 5 drone
2765 1 693 408 6 5 drone
2766 1 690 407 5 4 drone
2767 1 688 407 5 4 drone
2768 1 685 407 5 4 drone
2769 1 683 407 5 4 drone
2770 1 680 407 5 4 drone
2771 1 678 406 5 4 drone
2772 1 676 406 5 4 drone
2773 1 674 406 5 4 drone
2774 1 671 406 5 4 drone
2775 1 669 406 5 4 drone
2776 1 667 405 5 4 drone
2777 1 664 405 5 4 drone
2778 1 662 405 5 4 drone
2779 1 660 405 5 4 drone
2780 1 658 406 5 4 drone
2781 1 657 406 5 4 drone
2782 1 654 405 5 4 drone
2783 1 652 405 5 4 drone
2784 1 651 406 5 4 drone
2785 1 649 406 5 4 drone
2786 1 647 407 5 4 drone
2787 1 645 407 5 4 drone
2788 1 644 408 5 4 drone
2789 1 642 409 5 4 drone
2790 1 641 410 5 4 drone
2791 1 639 411 5 4 drone
2792 1 638 412 5 4 drone
2793 1 636 413 6 4 drone
2794 1 634 414 6 4 drone
2795 1 633 415 6 4 drone
2796 1 631 416 6 4 drone
2797 1 630 417 6 4 drone
2798 1 628 418 6 4 drone
2799 1 627 419 6 4 drone
2800 1 625 420 6 4 drone
2801 1 624 422 6 4 drone
2802 1 623 423 6 4 drone
2803 1 622 424 6 4 drone
2804 1 620 425 7 5 drone
2805 1 619 426 7 5 drone
2806 1 618 428 7 5 drone
2807 1 616 429 7 5 drone
2808 1 615 430 7 5 drone
2809 1 614 431 7 5 drone
2810 1 613 433 7 5 drone
2811 1 612 434 7 5 drone
2812 1 611 435 7 5 drone
2813 1 610 436 6 6 drone
2814 1 609 438 6 6 drone
2815 1 608 439 6 6 drone
2816 1 607 440 6 6 drone
2817 1 606 442 6 6 drone
2818 1 605 443 6 6 drone
2819 1 604 444 6 6 drone
2820 1 604 446 6 6 drone
2821 1 604 447 6 6 drone
2822 1 603 449 6 6 drone
2823 1 602 450 6 6 drone
2824 1 602 451 6 5 drone
2825 1 602 453 6 5 drone
2826 1 601 454 6 5 drone
2827 1 600 456 6 5 drone
2828 1 600 457 6 5 drone
2829 1 600 458 6 5 drone
2830 1 599 460 6 5 drone
2831 1 599 461 6 5 drone
2832 1 598 463 6 5 drone
2833 1 598 464 6 5 drone
2834 1 598 465 6 5 drone
2835 1 597 467 6 5 drone
2836 1 597 468 6 5 drone
2837 1 596 470 6 5 drone
2838 1 596 471 6 5 drone
2839 1 596 472 6 5 drone
2840 1 595 474 6 5 drone
2841 1 595 475 6 5 drone
2842 1 595 476 6 5 drone
2843 1 594 478 6 6 drone
2844 1 594 479 6 6 drone
2845 1 594 480 6 6 drone
2846 1 594 481 6 6 drone
2847 1 593 483 6 6 drone
2848 1 593 484 6 6 drone
2849 1 593 486 6 6 drone
2850 1 592 487 6 6 drone
2851 1 592 489 6 6 drone
2852 1 592 490 6 6 drone
2853 1 592 492 6 6 drone
2854 1 591 494 6 5 drone
2855 1 591 495 6 5 drone
2856 1 591 497 6 5 drone
2857 1 590 498 6 5 drone
2858 1 590 500 6 5 drone
2859 1 590 501 6 5 drone
2860 1 590 503 6 5 drone
2861 1 589 504 6 5 drone
2862 1 589 506 6 5 drone
2863 1 589 507 6 6 drone
2864 1 589 508 6 6 drone
2865 1 589 510 6 6 drone
2866 1 588 511 6 6 drone
2867 1 588 513 6 6 drone
2868 1 588 514 6 6 drone
2869 1 588 516 6 6 drone
2870 1 588 517 6 6 drone
2871 1 587 519 6 6 drone
2872 1 587 520 6 6 drone
2873 1 587 522 6 6 drone
2874 1 587 524 6 6 drone
2875 1 587 525 6 6 drone
2876 1 586 527 6 6 drone
2877 1 586 528 6 6 drone
2878 1 586 530 6 6 drone
2879 1 586 532 6 6 drone
2880 1 585 533 6 6 drone
2881 1 585 534 6 6 drone
2882 1 585 536 6 6 drone
2883 1 584 538 6 6 drone
2884 1 584 539 7 6 drone
2885 1 584 540 7 6 drone
2886 1 584 542 7 6 drone
2887 1 583 544 7 6 drone
2888 1 583 545 7 6 drone
2889 1 583 547 7 6 drone
2890 1 582 548 7 6 drone
2891 1 582 550 7 6 drone
2892 1 581 551 7 6 drone
2893 1 581 553 7 6 drone
2894 1 581 555 7 6 drone
2895 1 580 556 7 6 drone
2896 1 580 558 7 6 drone
2897 1 579 559 7 6 drone
2898 1 579 561 7 6 drone
2899 1 579 563 7 6 drone
2900 1 579 564 6 6 drone
2901 1 579 566 6 5 drone
2902 1 579 567 6 5 drone
2903 1 579 569 6 5 drone
2904 1 579 571 5 5 drone
2905 1 579 572 5 5 drone
2906 1 579 574 5 4 drone
2907 1 579 575 4 4 drone
2908 1 579 577 4 4 drone
2909 1 578 579 4 4 drone
2910 1 578 580 4 4 drone
2911 1 578 582 4 4 drone
2912 1 577 583 4 4 drone
2913 1 576 585 4 4 drone
2914 1 576 587 5 5 drone
2915 1 576 588 5 5 drone
2916 1 575 590 5 5 drone
2917 1 574 591 5 5 drone
2918 1 574 593 5 5 drone
2919 1 573 595 5 5 drone
2920 1 573 596 5 5 drone
2921 1 572 598 5 5 drone
2922 1 572 600 5 5 drone
2923 1 571 602 6 6 drone
2924 1 570 603 6 6 drone
2925 1 570 605 6 6 drone
2926 1 569 607 6 6 drone
2927 1 569 608 6 6 drone
2928 1 568 610 6 6 drone
2929 1 567 612 6 6 drone
2930 1 566 614 6 6 drone
2931 1 565 616 6 6 drone
2932 1 564 618 6 6 drone
2933 1 564 620 6 6 drone
2934 1 563 621 5 5 drone
2935 1 562 623 5 5 drone
2936 1 561 625 5 5 drone
2937 1 560 627 5 5 drone
2938 1 559 629 5 5 drone
2939 1 558 631 5 5 drone
2940 1 556 633 5 5 drone
2941 1 555 634 5 5 drone
2942 1 554 636 5 5 drone
2943 1 552 638 6 5 drone
2944 1 551 640 6 5 drone
2945 1 550 642 6 5 drone
2946 1 549 643 6 5 drone
2947 1 547 645 6 5 drone
2948 1 546 647 6 5 drone
2949 1 544 648 6 5 drone
2950 1 542 649 7 5 drone
2951 1 540 650 7 5 drone
2952 1 538 651 7 5 drone
2953 1 536 652 8 6 drone
2954 1 534 652 8 6 drone
2955 1 532 653 8 6 drone
2956 1 530 654 8 6 drone
2957 1 528 655 9 6 drone
2958 1 526 656 9 6 drone
2959 1 524 656 9 6 drone
2960 1 522 657 9 6 drone
2961 1 519 657 10 6 drone
2962 1 517 657 10 6 drone
2963 1 515 658 10 6 drone
2964 1 513 658 10 6 drone
2965 1 511 658 10 6 drone
2966 1 508 658 11 6 drone
2967 1 506 659 11 6 drone
2968 1 504 659 11 6 drone
2969 1 502 659 11 6 drone
2970 1 500 659 10 6 drone
2971 1 497 659 10 6 drone
2972 1 495 659 10 6 drone
2973 1 493 660 10 6 drone
2974 1 491 660 9 6 drone
2975 1 489 660 9 6 drone
2976 1 486 660 9 6 drone
2977 1 484 660 8 6 drone
2978 1 482 660 8 6 drone
2979 1 480 660 8 6 drone
2980 1 478 660 8 6 drone
2981 1 476 659 8 6 drone
2982 1 474 659 8 6 drone
2983 1 472 659 8 6 drone
2984 1 469 659 9 6 drone
2985 1 467 659 9 6 drone
2986 1 465 658 9 6 drone
2987 1 463 658 9 6 drone
2988 1 461 658 9 6 drone
2989 1 459 658 9 6 drone
2990 1 457 658 9 6 drone
2991 1 456 657 9 6 drone
2992 1 454 657 9 6 drone
2993 1 452 657 9 6 drone
2994 1 450 657 9 6 drone
2995 1 448 657 9 6 drone
2996 1 447 656 9 6 drone
2997 1 445 656 9 6 drone
2998 1 443 656 9 6 drone
2999 1 442 656 9 6 drone
3000 1 440 656 9 6 drone
3001 1 439 655 9 6 drone
3002 1 437 655 9 6 drone
3003 1 436 655 9 6 drone
3004 1 435 655 9 7 drone
3005 1 433 655 9 7 drone
3006 1 432 654 9 7 drone
3007 1 430 654 9 7 drone
3008 1 429 654 9 7 drone
3009 1 428 654 9 7 drone
3010 1 427 654 9 7 drone
3011 1 427 654 9 7 drone
3012 1 426 654 9 7 drone
3013 1 425 654 9 7 drone
3014 1 424 653 9 7 drone
3015 1 423 653 9 7 drone
3016 1 423 653 9 7 drone
3017 1 422 653 9 7 drone
3018 1 421 653 9 7 drone
3019 1 421 653 9 7 drone
3020 1 421 653 9 7 drone
3021 1 421 653 9 7 drone
3022 1 421 653 9 7 drone
3023 1 420 652 10 8 drone
3024 1 420 652 10 8 drone
3025 1 420 652 10 8 drone
3026 1 420 652 10 8 drone
3027 1 420 652 10 8 drone
3028 1 420 652 10 8 drone
3029 1 421 652 10 8 drone
3030 1 421 652 10 8 drone
3031 1 422 652 10 8 drone
3032 1 422 652 10 8 drone
3033 1 423 652 10 8 drone
3034 1 424 652 9 7 drone
3035 1 424 652 9 7 drone
3036 1 425 652 9 7 drone
3037 1 425 652 9 7 drone
3038 1 426 652 9 7 drone
3039 1 428 652 9 7 drone
3040 1 429 652 9 7 drone
3041 1 430 652 9 7 drone
3042 1 432 652 9 7 drone
3043 1 434 652 8 7 drone
3044 1 435 653 8 7 drone
3045 1 436 653 8 7 drone
3046 1 438 653 8 7 drone
3047 1 440 653 8 7 drone
3048 1 441 653 8 7 drone
3049 1 443 653 8 7 drone
3050 1 446 654 8 7 drone
3051 1 448 654 8 6 drone
3052 1 450 654 8 6 drone
3053 1 452 654 8 6 drone
3054 1 455 655 7 6 drone
3055 1 457 655 7 6 drone
3056 1 459 655 7 5 drone
3057 1 462 656 7 5 drone
3058 1 464 656 7 5 drone
3059 1 467 656 7 5 drone
3060 1 469 656 7 5 drone
3061 1 472 657 8 5 drone
3062 1 475 657 8 5 drone
3063 1 478 657 8 6 drone
3064 1 480 657 8 6 drone
3065 1 483 657 8 6 drone
3066 1 486 658 9 6 drone
3067 1 488 658 9 6 drone
3068 1 491 658 9 6 drone
3069 1 494 658 9 6 drone
3070 1 498 659 9 6 drone
3071 1 502 659 9 6 drone
3072 1 505 659 9 6 drone
3073 1 508 660 9 6 drone
3074 1 512 660 9 7 drone
3075 1 516 660 9 7 drone
3076 1 519 660 9 7 drone
3077 1 522 661 9 7 drone
3078 1 526 661 9 7 drone
3079 1 530 661 9 7 drone
3080 1 534 661 8 7 drone
3081 1 538 662 8 6 drone
3082 1 542 662 8 6 drone
3083 1 546 662 8 6 drone
3084 1 550 662 7 6 drone
3085 1 554 662 7 6 drone
3086 1 558 663 7 5 drone
3087 1 562 663 6 5 drone
3088 1 566 663 6 5 drone
3089 1 570 663 6 5 drone
3090 1 575 663 6 5 drone
3091 1 580 663 6 5 drone
3092 1 584 663 6 5 drone
3093 1 588 663 6 6 drone
3094 1 593 663 7 6 drone
3095 1 598 663 7 6 drone
3096 1 602 663 7 6 drone
3097 1 606 663 7 6 drone
3098 1 611 663 7 6 drone
3099 1 616 663 7 6 drone
3100 1 621 664 7 6 drone
3101 1 626 664 7 6 drone
3102 1 631 664 7 6 drone
3103 1 636 664 8 6 drone
3104 1 640 665 8 6 drone
3105 1 645 665 8 6 drone
3106 1 650 665 8 6 drone
3107 1 655 666 8 6 drone
3108 1 660 666 8 6 drone
3109 1 665 666 8 6 drone
3110 1 671 667 8 6 drone
3111 1 676 667 7 6 drone
3112 1 682 668 7 6 drone
3113 1 687 668 7 6 drone
3114 1 692 668 7 6 drone
3115 1 698 669 7 6 drone
3116 1 703 669 6 6 drone
3117 1 709 670 6 6 drone
3118 1 714 670 6 6 drone
3119 1 720 670 6 6 drone
3120 1 726 671 6 6 drone
3121 1 731 671 5 5 drone
3122 1 737 672 5 5 drone
3123 1 743 672 5 5 drone
3124 1 749 672 5 5 drone
3125 1 755 672 6 5 drone
3126 1 761 673 6 6 drone
3127 1 767 673 7 6 drone
3128 1 773 673 7 6 drone
3129 1 779 673 7 6 drone
3130 1 786 674 7 6 drone
3131 1 792 674 7 6 drone
3132 1 799 675 7 6 drone
3133 1 805 675 7 6 drone
3134 1 811 675 7 7 drone
3135 1 818 676 7 7 drone
3136 1 824 676 7 7 drone
3137 1 831 677 7 7 drone
3138 1 837 677 7 7 drone
3139 1 844 677 7 7 drone
3140 1 850 678 7 7 drone
3141 1 857 678 7 6 drone
3142 1 863 679 7 6 drone
3143 1 870 679 7 6 drone
3144 1 877 679 7 6 drone
3145 1 884 680 7 6 drone
3146 1 890 680 8 6 drone
3147 1 897 681 8 6 drone
3148 1 904 681 8 6 drone
3149 1 911 682 8 6 drone
3150 1 918 682 8 6 drone
3151 1 925 683 7 6 drone
3152 1 932 683 7 6 drone
3153 1 939 684 7 6 drone
3154 1 946 685 7 6 drone
3155 1 954 685 7 6 drone
3156 1 961 686 8 5 drone
3157 1 969 686 8 5 drone
3158 1 976 687 8 5 drone
3159 1 983 687 8 5 drone
3160 1 990 688 8 5 drone
3161 1 998 688 7 6 drone
3162 1 1005 689 7 6 drone
3163 1 1012 689 7 6 drone
3164 1 1019 690 7 6 drone
3165 1 1027 690 8 6 drone
3166 1 1034 691 8 6 drone
3167 1 1042 691 9 6 drone
3168 1 1049 692 9 6 drone
3169 1 1057 692 9 6 drone
3170 1 1065 692 9 6 drone
3171 1 1072 692 9 6 drone
3172 1 1080 692 9 6 drone
3173 1 1088 692 8 6 drone
3174 1 1096 693 8 6 drone
3175 1 1104 693 8 6 drone
3176 1 1111 693 8 6 drone
3177 1 1119 693 8 6 drone
3178 1 1127 693 8 6 drone
3179 1 1134 693 8 6 drone
3180 1 1141 692 8 6 drone
3181 1 1148 692 8 7 drone
3182 1 1155 691 8 7 drone
3183 1 1162 691 8 7 drone
3184 1 1168 691 8 7 drone
3185 1 1175 690 8 7 drone
3186 1 1182 690 8 8 drone
3187 1 1189 689 8 8 drone
3188 1 1196 689 8 8 drone
3189 1 1201 688 8 8 drone
3190 1 1207 688 8 8 drone
3191 1 1212 687 8 8 drone
3192 1 1217 687 8 8 drone
3193 1 1222 686 8 8 drone
3194 1 1228 685 8 7 drone
3195 1 1233 685 8 7 drone
3196 1 1238 684 8 7 drone
3197 1 1244 684 8 7 drone
3198 1 1249 683 8 7 drone
3199 1 1253 682 8 7 drone
3200 1 1256 682 8 7 drone
3201 1 1260 682 8 7 drone
3202 1 1264 681 8 7 drone
3203 1 1268 680 8 7 drone
3204 1 1271 680 7 7 drone
3205 1 1275 680 7 7 drone
3206 1 1279 679 7 7 drone
3207 1 1282 678 7 7 drone
3208 1 1286 678 7 7 drone
3209 1 1288 678 7 7 drone
3210 1 1291 677 7 7 drone
3211 1 1293 677 7 7 drone
3212 1 1296 676 7 7 drone
3213 1 1298 676 7 7 drone
3214 1 1300 676 7 7 drone
3215 1 1303 675 7 7 drone
3216 1 1305 675 7 7 drone
3217 1 1308 674 7 7 drone
3218 1 1310 674 7 7 drone
3219 1 1311 674 7 7 drone
3220 1 1312 673 7 7 drone
3221 1 1314 673 7 7 drone
3222 1 1315 673 7 7 drone
3223 1 1316 672 8 7 drone
3224 1 1317 672 8 7 drone
3225 1 1318 672 8 7 drone
3226 1 1320 672 8 7 drone
3227 1 1321 671 8 7 drone
3228 1 1322 671 8 7 drone
3229 1 1322 671 8 7 drone
3230 1 1323 671 8 7 drone
3231 1 1324 671 8 7 drone
3232 1 1324 671 8 7 drone
3233 1 1324 671 8 7 drone
3234 1 1325 671 8 7 drone
3235 1 1326 671 8 7 drone
3236 1 1326 671 8 7 drone
3237 1 1326 671 8 7 drone
3238 1 1327 671 8 7 drone
3239 1 1327 671 8 7 drone
3240 1 1327 671 8 7 drone
3241 1 1326 672 8 7 drone
3242 1 1326 672 8 7 drone
3243 1 1326 672 8 7 drone
3244 1 1326 672 8 7 drone
3245 1 1326 672 8 7 drone
3246 1 1325 673 8 7 drone
3247 1 1325 673 8 7 drone
3248 1 1325 673 8 7 drone
3249 1 1324 673 8 7 drone
3250 1 1324 674 8 7 drone
3251 1 1323 674 8 7 drone
3252 1 1323 674 8 7 drone
3253 1 1322 674 8 6 drone
3254 1 1321 675 7 6 drone
3255 1 1321 675 7 6 drone
3256 1 1320 675 7 6 drone
3257 1 1320 676 7 6 drone
3258 1 1319 676 7 6 drone
3259 1 1318 676 7 6 drone
3260 1 1317 677 7 6 drone
3261 1 1315 677 7 6 drone
3262 1 1314 678 7 6 drone
3263 1 1313 678 8 6 drone
3264 1 1312 678 8 7 drone
3265 1 1311 679 8 7 drone
3266 1 1309 679 8 7 drone
3267 1 1308 680 8 7 drone
3268 1 1307 680 8 7 drone
3269 1 1305 681 8 7 drone
3270 1 1304 682 8 7 drone
3271 1 1302 683 9 7 drone
3272 1 1300 684 9 7 drone
3273 1 1298 686 9 7 drone
3274 1 1297 687 9 7 drone
3275 1 1295 688 9 7 drone
3276 1 1293 689 10 7 drone
3277 1 1292 690 10 7 drone
3278 1 1290 691 10 7 drone
3279 1 1288 692 10 7 drone
3280 1 1286 694 10 7 drone
3281 1 1283 695 10 7 drone
3282 1 1281 696 10 7 drone
3283 1 1279 698 10 7 drone
3284 1 1277 699 11 7 drone
3285 1 1275 700 11 7 drone
3286 1 1272 701 11 7 drone
3287 1 1270 703 11 7 drone
3288 1 1268 704 11 7 drone
3289 1 1265 705 11 7 drone
3290 1 1262 705 11 7 drone
3291 1 1259 706 11 7 drone
3292 1 1256 707 11 7 drone
3293 1 1252 708 10 7 drone
3294 1 1249 708 10 7 drone
3295 1 1246 709 10 7 drone
3296 1 1243 710 10 7 drone
3297 1 1240 710 10 7 drone
3298 1 1237 711 10 7 drone
3299 1 1233 711 10 7 drone
3300 1 1229 711 10 7 drone
3301 1 1225 712 11 7 drone
3302 1 1221 712 11 7 drone
3303 1 1218 712 11 8 drone
3304 1 1214 712 11 8 drone
3305 1 1210 712 11 8 drone
3306 1 1206 713 12 8 drone
3307 1 1202 713 12 8 drone
3308 1 1198 713 12 8 drone
3309 1 1193 713 12 8 drone
3310 1 1189 713 12 8 drone
3311 1 1184 714 12 8 drone
3312 1 1179 714 12 8 drone
3313 1 1174 714 12 8 drone
3314 1 1170 714 11 8 drone
3315 1 1165 714 11 8 drone
3316 1 1160 715 11 8 drone
3317 1 1156 715 11 8 drone
3318 1 1151 715 11 8 drone
3319 1 1145 715 11 8 drone
3320 1 1140 715 11 8 drone
3321 1 1134 716 11 8 drone
3322 1 1128 716 11 8 drone
3323 1 1122 716 11 8 drone
3324 1 1117 716 11 8 drone
3325 1 1111 716 11 8 drone
3326 1 1105 717 11 8 drone
3327 1 1100 717 11 8 drone
3328 1 1094 717 11 8 drone
3329 1 1087 717 11 8 drone
3330 1 1080 717 11 8 drone
3331 1 1073 718 11 8 drone
3332 1 1066 718 11 8 drone
3333 1 1059 718 12 8 drone
3334 1 1052 718 12 9 drone
3335 1 1045 718 12 9 drone
3336 1 1038 719 12 9 drone
3337 1 1031 719 12 9 drone
3338 1 1024 719 12 9 drone
3339 1 1016 719 12 9 drone
3340 1 1008 719 12 9 drone
3341 1 1000 719 12 9 drone
3342 1 992 719 12 9 drone
3343 1 984 720 12 8 drone
3344 1 975 720 13 8 drone
3345 1 967 720 13 8 drone
3346 1 959 720 13 8 drone
3347 1 951 720 13 8 drone
3348 1 943 720 13 8 drone
3349 1 934 720 13 8 drone
3350 1 926 719 13 8 drone
3351 1 917 719 13 8 drone
3352 1 909 721 13 8 drone
3353 1 899 721 12 8 drone
3354 1 890 720 12 7 drone
3355 1 881 720 12 7 drone
3356 1 871 719 12 7 drone
3357 1 864 718 12 7 drone
3358 1 855 718 12 7 drone
3359 1 846 716 12 7 drone
3360 1 839 714 12 8 drone
3361 1 829 713 12 8 drone
3362 1 821 711 12 8 drone
3363 1 813 707 12 8 drone
3364 1 805 704 13 9 drone
3365 1 798 702 13 9 drone
3366 1 789 699 13 9 drone
3367 1 784 696 13 10 drone
3368 1 777 694 13 10 drone
3369 1 771 690 13 10 drone
3370 1 766 686 12 10 drone
3371 1 758 683 12 10 drone
3372 1 751 678 12 10 drone
3373 1 744 674 12 10 drone
3374 1 738 670 11 11 drone
3375 1 734 666 11 11 drone
3376 1 728 663 11 11 drone
3377 1 723 659 10 11 drone
3378 1 719 655 10 11 drone
3379 1 714 652 10 11 drone
3380 1 710 648 10 11 drone
3381 1 705 644 10 11 drone
3382 1 700 640 10 11 drone
3383 1 696 636 10 12 drone
3384 1 693 633 11 12 drone
3385 1 688 631 11 12 drone
3386 1 685 628 11 12 drone
3387 1 681 626 11 12 drone
3388 1 679 623 11 12 drone
3389 1 676 621 11 12 drone
3390 1 674 620 11 12 drone
3391 1 671 618 11 11 drone
3392 1 666 615 11 11 drone
3393 1 663 613 12 11 drone
3394 1 661 612 12 11 drone
3395 1 658 611 12 11 drone
3396 1 655 608 12 10 drone
3397 1 654 608 12 10 drone
3398 1 652 607 12 10 drone
3399 1 651 606 12 10 drone
3400 1 649 606 12 10 drone
3401 1 646 604 12 10 drone
3402 1 645 603 12 10 drone
3403 1 644 603 12 10 drone
3404 1 643 602 12 11 drone
3405 1 643 603 12 11 drone
3406 1 642 602 12 11 drone
3407 1 640 602 12 11 drone
3408 1 639 601 12 11 drone
3409 1 638 601 12 11 drone
3410 1 638 602 13 11 drone
3411 1 638 602 13 11 drone
3412 1 637 602 13 11 drone
3413 1 636 602 14 10 drone
3414 1 636 603 14 10 drone
3415 1 636 603 14 10 drone
3416 1 635 603 14 10 drone
3417 1 634 604 15 10 drone
3418 1 634 604 15 10 drone
3419 1 634 605 15 10 drone
3420 1 634 605 14 10 drone
3421 1 634 606 14 10 drone
3422 1 634 606 14 10 drone
3423 1 634 607 14 10 drone
3424 1 635 608 13 10 drone
3425 1 635 608 13 10 drone
3426 1 635 609 13 10 drone
3427 1 635 609 12 10 drone
3428 1 635 610 12 10 drone
3429 1 635 612 12 10 drone
3430 1 635 614 12 10 drone
3431 1 635 615 12 10 drone
3432 1 635 617 12 10 drone
3433 1 636 619 12 10 drone
3434 1 636 621 13 10 drone
3435 1 636 623 13 10 drone
3436 1 636 624 13 10 drone
3437 1 636 626 13 10 drone
3438 1 636 628 13 10 drone
3439 1 636 630 13 10 drone
3440 1 636 632 13 10 drone
3441 1 636 633 13 9 drone
3442 1 636 635 13 9 drone
3443 1 636 637 12 9 drone
3444 1 636 639 12 9 drone
3445 1 636 641 12 9 drone
3446 1 636 642 12 8 drone
3447 1 636 644 12 8 drone
3448 1 636 646 12 8 drone
3449 1 636 647 12 8 drone
3450 1 636 648 13 8 drone
3451 1 636 649 13 8 drone
3452 1 636 650 13 8 drone
3453 1 636 650 14 8 drone
3454 1 637 651 14 9 drone
3455 1 637 652 14 9 drone
3456 1 637 653 14 9 drone
3457 1 637 654 15 9 drone
3458 1 637 655 15 9 drone
3459 1 637 656 15 9 drone
3460 1 637 656 15 9 drone
3461 1 637 656 15 8 drone
3462 1 637 657 15 8 drone
3463 1 638 658 15 8 drone
3464 1 638 658 15 8 drone
3465 1 638 658 15 8 drone
3466 1 638 659 15 7 drone
3467 1 638 660 15 7 drone
3468 1 638 660 15 7 drone
3469 1 638 660 15 8 drone
3470 1 638 660 15 8 drone
3471 1 638 661 14 8 drone
3472 1 637 661 14 8 drone
3473 1 637 661 14 8 drone
3474 1 637 661 14 8 drone
3475 1 637 662 13 8 drone
3476 1 636 662 13 8 drone
3477 1 636 662 13 9 drone
3478 1 636 662 14 8 drone
3479 1 636 662 13 9 drone
3480 0
