0 2 1148 950 23 14 drone 379 880 12 9 drone
1 2 1147 950 23 14 drone 379 880 12 9 drone
2 2 1146 951 23 13 drone 379 880 11 9 drone
3 2 1145 951 24 13 drone 378 880 11 9 drone
4 2 1144 951 24 13 drone 378 880 11 9 drone
5 2 1143 952 24 13 drone 378 880 11 9 drone
6 2 1142 952 25 12 drone 378 880 11 9 drone
7 2 1141 952 25 12 drone 378 880 11 9 drone
8 2 1140 953 25 12 drone 378 880 11 10 drone
9 2 1140 953 25 12 drone 378 880 11 10 drone
10 2 1140 953 25 11 drone 379 879 11 10 drone
11 2 1139 954 25 11 drone 379 879 11 9 drone
12 2 1139 954 25 11 drone 379 879 11 9 drone
13 2 1139 955 25 11 drone 380 879 11 9 drone
14 2 1139 955 25 11 drone 380 879 11 9 drone
15 2 1138 955 25 10 drone 380 878 11 9 drone
16 2 1138 956 25 10 drone 381 878 11 9 drone
17 2 1138 956 25 10 drone 381 878 11 9 drone
18 2 1137 957 25 10 drone 382 878 11 9 drone
19 2 1139 956 24 10 drone 382 877 11 9 drone
20 2 1140 956 24 11 drone 383 877 11 9 drone
21 2 1141 956 23 11 drone 384 877 11 10 drone
22 2 1142 956 23 12 drone 385 876 11 10 drone
23 2 1143 955 23 13 drone 386 876 11 10 drone
24 2 1144 955 22 13 drone 387 876 11 10 drone
25 2 1145 955 22 14 drone 388 875 11 10 drone
26 2 1146 955 21 14 drone 389 875 11 10 drone
27 2 1147 954 21 15 drone 390 875 11 10 drone
28 2 1148 954 20 16 drone 391 874 11 10 drone
29 2 1153 953 20 16 drone 393 874 11 10 drone
30 2 1157 953 20 16 drone 394 874 11 10 drone
31 2 1161 952 20 16 drone 396 873 11 10 drone
32 2 1166 952 20 16 drone 398 873 11 10 drone
33 2 1170 951 20 16 drone 399 872 11 10 drone
34 2 1175 951 20 16 drone 401 872 11 10 drone
35 2 1179 950 20 16 drone 402 871 11 10 drone
36 2 1183 949 20 15 drone 404 871 11 10 drone
37 2 1188 949 20 15 drone 406 870 11 10 drone
38 2 1192 948 20 15 drone 407 870 11 11 drone
39 2 1198 948 20 16 drone 410 870 11 10 drone
40 2 1205 947 20 16 drone 412 869 11 10 drone
41 2 1211 947 20 16 drone 414 868 11 10 drone
42 2 1217 946 20 16 drone 416 868 11 10 drone
43 2 1223 946 20 16 drone 418 867 12 9 drone
44 2 1229 946 20 16 drone 421 867 12 9 drone
45 2 1235 945 20 16 drone 423 866 12 9 drone
46 2 1241 945 20 16 drone 425 866 12 9 drone
47 2 1247 944 20 16 drone 427 865 12 8 drone
48 2 1254 944 20 16 drone 430 865 13 8 drone
49 2 1260 944 20 16 drone 432 864 13 9 drone
50 2 1266 944 19 16 drone 435 863 13 9 drone
51 2 1271 944 18 16 drone 437 862 14 9 drone
52 2 1277 944 18 16 drone 440 861 14 10 drone
53 2 1283 944 17 16 drone 442 859 15 10 drone
54 2 1289 944 16 16 drone 445 858 15 11 drone
55 2 1295 945 15 16 drone 447 857 16 11 drone
56 2 1301 945 15 16 drone 450 856 16 12 drone
57 2 1307 945 14 16 drone 453 855 16 12 drone
58 2 1313 945 13 16 drone 455 854 17 13 drone
59 2 1315 945 13 16 drone 457 853 17 13 drone
60 2 1316 946 13 16 drone 460 852 17 13 drone
61 2 1318 946 12 16 drone 462 851 17 13 drone
62 2 1319 947 12 16 drone 464 850 17 13 drone
63 2 1321 947 12 16 drone 467 849 17 13 drone
64 2 1322 948 12 16 drone 469 848 17 13 drone
65 2 1324 948 11 16 drone 471 847 17 13 drone
66 2 1325 949 11 16 drone 473 846 17 13 drone
67 2 1327 949 11 16 drone 476 845 17 13 drone
68 2 1328 949 10 16 drone 478 844 17 13 drone
69 2 1326 951 11 15 drone 479 843 17 12 drone
70 2 1323 952 11 15 drone 479 842 17 12 drone
71 2 1320 953 12 15 drone 480 841 18 12 drone
72 2 1317 954 12 14 drone 480 840 18 12 drone
73 2 1315 955 13 14 drone 481 839 18 12 drone
74 2 1312 956 13 13 drone 482 838 18 12 drone
75 2 1309 957 14 13 drone 482 837 18 12 drone
76 2 1306 958 15 13 drone 483 836 19 12 drone
77 2 1304 959 15 12 drone 484 835 19 12 drone
78 2 1301 960 16 12 drone 484 834 19 12 drone
79 2 1295 962 16 12 drone 484 833 19 12 drone
80 2 1290 963 16 12 drone 484 833 19 12 drone
81 2 1284 965 16 12 drone 485 832 19 13 drone
82 2 1278 966 16 12 drone 485 831 18 13 drone
83 2 1273 968 16 12 drone 485 830 18 13 drone
84 2 1267 969 16 12 drone 485 830 18 13 drone
85 2 1261 971 16 12 drone 485 829 18 13 drone
86 2 1256 972 16 12 drone 485 828 18 14 drone
87 2 1250 974 16 12 drone 485 828 18 14 drone
88 2 1244 975 16 12 drone 486 827 18 14 drone
89 2 1238 976 17 12 drone 485 827 18 14 drone
90 2 1231 977 17 13 drone 485 826 18 14 drone
91 2 1224 978 17 13 drone 485 826 19 14 drone
92 2 1217 979 18 13 drone 485 826 19 14 drone
93 2 1210 980 18 13 drone 485 826 19 14 drone
94 2 1204 981 18 13 drone 484 825 19 14 drone
95 2 1197 982 19 13 drone 484 825 20 14 drone
96 2 1190 983 19 14 drone 484 825 20 14 drone
97 2 1183 984 20 14 drone 484 825 20 14 drone
98 2 1177 985 20 14 drone 484 824 21 14 drone
99 2 1169 985 20 14 drone 483 824 20 14 drone
100 2 1161 986 20 13 drone 483 824 20 14 drone
101 2 1153 986 19 13 drone 483 825 20 14 drone
102 2 1145 987 19 13 drone 483 825 19 14 drone
103 2 1138 987 19 12 drone 482 825 19 14 drone
104 2 1130 988 18 12 drone 482 825 18 14 drone
105 2 1122 988 18 12 drone 482 825 18 14 drone
106 2 1114 989 18 12 drone 482 825 18 14 drone
107 2 1106 989 18 11 drone 481 825 17 14 drone
108 2 1099 990 17 11 drone 481 825 17 14 drone
109 2 1090 989 18 12 drone 481 825 17 14 drone
110 2 1082 989 18 12 drone 480 825 17 13 drone
111 2 1074 989 19 13 drone 480 825 18 13 drone
112 2 1066 988 19 13 drone 479 825 18 13 drone
113 2 1057 988 19 14 drone 479 825 18 13 drone
114 2 1049 988 20 14 drone 478 824 18 13 drone
115 2 1041 987 20 15 drone 478 824 19 13 drone
116 2 1033 987 20 15 drone 477 824 19 13 drone
117 2 1025 987 21 16 drone 477 824 19 13 drone
118 2 1016 986 21 16 drone 476 824 19 13 drone
119 2 1010 987 21 16 drone 476 824 19 13 drone
120 2 1004 987 21 16 drone 476 824 19 13 drone
121 2 999 987 21 16 drone 475 824 19 13 drone
122 2 993 987 21 16 drone 475 824 19 13 drone
123 2 987 987 21 16 drone 475 824 18 13 drone
124 2 981 987 21 15 drone 474 824 18 13 drone
125 2 975 987 21 15 drone 474 824 18 13 drone
126 2 969 988 21 15 drone 474 824 18 13 drone
127 2 963 988 21 15 drone 473 824 18 13 drone
128 2 957 988 21 15 drone 473 824 18 13 drone
129 2 953 988 21 15 drone 473 824 17 13 drone
130 2 949 988 22 15 drone 474 824 17 13 drone
131 2 945 987 22 15 drone 474 824 17 13 drone
132 2 940 987 22 14 drone 474 824 17 13 drone
133 2 936 987 22 14 drone 475 825 17 13 drone
134 2 932 987 23 14 drone 475 825 17 13 drone
135 2 928 987 23 14 drone 475 825 17 13 drone
136 2 924 987 23 14 drone 476 825 17 13 drone
137 2 919 987 23 14 drone 476 825 17 13 drone
138 2 915 987 24 14 drone 476 826 17 13 drone
139 2 912 986 24 14 drone 477 826 16 13 drone
140 2 908 986 24 14 drone 479 827 16 14 drone
141 2 905 986 24 14 drone 480 827 16 14 drone
142 2 901 986 24 14 drone 481 827 16 14 drone
143 2 898 986 24 14 drone 482 828 16 14 drone
144 2 894 986 24 13 drone 483 828 16 14 drone
145 2 891 985 24 13 drone 484 829 16 14 drone
146 2 888 985 24 13 drone 485 829 16 14 drone
147 2 884 985 24 13 drone 486 830 16 14 drone
148 2 881 985 24 13 drone 487 830 16 14 drone
149 2 877 985 24 13 drone 489 831 16 14 drone
150 2 874 984 24 13 drone 491 832 16 14 drone
151 2 871 984 24 13 drone 493 833 17 14 drone
152 2 868 984 24 13 drone 495 834 17 14 drone
153 2 864 984 24 13 drone 497 835 17 14 drone
154 2 861 983 24 13 drone 499 836 17 14 drone
155 2 858 983 24 13 drone 501 837 17 14 drone
156 2 855 983 24 13 drone 503 837 17 14 drone
157 2 851 982 24 12 drone 505 838 17 14 drone
158 2 848 982 24 12 drone 508 839 17 14 drone
159 2 843 981 24 13 drone 510 840 17 14 drone
160 2 837 980 25 13 drone 513 842 17 14 drone
161 2 832 978 25 13 drone 516 843 17 14 drone
162 2 826 977 25 13 drone 519 844 17 14 drone
163 2 821 976 26 13 drone 522 845 17 13 drone
164 2 815 974 26 13 drone 525 846 16 13 drone
165 2 809 973 26 13 drone 527 847 16 13 drone
166 2 804 972 26 13 drone 530 848 16 13 drone
167 2 798 970 27 13 drone 533 850 16 13 drone
168 2 793 969 27 14 drone 536 851 16 12 drone
169 2 786 967 27 14 drone 539 852 16 12 drone
170 2 779 965 27 13 drone 543 853 16 12 drone
171 2 772 963 27 13 drone 546 854 16 12 drone
172 2 765 960 27 13 drone 550 855 16 12 drone
173 2 758 958 27 13 drone 553 856 16 13 drone
174 2 752 956 28 13 drone 557 858 16 13 drone
175 2 745 954 28 13 drone 560 859 16 13 drone
176 2 738 952 28 13 drone 564 860 16 13 drone
177 2 731 950 28 13 drone 567 861 16 13 drone
178 2 724 948 28 13 drone 571 862 16 13 drone
179 2 716 944 28 14 drone 574 864 16 13 drone
180 2 708 940 28 14 drone 578 865 16 13 drone
181 2 700 937 28 15 drone 582 867 16 13 drone
182 2 692 933 28 15 drone 585 869 16 12 drone
183 2 683 930 28 16 drone 589 870 16 12 drone
184 2 675 926 28 17 drone 593 872 17 12 drone
185 2 667 923 28 17 drone 596 873 17 12 drone
186 2 659 919 28 18 drone 600 875 17 12 drone
187 2 651 915 28 19 drone 604 877 17 12 drone
188 2 643 912 28 19 drone 607 878 17 12 drone
189 2 636 908 27 20 drone 611 880 17 12 drone
190 2 629 905 27 20 drone 615 882 17 12 drone
191 2 622 901 27 20 drone 619 883 17 12 drone
192 2 615 898 27 21 drone 623 885 17 12 drone
193 2 608 895 26 21 drone 627 887 17 12 drone
194 2 601 891 26 22 drone 631 888 17 12 drone
195 2 594 888 26 22 drone 635 890 17 13 drone
196 2 587 884 26 22 drone 638 892 17 13 drone
197 2 580 881 26 23 drone 642 893 17 13 drone
198 2 573 877 25 23 drone 646 895 17 13 drone
199 2 568 876 26 23 drone 651 897 17 12 drone
200 2 563 874 26 23 drone 655 899 17 12 drone
201 2 558 872 27 23 drone 659 901 16 12 drone
202 2 553 870 27 23 drone 664 903 16 12 drone
203 2 548 869 28 24 drone 668 905 16 12 drone
204 2 543 867 28 24 drone 673 907 15 12 drone
205 2 539 865 29 24 drone 677 909 15 12 drone
206 2 534 863 29 24 drone 681 911 15 11 drone
207 2 529 862 30 24 drone 686 913 14 11 drone
208 2 524 860 30 24 drone 690 915 14 11 drone
209 2 523 860 30 23 drone 693 916 14 11 drone
210 2 521 860 30 23 drone 697 918 14 11 drone
211 2 520 859 30 23 drone 700 920 14 11 drone
212 2 519 859 29 22 drone 703 921 14 11 drone
213 2 518 859 29 22 drone 706 923 14 11 drone
214 2 516 859 29 22 drone 709 924 14 10 drone
215 2 515 859 29 21 drone 713 926 14 10 drone
216 2 514 859 28 21 drone 716 928 14 10 drone
217 2 512 859 28 21 drone 719 929 14 10 drone
218 2 511 859 28 20 drone 722 931 15 10 drone
219 2 511 859 28 20 drone 724 932 14 10 drone
220 2 511 859 28 20 drone 725 933 14 10 drone
221 2 511 859 28 20 drone 727 935 14 10 drone
222 2 511 859 28 20 drone 728 936 14 10 drone
223 2 511 859 28 20 drone 730 937 14 9 drone
224 2 511 859 28 20 drone 731 939 14 9 drone
225 2 511 859 28 21 drone 732 940 13 9 drone
226 2 511 860 28 21 drone 734 941 13 9 drone
227 2 511 860 28 21 drone 735 943 13 9 drone
228 2 511 860 28 21 drone 737 944 13 9 drone
229 2 512 860 28 20 drone 737 945 13 9 drone
230 2 513 860 28 20 drone 737 946 13 9 drone
231 2 513 861 28 20 drone 737 947 13 9 drone
232 2 514 861 28 20 drone 737 948 13 9 drone
233 2 515 861 28 20 drone 736 949 13 9 drone
234 2 515 862 27 20 drone 736 951 13 10 drone
235 2 516 862 27 19 drone 736 952 13 10 drone
236 2 517 862 27 19 drone 736 953 12 10 drone
237 2 517 862 27 19 drone 736 954 12 10 drone
238 2 518 863 27 19 drone 736 955 12 10 drone
239 2 518 863 27 19 drone 735 956 12 10 drone
240 2 518 863 27 19 drone 734 958 12 10 drone
241 2 519 863 27 19 drone 733 959 12 10 drone
242 2 519 863 27 19 drone 732 960 12 9 drone
243 2 519 863 27 19 drone 730 961 12 9 drone
244 2 520 863 27 19 drone 729 963 12 9 drone
245 2 520 863 27 19 drone 728 964 12 9 drone
246 2 520 863 27 19 drone 727 965 12 9 drone
247 2 520 863 27 19 drone 726 966 11 9 drone
248 2 521 863 27 19 drone 725 968 11 9 drone
249 2 520 863 27 19 drone 723 969 11 8 drone
250 2 520 863 27 19 drone 720 970 11 8 drone
251 2 520 862 28 19 drone 718 971 11 8 drone
252 2 519 862 28 19 drone 716 972 11 8 drone
253 2 519 862 28 19 drone 714 973 11 8 drone
254 2 519 862 28 19 drone 712 974 11 8 drone
255 2 518 862 28 19 drone 710 975 11 8 drone
256 2 518 861 28 19 drone 708 976 11 8 drone
257 2 518 861 28 19 drone 706 977 11 8 drone
258 2 517 861 28 19 drone 703 978 11 8 drone
259 2 517 861 28 19 drone 700 979 11 7 drone
260 2 516 860 28 19 drone 697 980 10 7 drone
261 2 516 860 28 19 drone 694 981 10 7 drone
262 2 515 860 28 19 drone 691 981 10 6 drone
263 2 515 860 28 19 drone 688 982 9 6 drone
264 2 514 859 28 19 drone 685 983 9 6 drone
265 1 513 859 28 19 drone
266 1 513 859 28 19 drone
267 1 512 859 28 19 drone
268 1 512 858 28 19 drone
269 1 511 858 28 19 drone
270 2 511 858 28 19 drone 666 988 7 4 drone
271 2 511 858 28 19 drone 664 988 7 4 drone
272 2 510 858 27 19 drone 661 988 7 4 drone
273 2 510 857 27 19 drone 658 988 8 4 drone
274 2 510 857 27 19 drone 655 989 8 4 drone
275 2 509 857 27 19 drone 652 989 8 4 drone
276 2 509 857 26 19 drone 649 989 8 5 drone
277 2 509 856 26 19 drone 646 990 9 5 drone
278 2 508 856 26 19 drone 643 990 9 5 drone
279 2 508 856 26 20 drone 641 990 9 5 drone
280 2 507 855 26 20 drone 638 990 9 5 drone
281 2 506 854 27 20 drone 636 991 9 5 drone
282 2 506 854 27 20 drone 633 991 9 5 drone
283 2 505 853 27 21 drone 631 991 10 5 drone
284 2 504 853 27 21 drone 628 991 10 5 drone
285 2 504 852 28 21 drone 626 992 10 5 drone
286 2 503 852 28 21 drone 623 992 10 5 drone
287 2 502 851 28 22 drone 621 992 10 5 drone
288 2 502 850 29 22 drone 618 992 10 5 drone
289 2 502 850 28 22 drone 615 992 10 5 drone
290 2 502 850 28 22 drone 613 992 10 5 drone
291 2 502 850 28 21 drone 610 993 10 5 drone
292 2 502 850 27 21 drone 607 993 10 5 drone
293 2 503 850 27 21 drone 604 993 10 5 drone
294 2 503 850 27 21 drone 601 993 10 5 drone
295 2 503 850 26 21 drone 598 993 10 5 drone
296 2 503 850 26 20 drone 595 993 10 5 drone
297 2 503 850 26 20 drone 592 993 10 6 drone
298 2 504 850 25 20 drone 589 993 10 6 drone
299 2 503 850 25 20 drone 585 993 10 6 drone
300 2 503 850 26 20 drone 582 993 10 6 drone
301 2 502 850 26 20 drone 579 993 9 6 drone
302 2 502 850 26 20 drone 576 993 9 6 drone
303 2 502 850 26 20 drone 572 993 9 6 drone
304 2 501 850 27 19 drone 569 993 9 6 drone
305 2 501 850 27 19 drone 566 993 9 6 drone
306 2 500 849 27 19 drone 563 992 9 6 drone
307 2 500 849 27 19 drone 559 992 9 6 drone
308 2 500 849 28 19 drone 556 992 9 6 drone
309 2 500 849 28 19 drone 553 992 9 6 drone
310 2 500 849 28 19 drone 549 992 9 6 drone
311 2 501 849 28 19 drone 546 991 9 6 drone
312 2 501 849 28 19 drone 542 991 9 6 drone
313 2 501 849 28 19 drone 539 991 9 6 drone
314 2 501 849 27 20 drone 535 991 9 5 drone
315 2 502 848 27 20 drone 532 990 9 5 drone
316 2 502 848 27 20 drone 528 990 9 5 drone
317 2 502 848 27 20 drone 525 990 9 5 drone
318 2 503 848 27 20 drone 521 989 9 5 drone
319 2 503 848 27 20 drone 518 989 9 5 drone
320 2 504 849 27 20 drone 514 988 9 5 drone
321 2 504 849 27 19 drone 510 988 9 5 drone
322 2 504 849 27 19 drone 506 987 9 5 drone
323 2 505 850 27 19 drone 502 986 9 5 drone
324 2 505 850 27 19 drone 499 986 9 5 drone
325 2 506 850 27 19 drone 495 985 9 5 drone
326 2 506 850 27 19 drone 491 985 9 5 drone
327 2 507 851 27 18 drone 487 984 9 5 drone
328 2 507 851 27 18 drone 483 983 9 5 drone
329 2 508 851 27 18 drone 480 982 9 5 drone
330 2 508 851 27 18 drone 476 981 9 5 drone
331 2 509 851 26 18 drone 473 980 9 6 drone
332 2 509 851 26 18 drone 469 979 9 6 drone
333 2 510 851 26 18 drone 465 978 9 6 drone
334 2 510 851 26 18 drone 462 977 9 6 drone
335 2 511 851 25 18 drone 458 976 9 6 drone
336 2 512 851 25 18 drone 455 975 9 7 drone
337 2 512 851 25 18 drone 451 974 9 7 drone
338 2 513 851 24 18 drone 447 973 9 7 drone
339 2 513 851 24 18 drone 445 973 9 7 drone
340 2 513 851 24 18 drone 442 972 8 7 drone
341 2 514 851 24 18 drone 440 971 8 7 drone
342 2 514 851 24 19 drone 437 971 8 7 drone
343 2 514 851 24 19 drone 435 970 7 7 drone
344 2 515 851 24 19 drone 432 969 7 7 drone
345 2 515 851 24 19 drone 429 969 7 7 drone
346 2 516 851 24 19 drone 427 968 7 7 drone
347 2 516 851 24 19 drone 424 967 6 7 drone
348 2 516 851 24 19 drone 422 967 6 7 drone
349 2 516 851 24 19 drone 420 967 6 7 drone
350 2 516 851 24 19 drone 419 967 6 7 drone
351 2 516 851 25 19 drone 418 967 7 7 drone
352 2 515 851 25 19 drone 417 967 7 7 drone
353 2 515 851 25 19 drone 416 967 7 7 drone
354 2 515 851 26 19 drone 414 966 7 7 drone
355 2 515 851 26 19 drone 413 966 7 7 drone
356 2 515 851 26 19 drone 412 966 7 6 drone
357 2 514 851 27 19 drone 411 966 7 6 drone
358 2 514 851 27 19 drone 410 966 8 6 drone
359 2 514 851 27 19 drone 410 966 7 6 drone
360 2 515 851 27 19 drone 410 967 7 6 drone
361 2 515 851 27 19 drone 410 967 7 6 drone
362 2 515 851 27 19 drone 410 967 7 5 drone
363 2 515 851 27 19 drone 410 967 7 5 drone
364 2 515 851 27 19 drone 410 967 7 5 drone
365 2 515 851 27 19 drone 409 967 6 5 drone
366 2 516 851 27 19 drone 409 967 6 5 drone
367 2 516 851 27 19 drone 409 967 6 5 drone
368 2 516 851 27 19 drone 409 968 6 4 drone
369 2 516 851 27 19 drone 409 968 6 5 drone
370 2 516 851 27 19 drone 410 968 6 5 drone
371 2 516 851 27 19 drone 410 968 6 5 drone
372 2 516 850 27 20 drone 410 968 6 5 drone
373 2 516 850 27 20 drone 410 968 6 5 drone
374 2 516 850 27 20 drone 410 968 6 5 drone
375 2 517 850 27 20 drone 410 968 6 6 drone
376 2 517 850 27 20 drone 410 968 6 6 drone
377 2 517 849 27 20 drone 410 969 6 6 drone
378 2 517 849 27 20 drone 410 969 6 6 drone
379 2 517 849 27 20 drone 410 969 6 6 drone
380 2 517 849 27 20 drone 410 969 7 6 drone
381 2 517 849 28 20 drone 410 969 7 6 drone
382 2 516 850 28 20 drone 410 969 7 6 drone
383 2 516 850 28 20 drone 410 970 8 6 drone
384 2 516 850 28 20 drone 411 970 8 6 drone
385 2 516 850 28 20 drone 411 970 9 6 drone
386 2 516 850 28 20 drone 411 970 9 6 drone
387 2 516 850 28 20 drone 411 970 9 6 drone
388 2 516 850 29 20 drone 411 970 10 6 drone
389 2 516 850 28 20 drone 410 970 9 6 drone
390 2 516 849 28 20 drone 409 970 9 6 drone
391 2 516 849 28 20 drone 409 970 9 5 drone
392 2 516 849 28 20 drone 408 970 9 5 drone
393 2 516 849 28 20 drone 407 970 8 5 drone
394 2 516 848 28 20 drone 406 970 8 5 drone
395 2 515 848 28 20 drone 406 970 8 4 drone
396 2 515 848 27 20 drone 405 970 8 4 drone
397 2 515 848 27 20 drone 404 969 7 4 drone
398 2 515 847 27 20 drone 404 969 7 4 drone
399 2 515 847 27 20 drone 402 969 7 4 drone
400 2 515 847 27 20 drone 400 968 7 4 drone
401 2 514 847 27 20 drone 398 967 8 4 drone
402 2 514 847 27 19 drone 396 966 8 4 drone
403 2 514 848 27 19 drone 394 966 8 5 drone
404 2 513 848 27 19 drone 392 965 8 5 drone
405 2 513 848 27 19 drone 390 964 8 5 drone
406 2 513 848 27 19 drone 388 963 8 5 drone
407 2 513 848 27 19 drone 386 963 8 5 drone
408 2 512 848 26 19 drone 384 962 8 5 drone
409 2 512 848 26 19 drone 382 961 8 6 drone
410 2 512 847 26 19 drone 380 960 8 7 drone
411 2 512 847 26 20 drone 378 959 8 7 drone
412 2 512 847 26 20 drone 376 958 8 8 drone
413 2 512 847 26 20 drone 373 957 8 8 drone
414 2 511 847 26 20 drone 370 955 8 7 drone
415 2 511 847 26 20 drone 367 954 8 7 drone
416 2 511 847 26 20 drone 365 953 8 7 drone
417 2 511 847 26 20 drone 362 952 8 6 drone
418 2 511 847 26 21 drone 359 950 8 6 drone
419 2 511 847 26 20 drone 356 949 8 6 drone
420 2 511 847 26 20 drone 353 948 8 6 drone
421 2 512 847 26 20 drone 350 946 8 5 drone
422 2 512 848 25 20 drone 347 945 8 5 drone
423 2 512 848 25 20 drone 344 944 8 5 drone
424 2 512 848 25 20 drone 341 942 8 5 drone
425 2 513 848 25 20 drone 338 941 8 4 drone
426 2 513 848 25 20 drone 335 940 7 4 drone
427 2 513 848 24 20 drone 331 938 7 4 drone
428 2 513 849 24 20 drone 328 937 7 4 drone
429 2 513 849 24 20 drone 325 935 7 4 drone
430 2 513 849 25 19 drone 321 933 7 4 drone
431 2 513 849 25 19 drone 318 931 8 5 drone
432 2 513 850 26 19 drone 314 929 8 5 drone
433 2 512 850 26 19 drone 311 927 8 5 drone
434 2 512 850 27 19 drone 307 926 8 5 drone
435 2 512 851 27 19 drone 304 924 8 6 drone
436 2 512 851 28 19 drone 300 922 8 6 drone
437 2 512 851 28 19 drone 297 920 8 6 drone
438 2 511 851 28 19 drone 294 918 9 6 drone
439 2 512 851 28 19 drone 291 917 9 6 drone
440 2 513 852 28 19 drone 289 915 9 6 drone
441 2 513 852 27 19 drone 286 914 9 7 drone
442 2 514 852 27 19 drone 284 912 9 7 drone
443 2 515 852 26 19 drone 281 911 9 7 drone
444 2 515 852 26 19 drone 279 910 9 7 drone
445 2 516 852 25 19 drone 277 908 9 7 drone
446 2 517 852 25 19 drone 274 907 9 7 drone
447 2 517 852 25 19 drone 272 906 9 7 drone
448 2 518 852 24 19 drone 269 904 9 7 drone
449 2 518 852 24 19 drone 268 904 9 7 drone
450 2 518 852 24 19 drone 267 903 9 7 drone
451 2 519 852 24 20 drone 266 902 8 7 drone
452 2 519 853 25 20 drone 264 901 8 7 drone
453 2 519 853 25 20 drone 263 900 8 7 drone
454 2 519 853 25 20 drone 262 900 8 7 drone
455 2 519 853 25 20 drone 261 899 8 7 drone
456 2 519 853 25 20 drone 260 898 7 7 drone
457 2 519 853 25 20 drone 258 897 7 7 drone
458 2 520 853 25 20 drone 257 896 7 7 drone
459 2 520 853 25 20 drone 257 896 7 7 drone
460 2 520 853 25 20 drone 256 895 7 7 drone
461 2 521 854 25 19 drone 255 895 7 7 drone
462 2 521 854 25 19 drone 255 894 7 7 drone
463 2 521 854 25 19 drone 254 894 7 7 drone
464 2 521 854 25 19 drone 254 893 7 7 drone
465 2 522 855 25 18 drone 253 893 7 7 drone
466 2 522 855 25 18 drone 252 892 7 7 drone
467 2 522 855 25 18 drone 252 892 7 7 drone
468 2 523 855 25 18 drone 251 891 8 7 drone
469 2 522 855 25 18 drone 251 891 8 7 drone
470 2 522 855 25 18 drone 251 891 8 7 drone
471 2 522 855 26 18 drone 252 890 8 7 drone
472 2 522 854 26 19 drone 252 890 8 7 drone
473 2 522 854 26 19 drone 252 890 8 7 drone
474 2 522 854 26 19 drone 252 890 8 7 drone
475 2 522 853 26 19 drone 252 889 8 7 drone
476 2 522 853 26 20 drone 252 889 8 7 drone
477 2 522 853 26 20 drone 252 889 8 7 drone
478 2 522 853 27 20 drone 252 888 9 7 drone
479 2 521 852 27 20 drone 252 888 9 7 drone
480 0
