0 0
1 0
2 0
3 0
4 0
5 0
6 0
7 0
8 0
9 0
10 0
11 0
12 0
13 0
14 0
15 0
16 0
17 0
18 0
19 0
20 0
21 0
22 0
23 0
24 0
25 0
26 0
27 0
28 0
29 0
30 0
31 1 1870 72 51 86 drone
32 1 1864 83 56 79 drone
33 1 1835 77 76 95 drone
34 1 1807 86 78 94 drone
35 1 1779 94 79 93 drone
36 1 1751 103 80 93 drone
37 1 1723 111 81 92 drone
38 1 1695 120 82 91 drone
39 1 1667 128 83 91 drone
40 1 1639 137 85 90 drone
41 1 1601 145 87 90 drone
42 1 1563 154 89 89 drone
43 1 1524 162 91 89 drone
44 1 1486 171 93 89 drone
45 1 1448 179 96 89 drone
46 1 1410 187 98 88 drone
47 1 1372 196 100 88 drone
48 1 1334 204 102 88 drone
49 1 1293 213 103 89 drone
50 1 1253 221 104 91 drone
51 1 1212 230 105 92 drone
52 1 1172 239 106 93 drone
53 1 1131 247 107 95 drone
54 1 1091 256 108 96 drone
55 1 1050 264 109 97 drone
56 1 1022 276 105 95 drone
57 1 988 287 105 94 drone
58 1 948 299 108 92 drone
59 1 923 310 90 90 drone
60 1 898 321 95 94 drone
61 1 878 333 84 86 drone
62 1 855 344 77 84 drone
63 1 834 359 75 81 drone
64 1 806 368 87 75 drone
65 1 793 381 75 74 drone
66 1 779 390 67 71 drone
67 1 762 404 65 67 drone
68 1 757 414 63 64 drone
69 1 747 427 60 61 drone
70 1 737 432 60 59 drone
71 1 730 445 59 57 drone
72 1 721 453 58 55 drone
73 1 718 461 57 54 drone
74 1 710 470 56 52 drone
75 1 712 479 56 50 drone
76 1 710 487 55 49 drone
77 1 709 495 54 47 drone
78 1 706 500 53 45 drone
79 1 706 507 53 43 drone
80 1 707 516 52 42 drone
81 1 711 523 51 40 drone
82 1 715 527 50 39 drone
83 1 719 531 49 39 drone
84 1 723 536 49 38 drone
85 1 727 540 48 37 drone
86 1 731 544 47 37 drone
87 1 735 548 46 36 drone
88 1 739 553 46 36 drone
89 1 743 557 45 35 drone
90 1 747 561 44 34 drone
91 1 751 565 43 34 drone
92 1 757 568 44 34 drone
93 1 763 571 45 34 drone
94 1 769 574 45 34 drone
95 1 775 577 46 34 drone
96 1 781 580 47 35 drone
97 1 787 583 47 35 drone
98 1 793 586 48 35 drone
99 1 803 588 48 35 drone
100 1 812 591 47 35 drone
101 1 821 594 46 35 drone
102 1 830 597 46 35 drone
103 1 839 600 45 35 drone
104 1 848 603 44 35 drone
105 1 857 606 44 35 drone
106 1 866 609 43 35 drone
107 1 877 612 44 34 drone
108 1 887 615 44 33 drone
109 1 898 617 45 32 drone
110 1 909 620 45 31 drone
111 1 920 623 46 30 drone
112 1 930 626 46 29 drone
113 1 941 629 47 28 drone
114 1 952 632 47 27 drone
115 1 962 635 48 26 drone
116 1 973 635 47 27 drone
117 1 984 636 47 27 drone
118 1 995 636 47 28 drone
119 1 1006 637 47 29 drone
120 1 1017 637 47 29 drone
121 1 1028 638 46 30 drone
122 1 1039 638 46 30 drone
123 1 1050 639 46 31 drone
124 1 1060 639 46 32 drone
125 1 1068 639 46 32 drone
126 1 1075 639 46 33 drone
127 1 1082 639 46 33 drone
128 1 1095 642 40 31 drone
129 1 1096 639 46 34 drone
130 1 1103 639 45 35 drone
131 1 1110 639 45 36 drone
132 1 1112 639 45 36 drone
133 1 1114 639 45 36 drone
134 1 1117 640 45 35 drone
135 1 1126 641 44 35 drone
136 1 1128 640 44 35 drone
137 1 1131 641 44 35 drone
138 1 1132 643 43 35 drone
139 1 1136 643 43 35 drone
140 1 1137 643 43 35 drone
141 1 1138 642 43 35 drone
142 1 1135 643 42 35 drone
143 1 1136 643 42 35 drone
144 1 1134 642 42 35 drone
145 1 1131 642 42 35 drone
146 1 1129 642 42 35 drone
147 1 1126 641 42 34 drone
148 1 1124 641 42 34 drone
149 1 1122 640 42 34 drone
150 1 1119 640 42 34 drone
151 1 1117 640 42 34 drone
152 1 1110 639 42 34 drone
153 1 1102 638 43 35 drone
154 1 1095 637 43 35 drone
155 1 1088 636 44 35 drone
156 1 1080 635 44 35 drone
157 1 1073 634 44 35 drone
158 1 1066 633 45 35 drone
159 1 1058 632 45 36 drone
160 1 1051 631 46 36 drone
161 1 1044 630 46 36 drone
162 1 1032 628 48 36 drone
163 1 1019 625 50 37 drone
164 1 1007 623 51 37 drone
165 1 995 621 53 38 drone
166 1 983 619 54 38 drone
167 1 970 617 56 39 drone
168 1 958 615 58 39 drone
169 1 946 613 59 40 drone
170 1 935 611 58 41 drone
171 1 924 609 56 42 drone
172 1 908 603 60 46 drone
173 1 899 599 58 49 drone
174 1 889 595 52 45 drone
175 1 876 600 55 44 drone
176 1 866 597 49 46 drone
177 1 859 594 48 47 drone
178 1 850 593 46 48 drone
179 1 843 594 47 47 drone
180 1 824 593 59 46 drone
181 1 820 593 56 50 drone
182 1 812 594 55 47 drone
183 1 804 594 58 49 drone
184 1 797 591 52 52 drone
185 1 793 598 49 46 drone
186 1 787 595 50 45 drone
187 1 781 599 50 45 drone
188 1 776 597 51 45 drone
189 1 770 601 51 44 drone
190 1 767 599 50 44 drone
191 1 764 605 49 43 drone
192 1 760 606 48 43 drone
193 1 764 608 47 42 drone
194 1 761 612 45 42 drone
195 1 759 611 43 43 drone
196 1 760 616 43 41 drone
197 1 759 616 46 43 drone
198 1 756 617 49 45 drone
199 1 762 624 40 39 drone
200 1 765 626 40 39 drone
201 1 767 629 41 39 drone
202 1 769 632 41 39 drone
203 1 772 635 41 38 drone
204 1 774 638 42 38 drone
205 1 777 641 42 38 drone
206 1 779 643 43 38 drone
207 1 781 646 43 38 drone
208 1 781 648 46 39 drone
209 1 786 652 44 37 drone
210 1 788 655 44 37 drone
211 1 791 657 45 37 drone
212 1 795 660 44 36 drone
213 1 800 663 43 35 drone
214 1 804 666 42 34 drone
215 1 809 669 41 33 drone
216 1 813 672 40 32 drone
217 1 818 675 40 31 drone
218 1 822 678 39 31 drone
219 1 826 681 38 30 drone
220 1 831 684 37 29 drone
221 1 835 687 36 28 drone
222 1 840 690 35 27 drone
223 1 844 692 34 26 drone
224 1 849 695 34 25 drone
225 1 850 696 33 25 drone
226 1 851 697 33 25 drone
227 1 852 697 33 25 drone
228 1 853 698 33 26 drone
229 1 857 700 30 24 drone
230 1 857 700 31 25 drone
231 1 858 700 32 25 drone
232 1 857 701 30 23 drone
233 1 855 698 29 24 drone
234 1 853 699 29 22 drone
235 1 850 698 31 21 drone
236 1 850 696 30 23 drone
237 1 849 694 28 23 drone
238 1 844 691 30 24 drone
239 1 844 687 27 24 drone
240 1 838 686 29 24 drone
241 1 834 682 28 24 drone
242 1 829 678 28 24 drone
243 1 825 673 28 24 drone
244 1 820 669 28 24 drone
245 1 816 665 27 24 drone
246 1 811 661 27 24 drone
247 1 804 656 27 23 drone
248 1 798 651 28 23 drone
249 1 791 645 28 22 drone
250 1 784 640 29 22 drone
251 1 777 635 29 21 drone
252 1 770 630 30 21 drone
253 1 763 623 30 22 drone
254 1 756 616 29 22 drone
255 1 749 608 29 23 drone
256 1 742 601 28 24 drone
257 1 735 595 28 24 drone
258 1 727 590 29 23 drone
259 1 720 584 29 23 drone
260 1 713 578 29 22 drone
261 1 705 572 29 22 drone
262 1 699 567 28 22 drone
263 1 693 562 27 22 drone
264 1 687 557 25 21 drone
265 1 680 552 24 21 drone
266 1 674 547 23 21 drone
267 1 668 542 22 21 drone
268 1 661 537 21 20 drone
269 1 657 535 21 20 drone
270 1 649 531 21 20 drone
271 1 644 526 21 20 drone
272 1 640 522 21 20 drone
273 1 635 520 23 22 drone
274 1 630 517 25 22 drone
275 1 626 515 24 22 drone
276 1 623 512 25 23 drone
277 1 620 512 22 20 drone
278 1 617 509 22 20 drone
279 1 614 508 22 21 drone
280 1 611 507 23 21 drone
281 1 609 506 23 22 drone
282 1 607 507 23 21 drone
283 1 605 504 23 21 drone
284 1 604 504 22 21 drone
285 1 602 505 22 21 drone
286 1 600 503 22 21 drone
287 1 597 504 23 21 drone
288 1 597 505 23 21 drone
289 1 598 506 23 21 drone
290 1 597 506 23 21 drone
291 1 596 507 23 21 drone
292 1 597 509 23 21 drone
293 1 597 511 23 21 drone
294 1 598 513 23 21 drone
295 1 598 515 23 21 drone
296 1 599 518 23 21 drone
297 1 599 520 23 20 drone
298 1 600 522 23 20 drone
299 1 600 524 23 20 drone
300 1 601 526 22 20 drone
301 1 601 528 22 20 drone
302 1 602 530 22 20 drone
303 1 602 532 22 20 drone
304 1 604 535 22 20 drone
305 1 606 539 22 20 drone
306 1 608 543 22 20 drone
307 1 609 546 22 20 drone
308 1 611 550 22 20 drone
309 1 613 553 22 20 drone
310 1 615 557 22 20 drone
311 1 618 561 23 20 drone
312 1 620 565 23 20 drone
313 1 623 569 24 20 drone
314 1 626 574 24 20 drone
315 1 628 578 24 19 drone
316 1 631 582 25 19 drone
317 1 635 585 25 19 drone
318 1 639 588 25 19 drone
319 1 643 590 25 19 drone
320 1 648 593 25 19 drone
321 1 652 596 25 19 drone
322 1 656 599 25 19 drone
323 1 660 602 25 19 drone
324 1 664 605 25 18 drone
325 1 668 607 25 18 drone
326 1 674 610 25 18 drone
327 1 681 612 24 18 drone
328 1 687 614 24 18 drone
329 1 693 616 24 18 drone
330 1 699 618 24 18 drone
331 1 705 621 24 18 drone
332 1 712 623 23 18 drone
333 1 718 625 23 17 drone
334 1 724 627 23 17 drone
335 1 730 629 23 17 drone
336 1 736 632 22 17 drone
337 1 743 634 22 17 drone
338 1 749 635 23 17 drone
339 1 756 637 23 17 drone
340 1 763 639 23 17 drone
341 1 770 640 23 17 drone
342 1 777 642 24 17 drone
343 1 783 643 24 17 drone
344 1 790 645 24 17 drone
345 1 797 647 25 17 drone
346 1 804 647 25 17 drone
347 1 812 647 25 17 drone
348 1 820 647 25 17 drone
349 1 827 647 25 17 drone
350 1 835 648 25 17 drone
351 1 843 648 25 17 drone
352 1 850 648 25 17 drone
353 1 858 648 25 17 drone
354 1 866 648 25 17 drone
355 1 873 648 25 18 drone
356 1 882 648 25 17 drone
357 1 891 647 26 17 drone
358 1 900 647 26 17 drone
359 1 908 646 26 17 drone
360 1 917 646 27 17 drone
361 1 926 645 27 17 drone
362 1 935 645 27 16 drone
363 1 944 644 28 16 drone
364 1 952 644 28 16 drone
365 1 961 643 28 16 drone
366 1 970 643 29 16 drone
367 1 980 641 28 16 drone
368 1 991 639 28 17 drone
369 1 1002 638 28 17 drone
370 1 1012 636 28 18 drone
371 1 1023 634 28 18 drone
372 1 1033 633 28 19 drone
373 1 1044 631 28 19 drone
374 1 1054 629 28 19 drone
375 1 1065 628 28 20 drone
376 1 1075 626 28 20 drone
377 1 1089 624 28 20 drone
378 1 1096 620 33 23 drone
379 1 1109 619 36 21 drone
380 1 1126 617 32 22 drone
381 1 1138 615 34 22 drone
382 1 1151 613 35 22 drone
383 1 1160 609 34 24 drone
384 1 1177 608 30 25 drone
385 1 1193 605 34 23 drone
386 1 1208 605 33 22 drone
387 1 1223 602 32 23 drone
388 1 1240 600 29 23 drone
389 1 1256 599 27 22 drone
390 1 1272 596 27 22 drone
391 1 1289 594 28 22 drone
392 1 1305 591 29 23 drone
393 1 1321 588 29 23 drone
394 1 1337 585 30 23 drone
395 1 1353 582 31 23 drone
396 1 1369 579 31 24 drone
397 1 1386 576 32 24 drone
398 1 1402 573 33 24 drone
399 1 1418 570 33 25 drone
400 1 1434 567 34 25 drone
401 1 1450 564 35 25 drone
402 1 1467 561 35 25 drone
403 1 1481 556 35 25 drone
404 1 1496 551 35 25 drone
405 1 1514 550 35 25 drone
406 1 1529 544 35 25 drone
407 1 1546 539 34 25 drone
408 1 1559 534 34 25 drone
409 1 1575 529 34 25 drone
410 1 1588 522 34 25 drone
411 1 1602 516 33 25 drone
412 1 1614 510 33 24 drone
413 1 1627 503 33 25 drone
414 1 1634 496 36 25 drone
415 1 1649 488 33 25 drone
416 1 1660 482 32 25 drone
417 1 1671 474 32 25 drone
418 1 1681 467 32 25 drone
419 1 1692 459 32 25 drone
420 1 1701 450 31 26 drone
421 1 1711 443 31 26 drone
422 1 1718 434 31 26 drone
423 1 1726 428 31 26 drone
424 1 1734 418 30 26 drone
425 1 1738 411 30 26 drone
426 1 1745 402 30 26 drone
427 1 1754 392 30 26 drone
428 1 1757 386 30 26 drone
429 1 1763 376 29 27 drone
430 2 13 -2 29 27 drone 1769 368 29 27 drone
431 1 1772 360 29 27 drone
432 1 1774 352 29 27 drone
433 1 1777 346 29 27 drone
434 1 1780 338 28 27 drone
435 1 1783 330 28 27 drone
436 1 1783 323 28 27 drone
437 1 1783 317 28 27 drone
438 1 1784 311 28 26 drone
439 1 1789 302 28 26 drone
440 1 1788 296 28 26 drone
441 1 1791 289 28 25 drone
442 1 1791 283 28 25 drone
443 1 1790 276 28 25 drone
444 1 1790 270 28 25 drone
445 1 1791 263 28 24 drone
446 1 1790 258 28 24 drone
447 1 1790 251 28 24 drone
448 1 1791 245 27 23 drone
449 1 1790 240 27 23 drone
450 1 1789 235 27 23 drone
451 1 1788 230 27 23 drone
452 1 1786 224 27 22 drone
453 1 1784 219 27 22 drone
454 1 1783 214 27 22 drone
455 1 1781 208 26 22 drone
456 1 1779 202 26 22 drone
457 1 1778 197 26 22 drone
458 1 1776 192 26 22 drone
459 1 1774 186 26 21 drone
460 1 1773 184 26 21 drone
461 1 1771 179 25 21 drone
462 1 1770 173 25 21 drone
463 1 1767 169 25 21 drone
464 1 1765 165 25 21 drone
465 1 1763 160 25 21 drone
466 1 1760 156 25 21 drone
467 1 1758 152 25 21 drone
468 1 1756 147 25 22 drone
469 1 1754 143 25 22 drone
470 1 1751 139 25 22 drone
471 1 1749 134 25 22 drone
472 1 1747 130 25 22 drone
473 1 1745 126 25 22 drone
474 1 1742 121 25 22 drone
475 1 1740 117 25 22 drone
476 1 1739 115 25 22 drone
477 1 1737 112 24 21 drone
478 1 1736 110 24 21 drone
479 1 1734 107 24 21 drone
480 1 1733 105 23 20 drone
481 1 1731 102 23 20 drone
482 1 1730 100 23 20 drone
483 1 1728 98 22 19 drone
484 1 1727 95 22 19 drone
485 1 1726 93 21 18 drone
486 1 1724 90 21 18 drone
487 1 1723 89 21 18 drone
488 1 1721 87 21 18 drone
489 1 1720 85 21 18 drone
490 1 1718 84 21 19 drone
491 1 1717 82 21 19 drone
492 1 1716 80 21 19 drone
493 1 1714 79 21 19 drone
494 1 1713 77 21 19 drone
495 1 1711 75 21 19 drone
496 1 1710 74 21 20 drone
497 1 1708 72 21 20 drone
498 1 1707 70 21 20 drone
499 1 1706 69 21 20 drone
500 1 1704 69 21 20 drone
501 1 1703 68 22 19 drone
502 1 1702 67 22 19 drone
503 1 1701 66 22 19 drone
504 1 1700 65 23 19 drone
505 1 1699 66 22 18 drone
506 1 1698 66 22 18 drone
507 1 1698 66 21 17 drone
508 1 1697 67 21 17 drone
509 1 1696 67 20 16 drone
510 1 1696 67 20 15 drone
