0 1 1088 804 6 5 drone
1 1 1091 804 6 5 drone
2 1 1095 804 6 5 drone
3 1 1098 804 6 5 drone
4 1 1101 804 6 5 drone
5 1 1104 803 6 5 drone
6 1 1107 803 6 5 drone
7 1 1111 803 6 5 drone
8 1 1114 803 6 5 drone
9 1 1117 803 6 5 drone
10 1 1120 803 6 5 drone
11 1 1123 802 6 5 drone
12 1 1127 802 6 5 drone
13 1 1131 802 6 5 drone
14 1 1135 801 6 5 drone
15 1 1138 801 6 5 drone
16 1 1142 801 6 5 drone
17 1 1146 800 6 5 drone
18 1 1149 800 6 5 drone
19 1 1153 800 6 5 drone
20 1 1156 800 6 5 drone
21 1 1160 799 6 5 drone
22 1 1163 799 6 6 drone
23 1 1167 799 6 6 drone
24 1 1170 798 6 6 drone
25 1 1174 798 6 6 drone
26 1 1177 797 6 6 drone
27 1 1181 797 6 6 drone
28 1 1184 797 7 6 drone
29 1 1188 796 7 6 drone
30 1 1191 796 7 5 drone
31 1 1195 795 7 5 drone
32 1 1198 795 7 5 drone
33 1 1201 795 7 5 drone
34 1 1205 794 7 5 drone
35 1 1208 794 7 5 drone
36 1 1212 793 7 5 drone
37 1 1215 793 7 5 drone
38 1 1219 792 7 5 drone
39 1 1222 792 7 5 drone
40 1 1225 792 7 5 drone
41 1 1229 791 7 5 drone
42 1 1232 791 7 5 drone
43 1 1236 790 7 5 drone
44 1 1239 790 7 5 drone
45 1 1243 789 7 5 drone
46 1 1246 789 8 5 drone
47 1 1250 788 8 5 drone
48 1 1253 788 8 5 drone
49 1 1256 787 8 5 drone
50 1 1260 786 8 6 drone
51 1 1263 786 8 6 drone
52 1 1267 785 9 6 drone
53 1 1270 785 9 6 drone
54 1 1273 784 9 6 drone
55 1 1277 784 9 6 drone
56 1 1280 783 9 6 drone
57 1 1284 782 9 6 drone
58 1 1287 781 9 6 drone
59 1 1290 781 9 7 drone
60 1 1294 780 9 7 drone
61 1 1297 779 9 7 drone
62 1 1301 779 9 7 drone
63 1 1304 778 8 7 drone
64 1 1307 777 9 7 drone
65 1 1311 777 9 7 drone
66 1 1314 776 9 7 drone
67 1 1317 775 9 6 drone
68 1 1321 775 9 6 drone
69 1 1324 774 9 6 drone
70 1 1327 773 10 6 drone
71 1 1331 773 10 6 drone
72 1 1334 772 10 6 drone
73 1 1338 771 10 6 drone
74 1 1341 771 10 6 drone
75 1 1344 770 10 6 drone
76 1 1348 769 10 6 drone
77 1 1351 768 10 6 drone
78 1 1354 768 10 6 drone
79 1 1357 767 9 6 drone
80 1 1361 766 9 7 drone
81 1 1364 765 9 7 drone
82 1 1367 764 9 7 drone
83 1 1371 763 9 7 drone
84 1 1374 763 9 7 drone
85 1 1377 762 9 7 drone
86 1 1380 761 9 7 drone
87 1 1383 760 9 7 drone
88 1 1387 759 9 7 drone
89 1 1390 759 9 7 drone
90 1 1393 758 9 7 drone
91 1 1397 757 9 7 drone
92 1 1400 756 9 7 drone
93 1 1403 755 9 7 drone
94 1 1406 754 9 7 drone
95 1 1410 753 9 6 drone
96 1 1413 752 9 6 drone
97 1 1416 751 9 6 drone
98 1 1419 750 9 6 drone
99 1 1423 749 9 7 drone
100 1 1426 748 10 7 drone
101 1 1429 747 10 7 drone
102 1 1432 746 10 7 drone
103 1 1435 745 10 7 drone
104 1 1438 744 10 7 drone
105 1 1441 743 11 8 drone
106 1 1444 742 11 8 drone
107 1 1447 741 11 8 drone
108 1 1450 740 11 8 drone
109 1 1453 740 11 8 drone
110 1 1456 739 11 8 drone
111 1 1459 738 11 8 drone
112 1 1462 737 11 8 drone
113 1 1465 736 11 9 drone
114 1 1468 735 11 9 drone
115 1 1471 734 12 9 drone
116 1 1473 733 12 9 drone
117 1 1476 732 12 9 drone
118 1 1479 731 12 9 drone
119 1 1482 730 12 9 drone
120 1 1485 729 12 9 drone
121 1 1487 728 12 9 drone
122 1 1490 728 12 9 drone
123 1 1493 727 12 9 drone
124 1 1495 726 13 9 drone
125 1 1498 725 13 9 drone
126 1 1501 724 13 9 drone
127 1 1503 724 13 9 drone
128 1 1506 723 13 9 drone
129 1 1508 722 14 9 drone
130 1 1511 721 14 9 drone
131 1 1514 720 14 9 drone
132 1 1516 719 14 9 drone
133 1 1519 718 14 10 drone
134 1 1522 717 14 10 drone
135 1 1524 716 14 10 drone
136 1 1527 715 14 10 drone
137 1 1530 714 14 10 drone
138 1 1532 713 14 10 drone
139 1 1535 712 14 10 drone
140 1 1538 711 14 10 drone
141 1 1540 710 14 10 drone
142 1 1543 709 14 10 drone
143 1 1546 708 14 10 drone
144 1 1548 706 14 10 drone
145 1 1551 705 14 10 drone
146 1 1553 704 14 10 drone
147 1 1556 703 14 10 drone
148 1 1558 702 14 10 drone
149 1 1561 701 14 10 drone
150 1 1564 700 14 10 drone
151 1 1566 699 14 10 drone
152 1 1569 698 14 10 drone
153 1 1572 697 14 10 drone
154 1 1575 696 13 10 drone
155 1 1578 695 13 10 drone
156 1 1581 694 13 10 drone
157 1 1584 693 13 10 drone
158 1 1587 692 13 9 drone
159 1 1590 691 13 9 drone
160 1 1593 690 13 9 drone
161 1 1596 689 12 9 drone
162 1 1599 687 13 9 drone
163 1 1602 686 13 9 drone
164 1 1605 685 13 10 drone
165 1 1607 683 13 10 drone
166 1 1610 682 13 10 drone
167 1 1613 681 13 10 drone
168 1 1615 679 13 10 drone
169 1 1618 678 14 10 drone
170 1 1621 677 14 10 drone
171 1 1623 675 14 11 drone
172 1 1626 674 14 11 drone
173 1 1628 673 14 11 drone
174 1 1630 671 14 11 drone
175 1 1632 670 14 11 drone
176 1 1635 669 14 12 drone
177 1 1637 667 14 12 drone
178 1 1639 666 14 12 drone
179 1 1642 665 14 12 drone
180 1 1644 663 14 12 drone
181 1 1646 662 14 12 drone
182 1 1648 660 14 12 drone
183 1 1650 659 14 12 drone
184 1 1652 657 14 12 drone
185 1 1654 655 14 12 drone
186 1 1657 654 14 12 drone
187 1 1659 652 14 13 drone
188 1 1661 651 15 13 drone
189 1 1663 649 15 13 drone
190 1 1665 648 15 13 drone
191 1 1667 646 15 13 drone
192 1 1669 644 15 13 drone
193 1 1672 643 15 13 drone
194 1 1674 641 15 13 drone
195 1 1676 640 15 13 drone
196 1 1677 638 15 13 drone
197 1 1679 636 16 13 drone
198 1 1681 635 16 13 drone
199 1 1682 633 16 13 drone
200 1 1684 631 16 13 drone
201 1 1685 630 17 13 drone
202 1 1687 628 17 13 drone
203 1 1688 626 17 13 drone
204 1 1690 625 18 13 drone
205 1 1692 623 18 13 drone
206 1 1693 621 18 13 drone
207 1 1695 620 18 13 drone
208 1 1696 618 19 13 drone
209 1 1697 615 19 13 drone
210 1 1698 613 19 13 drone
211 1 1699 611 19 14 drone
212 1 1700 609 19 14 drone
213 1 1701 607 19 14 drone
214 1 1702 605 20 14 drone
215 1 1703 603 20 14 drone
216 1 1704 601 20 14 drone
217 1 1705 599 20 14 drone
218 1 1705 596 20 14 drone
219 1 1706 593 20 14 drone
220 1 1706 591 20 15 drone
221 1 1707 588 20 15 drone
222 1 1708 585 20 15 drone
223 1 1708 583 20 15 drone
224 1 1709 580 20 15 drone
225 1 1710 577 20 15 drone
226 1 1710 575 20 15 drone
227 1 1710 571 20 16 drone
228 1 1710 568 20 16 drone
229 1 1710 565 20 16 drone
230 1 1709 561 21 17 drone
231 1 1709 558 21 17 drone
232 1 1709 555 21 17 drone
233 1 1709 552 21 18 drone
234 1 1708 548 21 18 drone
235 1 1708 545 22 18 drone
236 1 1708 542 22 19 drone
237 1 1706 538 22 19 drone
238 1 1705 534 22 19 drone
239 1 1703 530 22 19 drone
240 1 1701 526 22 20 drone
241 1 1700 522 22 20 drone
242 1 1698 518 23 20 drone
243 1 1696 514 23 20 drone
244 1 1695 510 23 21 drone
245 1 1693 506 23 21 drone
246 1 1691 502 23 21 drone
247 1 1690 498 23 21 drone
248 1 1686 494 23 21 drone
249 1 1682 489 23 22 drone
250 1 1679 485 23 22 drone
251 1 1675 480 23 22 drone
252 1 1672 476 22 22 drone
253 1 1668 471 22 22 drone
254 1 1665 467 22 22 drone
255 1 1661 463 22 22 drone
256 1 1655 457 23 23 drone
257 1 1648 452 24 23 drone
258 1 1642 447 25 24 drone
259 1 1636 442 26 25 drone
260 1 1630 437 27 25 drone
261 1 1623 432 28 26 drone
262 1 1617 427 29 26 drone
263 1 1611 422 30 27 drone
264 1 1602 417 31 27 drone
265 1 1593 411 32 28 drone
266 1 1585 406 33 28 drone
267 1 1576 401 34 29 drone
268 1 1567 396 34 29 drone
269 1 1558 390 35 30 drone
270 1 1548 386 36 30 drone
271 1 1538 382 36 31 drone
272 1 1527 378 36 31 drone
273 1 1517 374 36 32 drone
274 1 1506 370 36 32 drone
275 1 1496 366 37 33 drone
276 1 1486 361 37 33 drone
277 1 1475 357 37 34 drone
278 1 1465 353 37 35 drone
279 1 1452 350 38 35 drone
280 1 1439 348 38 35 drone
281 1 1426 345 39 36 drone
282 1 1413 342 39 36 drone
283 1 1400 339 40 36 drone
284 1 1387 336 40 37 drone
285 1 1374 334 41 37 drone
286 1 1361 331 41 37 drone
287 1 1349 330 41 37 drone
288 1 1336 329 41 37 drone
289 1 1323 328 40 36 drone
290 1 1310 328 40 36 drone
291 1 1298 327 40 36 drone
292 1 1285 326 40 36 drone
293 1 1272 325 39 35 drone
294 1 1260 325 39 35 drone
295 1 1247 324 39 35 drone
296 1 1234 323 39 34 drone
297 1 1221 322 38 34 drone
298 1 1209 323 39 34 drone
299 1 1197 324 40 35 drone
300 1 1184 325 40 35 drone
301 1 1172 326 41 35 drone
302 1 1159 327 42 36 drone
303 1 1147 328 43 36 drone
304 1 1135 329 43 36 drone
305 1 1125 332 43 36 drone
306 1 1116 334 42 37 drone
307 1 1106 336 42 37 drone
308 1 1097 338 41 37 drone
309 1 1088 341 40 37 drone
310 1 1078 343 40 37 drone
311 1 1064 346 39 37 drone
312 1 1059 347 39 37 drone
313 1 1050 350 38 37 drone
314 1 1040 352 37 37 drone
315 1 1032 356 38 37 drone
316 1 1023 359 40 36 drone
317 1 1014 363 41 35 drone
318 1 1005 367 42 35 drone
319 1 996 371 43 34 drone
320 1 987 375 44 33 drone
321 1 978 378 45 32 drone
322 1 969 382 46 32 drone
323 1 964 385 45 32 drone
324 1 958 389 45 32 drone
325 1 953 392 44 32 drone
326 1 947 395 43 32 drone
327 1 941 399 43 33 drone
328 1 936 402 42 33 drone
329 1 930 405 41 33 drone
330 1 924 409 40 33 drone
331 1 919 412 40 33 drone
332 1 914 415 39 33 drone
333 1 909 419 39 32 drone
334 1 904 423 39 31 drone
335 1 900 426 38 31 drone
336 1 895 430 38 30 drone
337 1 890 433 38 30 drone
338 1 886 437 37 29 drone
339 1 881 440 37 29 drone
340 1 876 444 37 28 drone
341 1 873 447 37 28 drone
342 1 869 450 36 27 drone
343 1 866 453 36 27 drone
344 1 862 456 35 27 drone
345 1 859 459 35 27 drone
346 1 856 463 35 26 drone
347 1 852 466 34 26 drone
348 1 849 469 34 26 drone
349 1 846 471 34 26 drone
350 1 843 474 34 26 drone
351 1 840 476 34 25 drone
352 1 837 479 34 25 drone
353 1 834 481 33 25 drone
354 1 831 484 33 25 drone
355 1 828 486 33 25 drone
356 1 825 489 33 25 drone
357 1 823 491 33 25 drone
358 1 820 493 33 25 drone
359 1 817 495 33 24 drone
360 1 814 496 33 24 drone
361 1 812 498 33 24 drone
362 1 809 500 33 24 drone
363 1 806 502 33 23 drone
364 1 803 504 33 23 drone
365 1 801 506 33 23 drone
366 1 798 507 33 23 drone
367 1 796 508 34 23 drone
368 1 794 510 34 24 drone
369 1 792 511 35 24 drone
370 1 790 512 36 24 drone
371 1 787 513 36 25 drone
372 1 785 515 37 25 drone
373 1 783 516 38 25 drone
374 1 781 517 38 25 drone
375 1 779 518 39 26 drone
376 1 777 519 38 25 drone
377 1 776 520 38 25 drone
378 1 774 520 37 25 drone
379 1 773 521 37 25 drone
380 1 772 522 36 24 drone
381 1 770 523 36 24 drone
382 1 769 523 35 24 drone
383 1 767 524 35 23 drone
384 1 766 525 34 23 drone
385 1 765 525 34 23 drone
386 1 764 526 33 23 drone
387 1 763 526 32 23 drone
388 1 762 527 32 22 drone
389 1 761 527 31 22 drone
390 1 760 528 31 22 drone
391 1 760 528 30 22 drone
392 1 759 529 29 22 drone
393 1 758 529 29 21 drone
394 1 757 530 28 21 drone
395 1 756 530 27 21 drone
396 1 755 530 28 21 drone
397 1 754 531 28 21 drone
398 1 753 531 29 21 drone
399 1 752 531 29 21 drone
400 1 750 531 30 21 drone
401 1 749 532 30 21 drone
402 1 748 532 31 21 drone
403 1 747 532 31 21 drone
404 1 746 532 32 21 drone
405 1 745 532 32 21 drone
406 1 744 533 32 22 drone
407 1 744 533 32 22 drone
408 1 743 533 32 22 drone
409 1 743 533 32 22 drone
410 1 742 533 32 22 drone
411 1 742 533 33 23 drone
412 1 741 533 33 23 drone
413 1 740 533 33 23 drone
414 1 740 533 33 23 drone
415 1 739 534 33 24 drone
416 1 739 534 32 23 drone
417 1 738 534 32 23 drone
418 1 737 534 31 23 drone
419 1 737 535 31 23 drone
420 1 736 535 30 22 drone
421 1 736 535 29 22 drone
422 1 735 535 29 22 drone
423 1 734 536 28 22 drone
424 1 734 536 28 22 drone
425 1 733 536 28 22 drone
426 1 732 536 28 22 drone
427 1 732 536 27 22 drone
428 1 731 536 27 22 drone
429 1 730 536 27 22 drone
430 1 730 536 27 22 drone
431 1 729 536 27 23 drone
432 1 728 536 27 23 drone
433 1 728 536 27 23 drone
434 1 727 536 26 23 drone
435 1 726 536 26 23 drone
436 1 726 537 26 23 drone
437 1 725 537 26 22 drone
438 1 725 537 26 22 drone
439 1 724 538 26 21 drone
440 1 724 538 26 20 drone
441 1 723 539 26 20 drone
442 1 723 539 26 19 drone
443 1 722 539 26 19 drone
444 1 722 539 25 19 drone
445 1 721 540 25 19 drone
446 1 721 540 25 19 drone
447 1 720 540 25 19 drone
448 1 720 540 25 19 drone
449 1 719 540 25 19 drone
450 1 719 540 25 20 drone
451 1 718 540 24 20 drone
452 1 718 540 24 20 drone
453 1 718 540 24 20 drone
454 1 717 540 24 20 drone
455 1 717 540 24 20 drone
456 1 716 540 24 20 drone
457 1 715 540 24 20 drone
458 1 714 541 24 20 drone
459 1 714 541 24 20 drone
460 1 713 541 24 21 drone
461 1 712 542 25 21 drone
462 1 711 542 25 21 drone
463 1 711 542 25 21 drone
464 1 710 543 25 21 drone
465 1 710 544 25 21 drone
466 1 710 545 25 21 drone
467 1 709 545 24 21 drone
468 1 709 546 24 21 drone
469 1 708 547 24 22 drone
470 1 708 548 24 21 drone
471 1 707 549 25 21 drone
472 1 707 549 25 21 drone
473 1 706 550 25 21 drone
474 1 706 551 25 21 drone
475 1 705 552 25 21 drone
476 1 705 553 25 20 drone
477 1 704 554 25 20 drone
478 1 704 554 25 20 drone
479 1 703 556 25 20 drone
480 1 702 557 25 20 drone
481 1 701 558 25 20 drone
482 1 701 559 25 20 drone
483 1 700 560 24 20 drone
484 1 699 561 24 20 drone
485 1 698 563 24 20 drone
486 1 697 564 24 20 drone
487 1 697 565 24 20 drone
488 1 696 566 24 20 drone
489 1 696 567 23 19 drone
490 1 696 569 23 19 drone
491 1 695 570 22 19 drone
492 1 695 571 22 19 drone
493 1 695 572 21 18 drone
494 1 694 574 22 18 drone
495 1 693 575 22 18 drone
496 1 692 577 22 18 drone
497 1 691 578 23 18 drone
498 1 690 579 23 18 drone
499 1 689 581 23 18 drone
500 1 688 582 24 18 drone
501 1 687 583 24 18 drone
502 1 686 585 24 19 drone
503 1 685 586 24 18 drone
504 1 685 587 24 18 drone
505 1 684 589 24 18 drone
506 1 684 590 23 18 drone
507 1 683 592 23 18 drone
508 1 682 593 23 18 drone
509 1 682 594 22 18 drone
510 1 681 596 22 18 drone
511 1 681 597 22 18 drone
512 1 680 599 21 18 drone
513 1 679 600 21 18 drone
514 1 679 601 21 18 drone
515 1 678 602 20 18 drone
516 1 678 604 20 18 drone
517 1 677 605 19 17 drone
518 1 677 606 18 17 drone
519 1 676 607 18 17 drone
520 1 675 609 18 17 drone
521 1 675 610 17 16 drone
522 1 674 612 17 16 drone
523 1 673 613 17 15 drone
524 1 673 614 17 15 drone
525 1 672 616 17 15 drone
526 1 671 617 17 15 drone
527 1 670 618 17 15 drone
528 1 669 619 18 15 drone
529 1 668 621 18 15 drone
530 1 667 622 18 15 drone
531 1 666 623 19 15 drone
532 1 665 624 19 16 drone
533 1 664 626 19 16 drone
534 1 664 627 19 15 drone
535 1 663 628 19 15 drone
536 1 662 629 19 15 drone
537 1 662 630 19 15 drone
538 1 661 632 19 15 drone
539 1 660 633 19 15 drone
540 1 659 634 20 15 drone
541 1 659 635 19 16 drone
542 1 659 636 19 16 drone
543 1 659 637 19 16 drone
544 1 658 638 19 16 drone
545 1 658 639 19 17 drone
546 1 658 639 19 17 drone
547 1 658 640 19 17 drone
548 1 657 641 18 18 drone
549 1 657 643 19 17 drone
550 1 657 644 19 17 drone
551 1 657 646 19 16 drone
552 1 656 647 19 16 drone
553 1 656 649 19 15 drone
554 1 656 650 19 15 drone
555 1 655 652 19 14 drone
556 1 655 653 19 14 drone
557 1 655 654 19 14 drone
558 1 655 655 19 14 drone
559 1 655 656 18 14 drone
560 1 656 657 18 14 drone
561 1 656 658 18 14 drone
562 1 656 659 18 14 drone
563 1 656 660 17 14 drone
564 1 656 661 17 14 drone
565 1 656 662 17 14 drone
566 1 656 663 17 14 drone
567 1 656 664 17 14 drone
568 1 656 665 17 14 drone
569 1 657 666 17 13 drone
570 1 657 667 17 13 drone
571 1 657 668 17 13 drone
572 1 657 670 17 13 drone
573 1 657 671 17 13 drone
574 1 657 672 17 13 drone
575 1 658 673 17 13 drone
576 1 658 674 17 13 drone
577 1 658 675 17 13 drone
578 1 659 676 17 13 drone
579 1 659 677 17 13 drone
580 1 660 678 16 13 drone
581 1 660 679 16 13 drone
582 1 661 680 16 13 drone
583 1 662 681 15 12 drone
584 1 663 683 15 12 drone
585 1 664 684 15 12 drone
586 1 665 685 15 12 drone
587 1 666 686 14 11 drone
588 1 667 687 14 11 drone
589 1 668 688 14 11 drone
590 1 669 690 14 11 drone
591 1 670 691 14 11 drone
592 1 671 692 14 11 drone
593 1 672 693 13 12 drone
594 1 673 694 13 12 drone
595 1 674 695 13 12 drone
596 1 675 696 13 12 drone
597 1 677 697 13 12 drone
598 1 678 699 13 12 drone
599 1 679 700 13 12 drone
600 1 680 701 13 12 drone
601 1 682 702 13 12 drone
602 1 683 703 13 12 drone
603 1 684 705 13 12 drone
604 1 685 706 13 12 drone
605 1 687 707 13 12 drone
606 1 688 708 13 12 drone
607 1 690 710 13 12 drone
608 1 692 711 13 12 drone
609 1 694 712 13 12 drone
610 1 695 713 13 11 drone
611 1 697 715 12 11 drone
612 1 699 716 12 11 drone
613 1 700 717 12 11 drone
614 1 702 719 12 11 drone
615 1 704 720 12 11 drone
616 1 706 721 12 11 drone
617 1 708 722 12 11 drone
618 1 709 723 12 11 drone
619 1 711 724 12 11 drone
620 1 713 725 12 11 drone
621 1 715 726 12 11 drone
622 1 717 727 12 11 drone
623 1 719 728 12 11 drone
624 1 721 729 12 11 drone
625 1 723 730 12 11 drone
626 1 725 731 12 11 drone
627 1 727 732 12 11 drone
628 1 729 733 12 11 drone
629 1 731 734 12 11 drone
630 1 733 735 12 11 drone
631 1 735 736 12 11 drone
632 1 737 738 12 11 drone
633 1 739 739 12 11 drone
634 1 741 740 12 10 drone
635 1 743 741 13 10 drone
636 1 744 742 13 10 drone
637 1 746 744 13 9 drone
638 1 748 745 13 9 drone
639 1 750 746 13 9 drone
640 1 753 747 13 9 drone
641 1 755 748 12 9 drone
642 1 757 749 12 9 drone
643 1 759 750 12 9 drone
644 1 762 751 12 9 drone
645 1 764 752 11 9 drone
646 1 766 753 11 9 drone
647 1 768 754 11 9 drone
648 1 770 755 11 9 drone
649 1 772 756 10 9 drone
650 1 774 756 10 9 drone
651 1 776 757 10 9 drone
652 1 778 758 10 9 drone
653 1 779 759 10 9 drone
654 1 781 760 10 9 drone
655 1 783 761 10 9 drone
656 1 785 762 10 9 drone
657 1 787 763 10 9 drone
658 1 789 764 10 9 drone
659 1 791 765 10 9 drone
660 1 792 765 10 9 drone
661 1 794 766 10 8 drone
662 1 796 767 10 8 drone
663 1 798 768 10 8 drone
664 1 800 769 10 8 drone
665 1 802 770 10 8 drone
666 1 804 771 10 8 drone
667 1 806 772 10 8 drone
668 1 808 773 10 8 drone
669 1 810 774 10 8 drone
670 1 811 775 10 8 drone
671 1 813 775 10 8 drone
672 1 815 776 10 8 drone
673 1 817 777 10 8 drone
674 1 819 778 10 8 drone
675 1 821 778 10 8 drone
676 1 823 779 10 8 drone
677 1 824 780 10 8 drone
678 1 826 781 10 8 drone
679 1 828 782 10 8 drone
680 1 830 782 10 8 drone
681 1 831 783 10 8 drone
682 1 833 784 10 8 drone
683 1 835 784 10 8 drone
684 1 837 785 10 8 drone
685 1 838 786 10 8 drone
686 1 840 787 10 8 drone
687 1 842 787 10 8 drone
688 1 844 788 10 8 drone
689 1 845 789 10 8 drone
690 1 847 789 10 8 drone
691 1 849 790 10 7 drone
692 1 850 791 10 7 drone
693 1 852 791 10 7 drone
694 1 853 792 9 7 drone
695 1 855 792 9 7 drone
696 1 856 793 9 7 drone
697 1 858 793 9 7 drone
698 1 860 794 9 7 drone
699 1 861 794 9 7 drone
700 1 863 795 8 7 drone
701 1 864 795 8 7 drone
702 1 866 796 8 7 drone
703 1 867 796 8 7 drone
704 1 869 797 7 7 drone
705 1 870 797 7 7 drone
706 1 872 798 7 7 drone
707 1 873 798 7 6 drone
708 1 875 799 7 6 drone
709 1 876 799 6 6 drone
710 1 878 800 6 6 drone
711 1 879 800 6 6 drone
712 1 880 801 6 6 drone
713 1 881 801 6 6 drone
714 1 882 802 6 6 drone
715 1 883 802 6 6 drone
716 1 885 802 6 6 drone
717 1 886 803 6 6 drone
718 1 887 803 6 6 drone
719 1 888 804 6 6 drone
720 1 889 804 6 6 drone
721 1 890 804 6 6 drone
722 1 891 805 7 6 drone
723 1 892 805 7 6 drone
724 1 893 806 7 6 drone
725 1 894 806 7 6 drone
726 1 895 806 7 6 drone
727 1 896 807 7 6 drone
728 1 897 807 7 6 drone
729 1 898 808 7 6 drone
730 1 899 808 7 6 drone
731 1 901 809 7 6 drone
732 1 902 809 7 6 drone
733 1 903 809 7 6 drone
734 1 904 810 7 6 drone
735 1 905 810 7 6 drone
736 1 906 811 7 6 drone
737 1 907 811 7 6 drone
738 1 908 812 6 6 drone
739 1 909 812 6 6 drone
740 1 910 813 6 6 drone
741 1 911 813 6 6 drone
742 1 912 813 6 6 drone
743 1 913 814 6 6 drone
744 1 914 814 6 5 drone
745 1 915 815 6 5 drone
746 1 916 815 5 5 drone
747 1 917 815 5 5 drone
748 1 918 816 5 5 drone
749 1 919 816 5 5 drone
750 1 920 816 6 5 drone
751 1 920 817 6 6 drone
752 1 921 817 6 6 drone
753 1 922 817 6 6 drone
754 1 923 818 6 6 drone
755 1 924 818 6 6 drone
756 1 925 818 6 6 drone
757 1 925 819 6 5 drone
758 1 926 819 7 5 drone
759 1 927 819 7 5 drone
760 1 928 820 7 5 drone
761 1 929 820 7 5 drone
762 1 930 821 7 5 drone
763 1 931 821 7 6 drone
764 1 931 821 7 6 drone
765 1 932 822 7 6 drone
766 1 933 822 7 6 drone
767 1 934 822 7 6 drone
768 1 935 823 7 6 drone
769 1 936 823 7 6 drone
770 1 937 823 7 6 drone
771 1 937 824 7 6 drone
772 1 938 824 7 6 drone
773 1 939 825 7 6 drone
774 1 940 825 7 6 drone
775 1 941 826 7 6 drone
776 1 942 826 7 6 drone
777 1 943 827 7 5 drone
778 1 944 827 7 5 drone
779 1 945 828 7 5 drone
780 1 946 828 6 5 drone
781 1 947 829 6 5 drone
782 1 948 829 6 5 drone
783 1 948 830 6 5 drone
784 1 949 830 5 5 drone
785 1 950 830 5 5 drone
786 1 951 831 5 5 drone
787 1 952 831 5 5 drone
788 1 953 831 5 5 drone
789 1 954 832 6 5 drone
790 1 955 832 6 5 drone
791 1 956 832 6 5 drone
792 1 957 832 6 5 drone
793 1 958 833 6 5 drone
794 1 959 833 6 5 drone
795 1 960 833 6 5 drone
796 1 961 833 6 4 drone
797 1 962 834 6 4 drone
798 1 963 834 5 4 drone
799 1 964 835 5 4 drone
800 1 965 835 5 4 drone
801 1 966 835 5 4 drone
802 1 966 836 5 4 drone
803 1 967 836 5 4 drone
804 1 968 836 5 4 drone
805 1 969 836 5 4 drone
806 1 970 837 5 3 drone
807 1 970 837 5 3 drone
808 1 971 837 5 3 drone
809 1 972 837 5 3 drone
810 0
