0 0
1 0
2 0
3 0
4 0
5 0
6 0
7 0
8 0
9 0
10 0
11 0
12 0
13 0
14 0
15 0
16 0
17 0
18 0
19 0
20 0
21 0
22 0
23 0
24 0
25 0
26 0
27 0
28 0
29 1 0 160 21 43 drone
30 1 0 159 24 44 drone
31 1 0 160 35 36 drone
32 1 5 157 34 37 drone
33 1 10 155 35 38 drone
34 1 14 157 37 37 drone
35 1 20 154 37 39 drone
36 1 27 154 36 40 drone
37 1 34 157 35 36 drone
38 1 41 158 34 37 drone
39 1 45 162 36 36 drone
40 1 53 162 34 38 drone
41 1 59 165 34 36 drone
42 1 64 170 35 34 drone
43 1 70 172 35 34 drone
44 1 76 175 35 35 drone
45 1 82 181 34 34 drone
46 1 88 184 33 35 drone
47 1 94 188 33 36 drone
48 1 100 193 32 35 drone
49 1 107 198 30 35 drone
50 1 112 205 30 34 drone
51 1 117 211 30 33 drone
52 1 122 218 30 31 drone
53 1 128 224 30 30 drone
54 1 133 230 30 29 drone
55 1 138 237 30 28 drone
56 1 143 243 30 29 drone
57 1 149 249 30 29 drone
58 1 154 255 30 29 drone
59 1 160 261 30 29 drone
60 1 165 267 29 30 drone
61 1 171 273 29 30 drone
62 1 176 280 29 29 drone
63 1 182 287 29 28 drone
64 1 188 294 29 27 drone
65 1 193 301 29 26 drone
66 1 199 307 29 24 drone
67 1 205 314 29 23 drone
68 1 211 321 29 23 drone
69 1 217 327 28 23 drone
70 1 224 334 27 23 drone
71 1 230 340 27 23 drone
72 1 236 346 26 23 drone
73 1 243 353 26 23 drone
74 1 249 358 25 22 drone
75 1 255 364 25 21 drone
76 1 261 370 24 20 drone
77 1 267 376 24 19 drone
78 1 273 381 23 18 drone
79 1 279 387 23 17 drone
80 1 285 391 22 17 drone
81 1 291 394 22 17 drone
82 1 297 398 22 17 drone
83 1 303 402 21 17 drone
84 1 309 405 20 17 drone
85 1 315 409 20 17 drone
86 1 320 412 21 17 drone
87 1 325 415 21 17 drone
88 1 330 418 22 17 drone
89 1 335 421 22 17 drone
90 1 341 424 23 18 drone
91 1 346 426 23 18 drone
92 1 351 429 23 18 drone
93 1 357 431 23 17 drone
94 1 363 434 23 17 drone
95 1 369 436 22 17 drone
96 1 374 439 22 17 drone
97 1 380 441 22 17 drone
98 1 386 443 22 17 drone
99 1 391 444 23 17 drone
100 1 396 446 23 18 drone
101 1 402 448 23 18 drone
102 1 408 449 24 18 drone
103 1 413 451 24 18 drone
104 1 419 453 24 18 drone
105 1 425 455 23 18 drone
106 1 431 457 22 18 drone
107 1 437 459 22 18 drone
108 1 443 461 22 18 drone
109 1 449 463 21 18 drone
110 1 455 464 20 18 drone
111 1 461 466 20 18 drone
112 1 468 468 20 18 drone
113 1 474 469 19 19 drone
114 1 480 470 18 19 drone
115 1 486 472 18 19 drone
116 1 491 474 18 18 drone
117 1 497 477 19 18 drone
118 1 502 480 20 18 drone
119 1 507 482 20 17 drone
120 1 513 484 20 16 drone
121 1 518 487 21 16 drone
122 1 523 489 21 16 drone
123 1 529 491 22 17 drone
124 1 534 493 22 17 drone
125 1 540 494 23 17 drone
126 1 545 496 23 17 drone
127 1 551 498 24 18 drone
128 1 556 500 24 18 drone
129 1 562 502 24 18 drone
130 1 568 504 23 18 drone
131 1 574 506 23 18 drone
132 1 579 508 23 17 drone
133 1 585 510 22 17 drone
134 1 591 512 22 17 drone
135 1 596 514 22 17 drone
136 1 601 516 22 17 drone
137 1 606 517 23 17 drone
138 1 611 519 23 17 drone
139 1 616 521 23 17 drone
140 1 621 523 23 17 drone
141 1 626 524 23 17 drone
142 1 631 526 24 17 drone
143 1 636 527 24 17 drone
144 1 641 529 24 17 drone
145 1 646 530 25 17 drone
146 1 651 532 25 17 drone
147 1 656 534 25 17 drone
148 1 661 536 24 17 drone
149 1 666 538 24 17 drone
150 1 670 539 24 16 drone
151 1 675 541 23 16 drone
152 1 680 543 23 16 drone
153 1 684 544 23 16 drone
154 1 688 546 23 16 drone
155 1 692 547 23 16 drone
156 1 696 548 23 15 drone
157 1 700 550 23 15 drone
158 1 704 551 24 15 drone
159 1 708 552 23 15 drone
160 1 712 553 23 15 drone
161 1 716 554 23 16 drone
162 1 719 554 23 16 drone
163 1 723 555 23 16 drone
164 1 727 556 23 16 drone
165 1 730 557 23 16 drone
166 1 732 557 23 16 drone
167 1 735 558 23 16 drone
168 1 738 559 23 15 drone
169 1 740 559 23 15 drone
170 1 743 560 23 15 drone
171 1 745 560 23 15 drone
172 1 747 561 22 15 drone
173 1 750 561 22 16 drone
174 1 752 561 22 16 drone
175 1 754 561 21 16 drone
176 1 756 562 21 16 drone
177 1 757 562 21 16 drone
178 1 759 563 21 15 drone
179 1 760 563 21 15 drone
180 1 761 564 20 15 drone
181 1 762 564 20 14 drone
182 1 763 565 20 14 drone
183 1 763 565 20 14 drone
184 1 764 564 20 14 drone
185 1 764 564 20 15 drone
186 1 764 564 20 15 drone
187 1 765 563 20 15 drone
188 1 765 563 20 15 drone
189 1 764 563 20 15 drone
190 1 764 563 20 15 drone
191 1 763 563 20 15 drone
192 1 763 562 19 15 drone
193 1 762 562 19 15 drone
194 1 762 562 19 15 drone
195 1 761 562 19 15 drone
196 1 760 561 19 15 drone
197 1 759 561 19 15 drone
198 1 758 560 19 15 drone
199 1 757 560 19 15 drone
200 1 756 559 19 15 drone
201 1 753 559 19 15 drone
202 1 751 558 19 15 drone
203 1 749 557 19 15 drone
204 1 746 556 19 15 drone
205 1 744 556 19 16 drone
206 1 742 555 19 16 drone
207 1 738 554 19 16 drone
208 1 735 553 19 16 drone
209 1 732 552 19 16 drone
210 1 729 551 18 16 drone
211 1 725 550 18 16 drone
212 1 722 549 18 16 drone
213 1 718 548 18 16 drone
214 1 714 547 18 16 drone
215 1 710 546 18 16 drone
216 1 705 544 18 16 drone
217 1 701 543 18 16 drone
218 1 697 542 18 16 drone
219 1 692 541 18 16 drone
220 1 686 540 19 16 drone
221 1 681 538 19 16 drone
222 1 676 537 19 16 drone
223 1 670 536 20 16 drone
224 1 665 535 20 16 drone
225 1 660 534 20 16 drone
226 1 655 532 21 16 drone
227 1 649 531 21 17 drone
228 1 644 529 21 17 drone
229 1 639 528 21 17 drone
230 1 634 527 22 17 drone
231 1 629 526 21 17 drone
232 1 624 524 21 17 drone
233 1 619 523 20 17 drone
234 1 614 522 19 17 drone
235 1 609 521 19 18 drone
236 1 604 520 18 18 drone
237 1 600 519 19 18 drone
238 1 596 518 19 18 drone
239 1 592 516 20 18 drone
240 1 587 515 21 19 drone
241 1 583 514 21 19 drone
242 1 579 513 22 19 drone
243 1 577 513 22 19 drone
244 1 575 512 21 19 drone
245 1 572 512 21 19 drone
246 1 570 512 21 20 drone
247 1 568 511 21 20 drone
248 1 565 511 20 20 drone
249 1 564 511 20 20 drone
250 1 562 512 20 19 drone
251 1 561 512 20 19 drone
252 1 560 512 20 19 drone
253 1 558 513 20 19 drone
254 1 557 513 20 19 drone
255 1 556 513 20 18 drone
256 1 555 513 20 18 drone
257 1 554 513 20 18 drone
258 1 553 513 20 18 drone
259 1 552 513 20 18 drone
260 1 551 513 21 18 drone
261 1 551 513 20 18 drone
262 1 550 513 20 18 drone
263 1 550 513 19 17 drone
264 1 549 513 19 17 drone
265 1 549 513 18 17 drone
266 1 548 513 18 17 drone
267 1 546 513 19 17 drone
268 1 544 513 20 17 drone
269 1 542 514 20 17 drone
270 1 541 514 21 17 drone
271 1 539 514 22 17 drone
272 1 537 514 23 17 drone
273 1 535 514 23 17 drone
274 1 534 514 22 17 drone
275 1 532 514 21 17 drone
276 1 531 514 21 17 drone
277 1 529 514 20 17 drone
278 1 528 513 20 16 drone
279 1 525 513 20 17 drone
280 1 523 513 21 17 drone
281 1 520 513 21 17 drone
282 1 518 512 22 17 drone
283 1 515 512 22 17 drone
284 1 513 512 22 17 drone
285 1 510 511 22 17 drone
286 1 508 511 22 17 drone
287 1 506 510 21 17 drone
288 1 503 509 21 17 drone
289 1 500 509 20 16 drone
290 1 498 508 20 16 drone
291 1 495 507 20 16 drone
292 1 492 507 20 17 drone
293 1 488 506 21 17 drone
294 1 485 506 21 17 drone
295 1 482 505 21 17 drone
296 1 479 504 21 17 drone
297 1 475 504 21 17 drone
298 1 471 503 21 17 drone
299 1 467 503 21 17 drone
300 1 464 502 20 16 drone
301 1 460 502 20 16 drone
302 1 456 501 20 16 drone
303 1 452 500 21 16 drone
304 1 447 499 21 16 drone
305 1 443 498 22 17 drone
306 1 438 497 23 17 drone
307 1 434 495 24 17 drone
308 1 429 494 24 17 drone
309 1 425 493 24 17 drone
310 1 420 493 23 17 drone
311 1 416 492 23 17 drone
312 1 412 491 23 16 drone
313 1 407 490 22 16 drone
314 1 403 489 22 16 drone
315 1 398 488 22 16 drone
316 1 392 486 21 16 drone
317 1 387 485 21 16 drone
318 1 382 484 21 16 drone
319 1 376 482 20 16 drone
320 1 371 481 20 15 drone
321 1 365 479 20 16 drone
322 1 359 478 20 16 drone
323 1 353 476 20 16 drone
324 1 347 474 20 16 drone
325 1 341 472 20 17 drone
326 1 335 471 20 17 drone
327 1 329 469 20 17 drone
328 1 323 467 20 17 drone
329 1 317 465 20 17 drone
330 1 310 464 20 17 drone
331 1 304 462 20 18 drone
332 1 298 460 21 18 drone
333 1 292 459 21 17 drone
334 1 285 457 21 17 drone
335 1 279 456 21 17 drone
336 1 272 454 21 16 drone
337 1 266 453 22 16 drone
338 1 259 451 22 16 drone
339 1 252 449 22 16 drone
340 1 245 447 22 16 drone
341 1 238 445 21 16 drone
342 1 231 443 21 16 drone
343 1 224 441 21 16 drone
344 1 217 439 21 16 drone
345 1 210 437 21 16 drone
346 1 202 435 21 16 drone
347 1 195 433 21 16 drone
348 1 188 430 21 16 drone
349 1 180 428 22 16 drone
350 1 173 426 22 16 drone
351 1 165 423 22 16 drone
352 1 157 421 22 16 drone
353 1 150 418 23 16 drone
354 1 142 416 23 16 drone
355 1 134 413 23 17 drone
356 1 126 410 23 17 drone
357 1 119 408 23 17 drone
358 1 112 405 22 17 drone
359 1 105 403 21 17 drone
360 1 98 400 21 17 drone
361 1 91 398 20 17 drone
362 1 84 395 19 17 drone
363 1 77 392 20 17 drone
364 1 71 390 20 18 drone
365 1 64 387 21 18 drone
366 1 58 384 21 19 drone
367 1 51 382 22 19 drone
368 1 44 379 22 20 drone
369 1 39 377 22 20 drone
370 1 34 375 22 20 drone
371 1 28 372 22 20 drone
372 1 23 370 22 20 drone
373 1 17 368 22 20 drone
374 1 12 366 22 20 drone
375 1 8 363 20 21 drone
376 1 2 361 20 21 drone
377 1 -1 360 20 21 drone
378 1 0 359 17 21 drone
379 1 0 359 14 21 drone
380 1 0 359 10 18 drone
381 0
382 0
383 0
384 0
385 0
386 0
387 0
388 0
389 0
390 0
