0 2 939 792 9 7 drone 1113 319 15 12 drone
1 2 939 792 9 7 drone 1118 320 16 14 drone
2 2 939 792 9 7 drone 1122 321 16 16 drone
3 2 938 791 9 7 drone 1127 323 15 15 drone
4 2 938 791 9 7 drone 1130 326 16 14 drone
5 2 938 791 10 7 drone 1135 328 17 14 drone
6 2 938 791 10 7 drone 1141 330 17 15 drone
7 2 938 791 10 7 drone 1146 331 18 16 drone
8 2 938 790 10 7 drone 1151 333 18 16 drone
9 2 938 790 10 7 drone 1156 335 19 17 drone
10 2 938 789 10 7 drone 1161 337 18 16 drone
11 2 938 789 10 7 drone 1167 340 18 15 drone
12 2 938 788 10 7 drone 1173 342 17 15 drone
13 2 938 788 10 7 drone 1179 344 16 14 drone
14 2 938 787 10 7 drone 1184 347 16 13 drone
15 2 938 787 10 7 drone 1190 348 15 13 drone
16 2 938 786 10 7 drone 1195 350 15 13 drone
17 2 938 786 10 7 drone 1201 352 14 13 drone
18 2 938 785 10 7 drone 1207 354 14 12 drone
19 2 938 784 10 7 drone 1212 356 14 12 drone
20 2 938 784 10 7 drone 1217 357 14 12 drone
21 2 938 783 10 7 drone 1222 359 14 12 drone
22 2 938 782 10 7 drone 1226 360 14 12 drone
23 2 938 782 10 7 drone 1231 362 14 12 drone
24 2 938 781 10 7 drone 1236 363 15 12 drone
25 2 938 780 10 7 drone 1241 364 15 12 drone
26 2 938 780 10 7 drone 1245 366 15 13 drone
27 2 938 779 10 7 drone 1249 367 15 13 drone
28 2 938 778 10 7 drone 1252 368 15 13 drone
29 2 938 778 10 7 drone 1256 369 15 13 drone
30 2 938 778 10 7 drone 1260 370 14 13 drone
31 2 938 777 10 7 drone 1264 372 14 13 drone
32 2 938 777 10 8 drone 1268 373 14 13 drone
33 2 938 776 11 8 drone 1271 374 14 13 drone
34 2 938 776 11 8 drone 1274 376 14 13 drone
35 2 938 776 11 8 drone 1277 377 15 13 drone
36 2 938 775 11 9 drone 1280 378 15 13 drone
37 2 938 775 11 9 drone 1284 380 15 13 drone
38 2 938 774 11 9 drone 1287 381 15 12 drone
39 2 938 774 11 9 drone 1290 382 15 12 drone
40 2 938 773 11 9 drone 1292 383 15 12 drone
41 2 938 772 11 9 drone 1294 384 15 12 drone
42 2 938 771 11 9 drone 1296 385 15 12 drone
43 2 938 770 11 9 drone 1298 386 15 12 drone
44 2 938 770 11 9 drone 1300 387 16 12 drone
45 2 938 769 11 9 drone 1302 388 16 12 drone
46 2 938 768 11 9 drone 1304 389 16 12 drone
47 2 938 767 11 9 drone 1305 390 16 12 drone
48 2 938 766 11 9 drone 1307 390 16 12 drone
49 2 938 766 11 9 drone 1308 391 16 12 drone
50 2 938 766 11 9 drone 1310 392 16 12 drone
51 2 938 766 11 9 drone 1311 392 16 12 drone
52 2 937 766 11 9 drone 1312 393 16 12 drone
53 2 937 766 11 9 drone 1313 393 16 13 drone
54 2 937 765 11 9 drone 1315 393 16 13 drone
55 2 937 765 11 8 drone 1316 394 16 13 drone
56 2 937 765 11 8 drone 1317 394 16 13 drone
57 2 937 765 11 8 drone 1318 395 16 13 drone
58 2 937 765 11 8 drone 1319 395 16 13 drone
59 2 936 765 11 8 drone 1319 396 15 13 drone
60 2 936 764 11 8 drone 1320 396 15 12 drone
61 2 936 764 11 8 drone 1321 396 15 12 drone
62 2 936 764 11 8 drone 1322 397 14 12 drone
63 2 936 764 11 8 drone 1323 397 14 12 drone
64 2 936 764 11 8 drone 1323 398 14 12 drone
65 2 936 763 11 7 drone 1324 398 14 12 drone
66 2 936 763 11 7 drone 1325 399 14 12 drone
67 2 936 763 11 7 drone 1326 399 14 12 drone
68 2 936 763 11 7 drone 1326 399 13 12 drone
69 2 936 762 11 7 drone 1327 399 13 12 drone
70 2 936 761 11 7 drone 1328 400 13 12 drone
71 2 936 761 11 8 drone 1328 400 13 12 drone
72 2 936 760 11 8 drone 1329 400 13 12 drone
73 2 936 760 11 8 drone 1330 400 12 12 drone
74 2 936 759 11 8 drone 1330 401 13 12 drone
75 2 936 758 11 8 drone 1330 401 13 12 drone
76 2 936 758 11 8 drone 1330 402 13 11 drone
77 2 936 757 11 8 drone 1331 402 13 11 drone
78 2 936 757 11 8 drone 1331 402 13 11 drone
79 2 936 756 11 8 drone 1331 402 13 12 drone
80 2 936 756 11 8 drone 1331 402 13 12 drone
81 2 936 756 12 8 drone 1331 402 13 12 drone
82 2 936 756 12 8 drone 1331 402 13 13 drone
83 2 936 755 12 8 drone 1331 402 13 13 drone
84 2 936 755 12 8 drone 1331 402 13 13 drone
85 2 936 755 12 8 drone 1331 402 13 14 drone
86 2 936 754 12 9 drone 1331 402 14 14 drone
87 2 936 754 12 9 drone 1330 402 14 15 drone
88 2 936 754 12 9 drone 1329 402 14 15 drone
89 2 936 754 12 9 drone 1328 403 14 15 drone
90 2 936 754 12 8 drone 1327 403 14 15 drone
91 2 936 754 12 8 drone 1326 403 15 15 drone
92 2 936 754 12 8 drone 1325 404 15 15 drone
93 2 936 754 12 8 drone 1324 404 15 15 drone
94 2 936 754 12 8 drone 1323 405 16 15 drone
95 2 936 754 12 8 drone 1321 405 16 15 drone
96 2 936 754 12 8 drone 1319 406 16 15 drone
97 2 937 754 12 8 drone 1317 407 16 14 drone
98 2 937 754 12 8 drone 1316 408 16 14 drone
99 2 937 754 12 8 drone 1314 409 16 14 drone
100 2 937 754 11 7 drone 1312 411 15 13 drone
101 2 937 754 11 7 drone 1310 412 15 13 drone
102 2 937 754 11 7 drone 1308 413 15 12 drone
103 2 937 754 11 7 drone 1306 414 15 12 drone
104 2 937 754 11 7 drone 1303 415 15 11 drone
105 2 937 754 11 7 drone 1301 416 14 11 drone
106 2 937 754 11 7 drone 1299 418 14 10 drone
107 2 938 753 11 7 drone 1297 418 14 11 drone
108 2 938 753 10 7 drone 1295 419 14 11 drone
109 2 938 753 11 7 drone 1293 419 14 11 drone
110 2 937 753 11 7 drone 1291 420 14 11 drone
111 2 937 753 11 7 drone 1289 421 14 11 drone
112 2 937 753 11 8 drone 1287 421 14 12 drone
113 2 937 753 11 8 drone 1285 422 15 12 drone
114 2 937 753 12 8 drone 1284 422 15 12 drone
115 2 937 753 12 8 drone 1282 423 15 12 drone
116 2 937 753 12 8 drone 1280 423 15 13 drone
117 2 936 753 12 8 drone 1278 424 15 13 drone
118 2 936 753 12 8 drone 1277 425 15 12 drone
119 2 936 753 12 8 drone 1275 426 14 12 drone
120 2 936 753 12 8 drone 1274 427 14 11 drone
121 2 937 753 12 8 drone 1273 428 14 11 drone
122 2 937 753 12 8 drone 1272 429 13 10 drone
123 2 937 753 12 8 drone 1271 430 13 10 drone
124 2 937 753 12 8 drone 1270 430 13 10 drone
125 2 937 753 12 8 drone 1269 431 13 10 drone
126 2 937 753 12 8 drone 1268 431 13 10 drone
127 2 937 753 12 8 drone 1267 431 13 10 drone
128 2 937 753 12 8 drone 1266 432 13 10 drone
129 2 937 753 12 8 drone 1265 432 13 10 drone
130 2 937 753 12 8 drone 1264 433 13 10 drone
131 2 937 753 12 8 drone 1263 433 13 10 drone
132 2 937 753 12 8 drone 1262 434 13 10 drone
133 2 937 753 12 9 drone 1262 434 13 11 drone
134 2 937 753 12 9 drone 1263 434 13 11 drone
135 2 937 753 12 9 drone 1263 434 13 11 drone
136 2 937 753 12 9 drone 1263 434 13 11 drone
137 2 937 753 12 9 drone 1264 434 13 11 drone
138 2 937 752 12 9 drone 1264 434 13 11 drone
139 2 937 752 12 9 drone 1264 434 13 11 drone
140 2 937 753 12 9 drone 1264 434 13 11 drone
141 2 937 753 12 9 drone 1266 435 13 11 drone
142 2 937 753 12 9 drone 1267 435 13 11 drone
143 2 937 753 12 8 drone 1269 435 13 11 drone
144 2 937 753 12 8 drone 1270 435 13 11 drone
145 2 937 753 12 8 drone 1272 435 13 11 drone
146 2 937 753 12 8 drone 1273 435 13 10 drone
147 2 937 753 12 8 drone 1275 435 13 10 drone
148 2 937 753 12 8 drone 1276 435 13 10 drone
149 2 937 753 12 8 drone 1279 435 13 10 drone
150 2 937 753 12 8 drone 1281 435 13 10 drone
151 2 937 753 12 8 drone 1284 435 13 9 drone
152 2 937 753 12 8 drone 1286 434 13 9 drone
153 2 937 753 12 8 drone 1289 434 13 9 drone
154 2 937 753 12 8 drone 1291 433 14 10 drone
155 2 937 753 12 8 drone 1294 432 14 10 drone
156 2 937 753 12 8 drone 1297 432 14 10 drone
157 2 937 753 12 8 drone 1301 431 13 10 drone
158 2 937 753 12 8 drone 1304 431 13 10 drone
159 2 937 753 12 8 drone 1308 430 13 10 drone
160 2 937 753 12 9 drone 1311 429 12 10 drone
161 2 937 752 12 9 drone 1315 429 12 11 drone
162 2 937 752 12 9 drone 1318 428 12 11 drone
163 2 937 752 12 9 drone 1322 427 12 11 drone
164 2 937 752 12 10 drone 1325 426 13 11 drone
165 2 937 751 12 10 drone 1329 426 13 11 drone
166 2 937 751 12 10 drone 1332 425 13 11 drone
167 2 937 751 12 10 drone 1336 424 14 11 drone
168 2 937 751 12 11 drone 1339 423 14 11 drone
169 2 937 750 12 10 drone 1343 422 14 12 drone
170 2 937 750 12 10 drone 1347 421 15 13 drone
171 2 937 750 12 10 drone 1351 420 15 13 drone
172 2 937 750 12 10 drone 1354 419 15 14 drone
173 2 937 750 12 10 drone 1358 418 16 15 drone
174 2 937 750 12 10 drone 1361 417 15 14 drone
175 2 937 750 13 10 drone 1364 416 15 14 drone
176 2 937 750 13 10 drone 1368 415 14 13 drone
177 2 937 749 13 10 drone 1371 414 14 13 drone
178 2 937 749 13 9 drone 1374 413 14 12 drone
179 2 937 749 13 9 drone 1376 413 14 12 drone
180 2 938 749 13 9 drone 1378 412 14 12 drone
181 2 938 749 12 9 drone 1380 412 14 12 drone
182 2 938 750 12 9 drone 1382 411 13 12 drone
183 2 938 750 12 9 drone 1384 411 13 13 drone
184 2 938 750 12 9 drone 1386 411 13 13 drone
185 2 938 750 12 9 drone 1388 410 13 13 drone
186 2 938 750 11 9 drone 1391 410 13 13 drone
187 2 939 750 11 9 drone 1393 409 13 13 drone
188 2 939 750 11 9 drone 1395 409 13 13 drone
189 2 939 750 11 9 drone 1396 408 13 13 drone
190 2 939 750 11 9 drone 1397 408 13 13 drone
191 2 939 750 12 9 drone 1398 408 13 13 drone
192 2 939 751 12 9 drone 1399 407 13 13 drone
193 2 939 751 12 10 drone 1401 407 12 13 drone
194 2 939 751 12 10 drone 1402 407 12 12 drone
195 2 939 751 12 10 drone 1403 406 12 12 drone
196 2 938 752 12 10 drone 1403 406 12 12 drone
197 2 938 752 13 10 drone 1403 406 12 12 drone
198 2 938 752 13 10 drone 1404 406 12 12 drone
199 2 938 753 12 10 drone 1404 406 12 12 drone
200 2 939 754 12 9 drone 1404 406 12 12 drone
201 2 939 756 12 9 drone 1404 406 12 12 drone
202 2 939 757 12 9 drone 1404 406 12 12 drone
203 2 939 758 11 9 drone 1403 406 12 12 drone
204 2 939 759 11 9 drone 1402 406 12 13 drone
205 2 939 761 11 9 drone 1401 405 12 13 drone
206 2 939 762 11 9 drone 1400 405 12 13 drone
207 2 939 763 10 8 drone 1399 405 12 13 drone
208 2 939 764 10 8 drone 1398 405 12 13 drone
209 2 939 766 10 8 drone 1397 404 12 13 drone
210 2 939 767 10 8 drone 1396 404 12 14 drone
211 2 939 768 10 8 drone 1394 404 12 14 drone
212 2 939 770 10 8 drone 1391 405 12 14 drone
213 2 939 771 11 9 drone 1389 405 12 14 drone
214 2 939 773 11 9 drone 1387 405 12 14 drone
215 2 939 774 11 9 drone 1385 405 12 14 drone
216 2 938 776 11 9 drone 1383 405 12 14 drone
217 2 938 778 11 8 drone 1381 406 12 14 drone
218 2 938 779 12 8 drone 1378 406 12 14 drone
219 2 937 781 12 8 drone 1376 406 12 14 drone
220 2 937 783 12 8 drone 1374 406 12 13 drone
221 2 936 785 12 8 drone 1372 406 12 13 drone
222 2 936 786 12 8 drone 1370 407 12 13 drone
223 2 936 788 12 8 drone 1367 407 12 13 drone
224 2 936 790 12 8 drone 1363 408 12 13 drone
225 2 936 791 12 8 drone 1360 408 12 13 drone
226 2 936 793 12 8 drone 1357 409 12 13 drone
227 2 936 795 11 8 drone 1354 409 12 13 drone
228 2 936 797 11 8 drone 1351 410 12 13 drone
229 2 936 798 11 8 drone 1348 410 12 13 drone
230 2 936 800 11 8 drone 1345 411 12 13 drone
231 2 936 802 11 8 drone 1341 412 12 13 drone
232 2 935 804 11 8 drone 1337 412 12 14 drone
233 2 935 806 11 8 drone 1333 413 12 14 drone
234 2 935 808 11 8 drone 1329 414 12 14 drone
235 2 935 810 11 8 drone 1325 414 12 14 drone
236 2 934 812 11 8 drone 1321 415 12 14 drone
237 2 934 814 11 8 drone 1318 415 12 14 drone
238 2 934 816 11 8 drone 1314 416 12 15 drone
239 2 933 818 11 8 drone 1309 417 12 14 drone
240 2 933 820 11 8 drone 1305 418 12 14 drone
241 2 933 822 11 8 drone 1300 419 12 14 drone
242 2 933 824 11 8 drone 1296 420 12 13 drone
243 2 932 826 11 8 drone 1291 421 12 13 drone
244 2 932 828 11 8 drone 1286 422 12 13 drone
245 2 932 830 11 8 drone 1281 423 12 13 drone
246 2 931 832 11 8 drone 1276 423 13 13 drone
247 2 931 833 11 8 drone 1271 424 13 14 drone
248 2 931 835 11 7 drone 1266 425 13 14 drone
249 2 931 837 11 7 drone 1260 426 13 14 drone
250 2 930 839 11 7 drone 1255 427 13 14 drone
251 2 930 842 11 7 drone 1250 428 14 14 drone
252 2 930 844 11 7 drone 1245 428 14 14 drone
253 2 930 846 11 7 drone 1239 429 14 14 drone
254 2 930 848 11 7 drone 1234 430 15 15 drone
255 2 929 850 11 7 drone 1228 431 15 14 drone
256 2 929 852 10 7 drone 1223 432 15 14 drone
257 2 929 855 10 6 drone 1217 433 15 14 drone
258 2 929 857 10 7 drone 1212 435 15 14 drone
259 2 929 859 10 7 drone 1206 436 15 13 drone
260 2 929 861 10 7 drone 1201 437 15 13 drone
261 2 928 863 10 7 drone 1195 439 15 13 drone
262 2 928 865 10 7 drone 1190 440 15 13 drone
263 2 928 867 10 7 drone 1186 441 15 13 drone
264 2 928 869 10 7 drone 1181 442 15 13 drone
265 2 928 871 10 7 drone 1176 442 15 13 drone
266 2 927 873 10 7 drone 1171 443 15 13 drone
267 2 927 875 10 7 drone 1166 444 15 12 drone
268 2 927 877 10 7 drone 1161 445 15 12 drone
269 2 927 879 10 7 drone 1157 446 15 12 drone
270 2 927 881 10 7 drone 1152 447 15 12 drone
271 2 927 883 10 7 drone 1148 448 14 12 drone
272 2 927 885 10 7 drone 1144 449 14 12 drone
273 2 927 886 10 7 drone 1141 450 14 12 drone
274 2 927 888 10 7 drone 1137 451 14 11 drone
275 2 926 890 10 7 drone 1133 452 13 11 drone
276 2 926 892 10 7 drone 1130 452 14 11 drone
277 2 926 894 10 8 drone 1127 453 14 11 drone
278 2 926 896 10 8 drone 1123 453 14 12 drone
279 2 926 898 10 8 drone 1120 454 15 12 drone
280 2 926 900 10 8 drone 1117 454 15 12 drone
281 2 926 902 10 8 drone 1113 455 15 12 drone
282 2 926 904 10 8 drone 1111 455 15 12 drone
283 2 926 906 10 8 drone 1109 456 15 12 drone
284 2 926 907 10 8 drone 1107 456 15 12 drone
285 2 925 909 10 8 drone 1105 457 15 12 drone
286 2 925 911 10 8 drone 1103 457 14 12 drone
287 2 925 913 10 8 drone 1101 458 14 12 drone
288 2 925 915 11 8 drone 1099 458 14 12 drone
289 2 925 917 11 8 drone 1097 459 14 12 drone
290 2 925 918 11 8 drone 1096 460 14 10 drone
291 2 926 920 11 8 drone 1095 460 14 10 drone
292 2 926 922 12 8 drone 1094 460 14 10 drone
293 2 926 924 12 8 drone 1093 460 14 10 drone
294 2 926 926 12 8 drone 1092 460 14 10 drone
295 2 926 927 13 8 drone 1091 460 14 11 drone
296 2 926 928 13 8 drone 1090 460 13 11 drone
297 2 926 929 13 9 drone 1089 460 13 11 drone
298 2 926 929 13 9 drone 1089 459 13 11 drone
299 2 926 930 13 10 drone 1088 459 13 11 drone
300 2 926 931 13 10 drone 1088 459 13 11 drone
301 2 926 931 13 11 drone 1088 459 13 11 drone
302 2 926 932 14 11 drone 1088 459 13 11 drone
303 2 926 932 14 11 drone 1088 458 13 11 drone
304 2 926 932 14 11 drone 1087 458 13 11 drone
305 2 926 933 14 11 drone 1087 458 13 11 drone
306 2 927 933 14 11 drone 1088 458 13 11 drone
307 2 927 933 14 11 drone 1088 457 13 11 drone
308 2 927 933 14 11 drone 1089 457 13 10 drone
309 2 927 933 14 11 drone 1090 457 13 10 drone
310 2 927 933 14 11 drone 1090 456 13 10 drone
311 2 927 933 14 11 drone 1091 456 13 10 drone
312 2 928 934 14 11 drone 1093 455 13 10 drone
313 2 928 934 14 11 drone 1095 455 13 10 drone
314 2 927 933 15 11 drone 1096 454 13 10 drone
315 2 926 933 15 11 drone 1098 453 12 10 drone
316 2 926 932 15 11 drone 1100 453 12 10 drone
317 2 925 931 15 11 drone 1102 452 12 10 drone
318 0
