0 1 1400 255 6 6 drone
1 1 1398 253 6 6 drone
2 1 1397 252 6 6 drone
3 1 1396 251 6 6 drone
4 1 1394 250 6 6 drone
5 1 1393 249 6 6 drone
6 1 1392 248 7 6 drone
7 1 1390 247 7 6 drone
8 1 1389 245 7 7 drone
9 1 1387 244 7 7 drone
10 1 1385 243 7 6 drone
11 1 1384 242 7 6 drone
12 1 1382 241 6 6 drone
13 1 1381 240 6 6 drone
14 1 1379 239 6 6 drone
15 1 1377 238 6 6 drone
16 1 1376 237 6 6 drone
17 1 1374 236 6 6 drone
18 1 1372 235 6 6 drone
19 1 1371 234 6 6 drone
20 1 1369 233 7 6 drone
21 1 1367 233 7 6 drone
22 1 1365 232 7 6 drone
23 1 1363 231 7 6 drone
24 1 1361 230 7 6 drone
25 1 1360 230 7 7 drone
26 1 1358 229 7 7 drone
27 1 1356 228 7 7 drone
28 1 1354 228 8 7 drone
29 1 1352 227 8 7 drone
30 1 1350 227 8 7 drone
31 1 1347 226 8 7 drone
32 1 1345 226 8 7 drone
33 1 1343 225 8 7 drone
34 1 1341 225 7 7 drone
35 1 1338 225 7 7 drone
36 1 1336 224 7 7 drone
37 1 1334 224 7 7 drone
38 1 1332 223 7 7 drone
39 1 1328 223 8 7 drone
40 1 1325 223 8 7 drone
41 1 1322 222 8 8 drone
42 1 1319 222 9 8 drone
43 1 1316 221 9 8 drone
44 1 1313 221 9 8 drone
45 1 1309 221 10 8 drone
46 1 1306 220 10 9 drone
47 1 1303 220 10 9 drone
48 1 1300 220 10 9 drone
49 1 1296 220 10 9 drone
50 1 1292 220 11 9 drone
51 1 1288 220 11 9 drone
52 1 1284 219 11 9 drone
53 1 1280 219 11 9 drone
54 1 1276 219 11 9 drone
55 1 1272 219 11 9 drone
56 1 1268 219 11 9 drone
57 1 1264 219 11 9 drone
58 1 1260 219 11 9 drone
59 1 1256 219 11 9 drone
60 1 1251 219 11 9 drone
61 1 1247 219 11 9 drone
62 1 1243 219 11 9 drone
63 1 1238 219 11 8 drone
64 1 1234 220 11 8 drone
65 1 1230 220 11 8 drone
66 1 1225 220 10 8 drone
67 1 1221 220 10 8 drone
68 1 1217 220 10 8 drone
69 1 1213 220 10 8 drone
70 1 1209 221 10 8 drone
71 1 1206 222 10 8 drone
72 1 1202 222 10 8 drone
73 1 1198 223 10 8 drone
74 1 1195 223 10 9 drone
75 1 1191 224 10 9 drone
76 1 1187 224 9 9 drone
77 1 1184 225 9 9 drone
78 1 1180 225 9 9 drone
79 1 1177 226 9 9 drone
80 1 1174 227 9 9 drone
81 1 1171 228 9 9 drone
82 1 1168 229 9 9 drone
83 1 1165 230 9 8 drone
84 1 1162 231 9 8 drone
85 1 1159 232 9 8 drone
86 1 1156 233 9 8 drone
87 1 1153 234 10 8 drone
88 1 1150 235 10 8 drone
89 1 1148 237 10 8 drone
90 1 1146 238 10 8 drone
91 1 1144 239 10 8 drone
92 1 1142 240 10 8 drone
93 1 1140 241 10 8 drone
94 1 1138 243 10 8 drone
95 1 1136 244 10 8 drone
96 1 1134 245 10 8 drone
97 1 1132 246 10 8 drone
98 1 1130 248 10 8 drone
99 1 1128 249 10 8 drone
100 1 1127 251 10 8 drone
101 1 1126 252 10 8 drone
102 1 1125 254 10 8 drone
103 1 1123 256 10 8 drone
104 1 1122 257 10 8 drone
105 1 1121 259 11 8 drone
106 1 1120 261 11 8 drone
107 1 1118 262 11 7 drone
108 1 1117 264 11 7 drone
109 1 1116 266 11 7 drone
110 1 1116 268 11 8 drone
111 1 1115 270 11 8 drone
112 1 1114 271 10 8 drone
113 1 1114 273 10 8 drone
114 1 1113 275 10 8 drone
115 1 1112 277 10 8 drone
116 1 1111 279 10 8 drone
117 1 1111 281 10 8 drone
118 1 1110 283 10 8 drone
119 1 1110 285 9 8 drone
120 1 1109 287 9 8 drone
121 1 1109 289 9 8 drone
122 1 1108 291 9 8 drone
123 1 1108 293 9 8 drone
124 1 1107 295 9 8 drone
125 1 1107 297 9 8 drone
126 1 1107 299 9 8 drone
127 1 1106 301 8 8 drone
128 1 1106 304 8 8 drone
129 1 1105 306 8 8 drone
130 1 1105 308 8 8 drone
131 1 1105 310 9 8 drone
132 1 1104 312 9 8 drone
133 1 1104 314 9 7 drone
134 1 1104 316 9 7 drone
135 1 1103 319 9 7 drone
136 1 1103 321 9 7 drone
137 1 1102 323 9 7 drone
138 1 1102 325 9 7 drone
139 1 1102 327 9 7 drone
140 1 1102 329 9 7 drone
141 1 1103 331 9 8 drone
142 1 1103 333 9 8 drone
143 1 1103 335 9 8 drone
144 1 1103 337 9 8 drone
145 1 1104 339 9 8 drone
146 1 1104 341 9 9 drone
147 1 1104 343 8 9 drone
148 1 1104 345 8 9 drone
149 1 1105 347 9 9 drone
150 1 1107 349 9 9 drone
151 1 1108 351 10 9 drone
152 1 1109 353 10 10 drone
153 1 1110 355 10 10 drone
154 1 1111 357 11 10 drone
155 1 1112 359 11 10 drone
156 1 1114 361 11 10 drone
157 1 1115 363 12 11 drone
158 1 1116 365 12 11 drone
159 1 1118 368 12 11 drone
160 1 1121 370 12 11 drone
161 1 1123 372 12 11 drone
162 1 1125 374 12 11 drone
163 1 1128 377 12 11 drone
164 1 1130 379 12 11 drone
165 1 1132 381 12 11 drone
166 1 1135 384 12 11 drone
167 1 1137 386 12 11 drone
168 1 1139 388 12 11 drone
169 1 1142 391 12 11 drone
170 1 1145 394 12 11 drone
171 1 1148 396 12 11 drone
172 1 1151 399 12 11 drone
173 1 1154 402 12 11 drone
174 1 1157 405 12 11 drone
175 1 1159 407 13 11 drone
176 1 1162 410 13 11 drone
177 1 1165 413 13 11 drone
178 1 1168 415 13 11 drone
179 1 1170 419 12 11 drone
180 1 1173 422 12 11 drone
181 1 1175 425 11 10 drone
182 1 1178 428 11 10 drone
183 1 1180 431 10 10 drone
184 1 1183 435 10 9 drone
185 1 1185 438 10 9 drone
186 1 1187 441 9 9 drone
187 1 1190 444 9 9 drone
188 1 1192 447 8 8 drone
189 1 1193 450 8 8 drone
190 1 1194 453 9 9 drone
191 1 1195 456 9 9 drone
192 1 1196 459 9 9 drone
193 1 1197 461 9 9 drone
194 1 1198 464 9 9 drone
195 1 1199 467 10 9 drone
196 1 1200 470 10 9 drone
197 1 1201 473 10 10 drone
198 1 1202 475 10 10 drone
199 1 1202 478 10 10 drone
200 1 1202 480 11 10 drone
201 1 1202 483 11 10 drone
202 1 1202 486 11 10 drone
203 1 1202 488 12 10 drone
204 1 1200 491 12 11 drone
205 1 1200 493 12 11 drone
206 1 1198 495 12 11 drone
207 1 1197 498 13 11 drone
208 1 1196 499 13 11 drone
209 1 1194 500 13 11 drone
210 1 1192 501 13 11 drone
211 1 1190 502 13 11 drone
212 1 1188 503 13 10 drone
213 1 1186 504 13 10 drone
214 1 1184 505 13 10 drone
215 1 1182 506 13 10 drone
216 1 1180 507 13 9 drone
217 1 1178 508 13 9 drone
218 1 1176 509 13 9 drone
219 1 1174 510 13 9 drone
220 1 1171 511 13 9 drone
221 1 1169 511 13 9 drone
222 1 1167 512 13 9 drone
223 1 1164 512 13 9 drone
224 1 1162 513 13 9 drone
225 1 1160 514 13 9 drone
226 1 1157 514 13 9 drone
227 1 1155 515 13 9 drone
228 1 1153 515 13 9 drone
229 1 1150 516 13 9 drone
230 1 1148 517 13 9 drone
231 1 1146 517 13 9 drone
232 1 1143 518 13 9 drone
233 1 1141 519 13 10 drone
234 1 1139 519 13 10 drone
235 1 1136 520 13 10 drone
236 1 1134 521 13 10 drone
237 1 1132 521 13 10 drone
238 1 1129 522 13 10 drone
239 1 1128 522 13 10 drone
240 1 1127 523 13 10 drone
241 1 1125 523 13 10 drone
242 1 1124 524 13 10 drone
243 1 1122 524 13 10 drone
244 1 1121 524 13 10 drone
245 1 1119 525 13 10 drone
246 1 1118 525 13 10 drone
247 1 1117 525 14 11 drone
248 1 1115 526 14 11 drone
249 1 1115 526 14 10 drone
250 1 1114 526 14 10 drone
251 1 1114 526 14 10 drone
252 1 1113 526 14 10 drone
253 1 1113 526 15 10 drone
254 1 1112 526 15 10 drone
255 1 1112 526 15 10 drone
256 1 1112 526 15 10 drone
257 1 1111 527 15 10 drone
258 1 1111 527 15 10 drone
259 1 1111 526 15 9 drone
260 1 1111 526 15 9 drone
261 1 1111 526 15 9 drone
262 1 1111 525 15 9 drone
263 1 1111 525 15 9 drone
264 1 1111 525 15 9 drone
265 1 1111 524 15 9 drone
266 1 1111 524 15 9 drone
267 1 1111 524 15 9 drone
268 1 1111 523 15 9 drone
269 1 1111 522 15 9 drone
270 1 1112 522 15 9 drone
271 1 1112 521 15 10 drone
272 1 1113 520 14 10 drone
273 1 1113 519 14 10 drone
274 1 1113 518 14 10 drone
275 1 1114 517 14 10 drone
276 1 1114 517 14 10 drone
277 1 1115 516 14 10 drone
278 1 1115 515 13 11 drone
279 1 1115 514 14 11 drone
280 1 1115 513 15 11 drone
281 1 1115 511 15 11 drone
282 1 1115 510 16 12 drone
283 1 1115 509 16 12 drone
284 1 1115 508 17 12 drone
285 1 1115 507 17 13 drone
286 1 1115 506 18 13 drone
287 1 1115 504 18 13 drone
288 1 1115 503 19 14 drone
289 1 1115 501 19 14 drone
290 1 1116 499 20 14 drone
291 1 1116 496 21 15 drone
292 1 1117 494 22 15 drone
293 1 1118 492 22 16 drone
294 1 1118 489 23 16 drone
295 1 1119 487 24 16 drone
296 1 1119 485 24 17 drone
297 1 1120 482 25 17 drone
298 1 1120 480 26 18 drone
299 1 1123 475 26 18 drone
300 1 1126 471 26 19 drone
301 1 1129 467 25 19 drone
302 1 1132 462 25 20 drone
303 1 1134 458 25 21 drone
304 1 1137 453 25 21 drone
305 1 1140 449 25 22 drone
306 1 1143 445 25 22 drone
307 1 1146 440 24 23 drone
308 1 1148 436 24 24 drone
309 1 1149 430 26 24 drone
310 1 1151 425 28 25 drone
311 1 1152 420 30 26 drone
312 1 1153 415 32 27 drone
313 1 1154 409 34 28 drone
314 1 1155 404 36 28 drone
315 1 1156 399 38 29 drone
316 1 1157 394 40 30 drone
317 1 1158 388 42 31 drone
318 1 1160 383 44 31 drone
319 1 1162 378 43 32 drone
320 1 1164 374 43 32 drone
321 1 1167 369 42 33 drone
322 1 1169 364 42 33 drone
323 1 1171 359 41 33 drone
324 1 1174 355 41 34 drone
325 1 1176 350 40 34 drone
326 1 1179 345 40 34 drone
327 1 1181 340 39 35 drone
328 1 1183 336 39 35 drone
329 1 1184 335 39 35 drone
330 1 1185 335 39 36 drone
331 1 1187 334 40 36 drone
332 1 1188 334 40 36 drone
333 1 1189 333 41 36 drone
334 1 1190 333 41 37 drone
335 1 1191 332 42 37 drone
336 1 1192 332 42 37 drone
337 1 1193 332 43 37 drone
338 1 1194 331 43 38 drone
339 1 1195 337 45 38 drone
340 1 1196 342 47 39 drone
341 1 1197 348 48 40 drone
342 1 1198 353 50 41 drone
343 1 1199 359 52 42 drone
344 1 1200 365 54 42 drone
345 1 1201 370 56 43 drone
346 1 1203 376 57 44 drone
347 1 1204 381 59 45 drone
348 1 1205 387 61 45 drone
349 1 1206 395 61 45 drone
350 1 1207 403 61 44 drone
351 1 1208 412 60 43 drone
352 1 1209 420 60 42 drone
353 1 1210 428 60 41 drone
354 1 1211 436 60 41 drone
355 1 1212 444 60 40 drone
356 1 1213 452 59 39 drone
357 1 1214 461 59 38 drone
358 1 1215 469 59 37 drone
359 1 1216 472 59 37 drone
360 1 1217 475 58 37 drone
361 1 1218 478 58 37 drone
362 1 1219 481 58 36 drone
363 1 1220 484 57 36 drone
364 1 1221 487 57 36 drone
365 1 1222 490 57 36 drone
366 1 1223 493 56 35 drone
367 1 1224 496 56 35 drone
368 1 1224 499 55 35 drone
369 1 1225 500 56 35 drone
370 1 1225 501 57 35 drone
371 1 1225 502 57 36 drone
372 1 1225 503 58 36 drone
373 1 1226 504 58 36 drone
374 1 1226 505 59 37 drone
375 1 1226 506 59 37 drone
376 1 1226 507 60 37 drone
377 1 1227 509 61 38 drone
378 1 1227 510 61 38 drone
379 1 1227 511 61 38 drone
380 1 1227 512 61 37 drone
381 1 1227 513 61 37 drone
382 1 1227 514 61 37 drone
383 1 1228 516 61 37 drone
384 1 1228 517 61 37 drone
385 1 1228 518 61 36 drone
386 1 1228 519 61 36 drone
387 1 1228 520 62 36 drone
388 1 1228 521 62 36 drone
389 1 1228 522 62 36 drone
390 1 1228 523 63 36 drone
391 1 1228 524 64 36 drone
392 1 1228 525 65 36 drone
393 1 1228 525 66 36 drone
394 1 1228 526 67 36 drone
395 1 1228 527 68 36 drone
396 1 1228 528 69 36 drone
397 1 1227 529 70 36 drone
398 1 1227 529 71 36 drone
399 1 1229 534 69 36 drone
400 1 1232 532 68 35 drone
401 1 1230 535 66 35 drone
402 1 1236 537 65 35 drone
403 1 1239 544 64 35 drone
404 1 1243 545 62 35 drone
405 1 1238 553 61 35 drone
406 1 1244 564 60 35 drone
407 1 1246 568 58 35 drone
408 1 1248 573 57 35 drone
409 1 1249 581 58 35 drone
410 1 1249 589 58 35 drone
411 1 1250 597 59 35 drone
412 1 1251 606 59 35 drone
413 1 1251 614 60 35 drone
414 1 1252 622 60 35 drone
415 1 1252 631 61 35 drone
416 1 1253 639 61 35 drone
417 1 1253 647 62 36 drone
418 1 1254 655 62 36 drone
419 1 1258 660 62 35 drone
420 1 1261 664 63 35 drone
421 1 1265 668 63 35 drone
422 1 1263 677 74 36 drone
423 1 1268 684 68 36 drone
424 1 1281 686 68 35 drone
425 1 1272 688 81 36 drone
426 1 1282 693 70 36 drone
427 1 1280 694 72 36 drone
428 1 1292 699 64 35 drone
429 1 1296 700 67 35 drone
430 1 1300 702 69 35 drone
431 1 1305 703 72 35 drone
432 1 1309 705 74 35 drone
433 1 1314 707 77 35 drone
434 1 1318 708 80 35 drone
435 1 1323 710 82 36 drone
436 1 1327 711 85 36 drone
437 1 1329 707 87 42 drone
438 1 1336 715 90 36 drone
439 1 1343 715 90 36 drone
440 1 1350 716 90 36 drone
441 1 1357 717 90 37 drone
442 1 1365 718 89 37 drone
443 1 1372 718 89 37 drone
444 1 1379 719 89 37 drone
445 1 1386 720 89 37 drone
446 1 1393 721 89 38 drone
447 1 1400 721 89 38 drone
448 1 1407 722 88 38 drone
449 1 1414 723 89 38 drone
450 1 1420 724 89 39 drone
451 1 1426 725 89 39 drone
452 1 1432 727 89 40 drone
453 1 1438 728 89 40 drone
454 1 1445 729 89 41 drone
455 1 1451 730 89 41 drone
456 1 1457 731 89 42 drone
457 1 1463 732 89 42 drone
458 1 1469 733 89 43 drone
459 1 1477 738 89 43 drone
460 1 1484 742 90 44 drone
461 1 1492 747 90 45 drone
462 1 1499 751 90 45 drone
463 1 1506 756 91 46 drone
464 1 1514 760 91 47 drone
465 1 1531 751 103 56 drone
466 1 1525 758 110 55 drone
467 1 1532 764 111 56 drone
468 1 1544 779 93 50 drone
469 1 1547 784 95 50 drone
470 1 1550 789 97 51 drone
471 1 1553 795 99 51 drone
472 1 1556 800 101 52 drone
473 1 1566 811 104 53 drone
474 1 1563 811 106 53 drone
475 1 1566 816 108 54 drone
476 1 1577 824 110 55 drone
477 1 1577 830 112 55 drone
478 1 1575 832 114 56 drone
479 1 1576 834 112 56 drone
480 1 1577 836 109 56 drone
481 1 1577 841 106 56 drone
482 1 1581 842 114 56 drone
483 1 1580 843 111 56 drone
484 1 1586 849 111 55 drone
485 1 1589 853 101 51 drone
486 1 1583 850 91 56 drone
487 1 1584 852 88 56 drone
488 1 1585 854 86 56 drone
489 1 1583 857 86 55 drone
490 1 1581 860 86 55 drone
491 1 1578 863 87 55 drone
492 1 1576 866 87 55 drone
493 1 1574 869 88 55 drone
494 1 1571 872 88 54 drone
495 1 1569 875 89 54 drone
496 1 1566 878 89 54 drone
497 1 1564 880 90 54 drone
498 1 1562 883 90 53 drone
499 1 1560 885 90 53 drone
500 1 1559 886 91 53 drone
501 1 1557 887 91 53 drone
502 1 1556 888 91 53 drone
503 1 1554 889 92 52 drone
504 1 1553 891 92 52 drone
505 1 1551 892 92 52 drone
506 1 1550 893 93 52 drone
507 1 1548 894 93 51 drone
508 1 1547 896 93 51 drone
509 1 1549 895 93 51 drone
510 1 1552 895 92 51 drone
511 1 1555 894 92 52 drone
512 1 1557 894 91 52 drone
513 1 1560 893 91 52 drone
514 1 1562 893 90 52 drone
515 1 1565 892 90 52 drone
516 1 1568 892 89 53 drone
517 1 1570 891 89 53 drone
518 1 1573 891 88 53 drone
519 1 1576 890 89 54 drone
520 1 1579 889 89 54 drone
521 1 1582 888 89 55 drone
522 1 1585 887 90 56 drone
523 1 1588 886 90 56 drone
524 1 1591 885 90 57 drone
525 1 1594 884 91 58 drone
526 1 1597 883 91 58 drone
527 1 1600 882 91 59 drone
528 1 1603 882 92 60 drone
529 1 1603 883 93 59 drone
530 1 1603 884 95 58 drone
531 1 1603 885 97 58 drone
532 1 1603 887 99 57 drone
533 1 1603 888 100 56 drone
534 1 1603 889 102 56 drone
535 1 1603 890 104 55 drone
536 1 1603 892 105 54 drone
537 1 1603 893 107 54 drone
538 1 1603 894 109 53 drone
539 1 1602 895 107 53 drone
540 1 1601 896 106 54 drone
541 1 1600 896 105 54 drone
542 1 1598 897 104 55 drone
543 1 1597 898 102 55 drone
544 1 1596 898 101 55 drone
545 1 1595 899 100 56 drone
546 1 1594 900 99 56 drone
547 1 1592 901 97 56 drone
548 1 1591 901 96 57 drone
549 1 1594 900 95 57 drone
550 1 1597 899 93 57 drone
551 1 1600 899 92 57 drone
552 1 1602 898 90 58 drone
553 1 1605 897 89 58 drone
554 1 1608 896 87 58 drone
555 1 1611 895 86 58 drone
556 1 1614 894 84 58 drone
557 1 1617 893 83 59 drone
558 1 1619 892 81 59 drone
559 1 1622 888 83 60 drone
560 1 1625 885 84 61 drone
561 1 1628 881 86 62 drone
562 1 1631 877 87 63 drone
563 1 1634 873 88 64 drone
564 1 1636 870 90 64 drone
565 1 1639 866 91 65 drone
566 1 1642 862 93 66 drone
567 1 1645 859 94 67 drone
568 1 1648 855 96 68 drone
569 1 1646 854 96 68 drone
570 1 1644 854 96 68 drone
571 1 1643 854 96 68 drone
572 1 1641 853 96 68 drone
573 1 1640 853 96 67 drone
574 1 1638 853 96 67 drone
575 1 1636 852 96 67 drone
576 1 1635 852 96 67 drone
577 1 1633 851 96 67 drone
578 1 1631 851 96 67 drone
579 1 1624 853 94 66 drone
580 1 1616 855 93 66 drone
581 1 1609 856 91 66 drone
582 1 1601 858 90 66 drone
583 1 1594 860 88 66 drone
584 1 1586 862 87 65 drone
585 1 1579 864 85 65 drone
586 1 1571 865 84 65 drone
587 1 1564 867 82 65 drone
588 1 1556 869 81 65 drone
589 1 1541 873 82 64 drone
590 1 1526 876 84 63 drone
591 1 1511 880 86 62 drone
592 1 1496 884 87 61 drone
593 1 1481 887 89 60 drone
594 1 1467 891 91 59 drone
595 1 1452 895 92 58 drone
596 1 1437 898 94 57 drone
597 1 1422 902 96 56 drone
598 1 1407 905 97 55 drone
599 1 1394 906 99 57 drone
600 1 1381 906 101 59 drone
601 1 1368 906 103 60 drone
602 1 1355 906 105 62 drone
603 1 1342 906 106 64 drone
604 1 1329 906 108 65 drone
605 1 1316 906 110 67 drone
606 1 1303 906 112 69 drone
607 1 1290 906 114 70 drone
608 1 1277 906 116 72 drone
609 1 1275 906 115 71 drone
610 1 1274 906 114 71 drone
611 1 1272 906 113 71 drone
612 1 1270 905 112 70 drone
613 1 1268 905 111 70 drone
614 1 1266 905 110 70 drone
615 1 1264 905 109 69 drone
616 1 1262 905 108 69 drone
617 1 1260 904 107 68 drone
618 1 1258 904 106 68 drone
619 1 1264 903 105 66 drone
620 1 1269 901 104 63 drone
621 1 1274 900 104 61 drone
622 1 1280 899 103 58 drone
623 1 1285 897 102 56 drone
624 1 1291 896 102 53 drone
625 1 1296 894 101 51 drone
626 1 1302 893 100 49 drone
627 1 1307 892 100 46 drone
628 1 1313 890 99 44 drone
629 1 1320 882 98 43 drone
630 1 1327 875 96 42 drone
631 1 1334 867 95 41 drone
632 1 1341 859 94 41 drone
633 1 1349 851 93 40 drone
634 1 1356 843 91 39 drone
635 1 1363 836 90 38 drone
636 1 1370 828 89 38 drone
637 1 1377 820 88 37 drone
638 1 1385 812 87 36 drone
639 1 1389 808 85 36 drone
640 1 1393 803 84 36 drone
641 1 1397 799 83 35 drone
642 1 1401 795 82 35 drone
643 1 1405 791 81 35 drone
644 1 1409 786 79 35 drone
645 1 1414 782 78 34 drone
646 1 1418 778 77 34 drone
647 1 1422 773 76 34 drone
648 1 1426 769 75 33 drone
649 1 1428 766 74 35 drone
650 1 1431 763 73 36 drone
651 1 1434 760 73 37 drone
652 1 1436 757 72 38 drone
653 1 1439 753 72 39 drone
654 1 1441 750 71 40 drone
655 1 1444 747 70 42 drone
656 1 1446 744 70 43 drone
657 1 1449 741 69 44 drone
658 1 1451 738 69 45 drone
659 1 1449 738 68 45 drone
660 1 1447 738 67 44 drone
661 1 1444 738 67 44 drone
662 1 1442 738 66 43 drone
663 1 1440 738 65 43 drone
664 1 1437 738 64 43 drone
665 1 1435 738 64 42 drone
666 1 1433 738 63 42 drone
667 1 1430 738 62 41 drone
668 1 1428 738 62 41 drone
669 1 1421 739 62 41 drone
670 1 1413 740 63 41 drone
671 1 1406 741 64 41 drone
672 1 1399 742 64 41 drone
673 1 1392 743 65 41 drone
674 1 1385 744 66 41 drone
675 1 1377 745 67 40 drone
676 1 1370 746 67 40 drone
677 1 1363 747 68 40 drone
678 1 1356 748 69 40 drone
679 1 1346 749 69 41 drone
680 1 1335 750 69 42 drone
681 1 1325 751 69 43 drone
682 1 1315 751 69 44 drone
683 1 1305 752 69 45 drone
684 1 1295 753 69 46 drone
685 1 1285 754 70 47 drone
686 1 1275 754 70 48 drone
687 1 1265 755 70 48 drone
688 1 1255 756 70 49 drone
689 1 1244 757 71 50 drone
690 1 1233 759 72 52 drone
691 1 1222 760 73 53 drone
692 1 1212 762 74 54 drone
693 1 1201 763 75 55 drone
694 1 1190 765 76 56 drone
695 1 1179 766 77 57 drone
696 1 1168 768 78 58 drone
697 1 1144 769 79 59 drone
698 1 1141 771 79 60 drone
699 1 1138 774 80 60 drone
700 1 1120 776 80 61 drone
701 1 1114 777 81 61 drone
702 1 1105 779 81 61 drone
703 1 1106 785 81 61 drone
704 1 1108 787 82 61 drone
705 1 1093 785 82 61 drone
706 1 1100 791 82 62 drone
707 1 1095 790 83 62 drone
708 1 1089 792 83 62 drone
709 1 1085 795 85 61 drone
710 1 1081 797 86 60 drone
711 1 1077 799 88 58 drone
712 1 1073 801 89 57 drone
713 1 1069 804 91 56 drone
714 1 1065 806 92 55 drone
715 1 1061 808 94 53 drone
716 1 1057 810 95 52 drone
717 1 1053 812 97 51 drone
718 1 1049 815 98 50 drone
719 1 1046 810 98 49 drone
720 1 1042 805 98 49 drone
721 1 1039 800 98 49 drone
722 1 1038 810 98 49 drone
723 1 1039 802 97 49 drone
724 1 1034 797 97 49 drone
725 1 1032 787 97 48 drone
726 1 1027 781 97 48 drone
727 1 1019 771 97 48 drone
728 1 1015 766 97 48 drone
729 1 1012 755 94 48 drone
730 1 1009 744 92 48 drone
731 1 1006 732 90 47 drone
732 1 1002 721 88 47 drone
733 1 999 710 86 47 drone
734 1 996 699 83 47 drone
735 1 993 688 81 47 drone
736 1 989 677 79 47 drone
737 1 986 666 77 47 drone
738 1 983 654 75 47 drone
739 1 978 649 73 47 drone
740 1 973 644 71 47 drone
741 1 968 639 70 47 drone
742 1 963 634 68 47 drone
743 1 958 629 66 47 drone
744 1 953 624 65 47 drone
745 1 948 618 63 47 drone
746 1 943 613 61 47 drone
747 1 938 608 60 47 drone
748 1 933 603 58 47 drone
749 1 929 605 57 46 drone
750 1 925 608 56 45 drone
751 1 921 610 55 44 drone
752 1 917 612 54 43 drone
753 1 913 615 53 43 drone
754 1 909 617 52 42 drone
755 1 905 619 51 41 drone
756 1 901 622 50 40 drone
757 1 896 624 49 39 drone
758 1 892 626 48 38 drone
759 1 889 631 47 38 drone
760 1 887 635 46 37 drone
761 1 884 640 45 37 drone
762 1 881 644 43 37 drone
763 1 878 648 42 36 drone
764 1 875 653 41 36 drone
765 1 872 657 40 36 drone
766 1 869 661 38 35 drone
767 1 866 666 37 35 drone
768 1 863 670 36 34 drone
769 1 861 672 36 33 drone
770 1 858 673 35 32 drone
771 1 855 675 35 31 drone
772 1 852 677 34 30 drone
773 1 849 678 34 29 drone
774 1 847 680 34 28 drone
775 1 844 681 33 27 drone
776 1 841 683 33 25 drone
777 1 838 685 32 24 drone
778 1 835 686 32 23 drone
779 1 833 687 32 23 drone
780 1 832 687 32 23 drone
781 1 830 687 31 23 drone
782 1 828 688 31 23 drone
783 1 826 688 31 23 drone
784 1 824 689 30 23 drone
785 1 823 689 30 22 drone
786 1 821 689 30 22 drone
787 1 819 690 30 22 drone
788 1 817 690 29 22 drone
789 1 816 691 29 22 drone
790 1 815 692 28 21 drone
791 1 813 693 27 21 drone
792 1 812 695 27 20 drone
793 1 811 696 26 20 drone
794 1 809 697 26 19 drone
795 1 808 698 25 19 drone
796 1 807 699 24 18 drone
797 1 806 700 24 18 drone
798 1 804 701 23 18 drone
799 1 804 701 23 17 drone
800 1 803 702 23 17 drone
801 1 802 702 23 17 drone
802 1 801 703 22 17 drone
803 1 800 703 22 16 drone
804 1 799 703 22 16 drone
805 1 798 704 22 16 drone
806 1 798 704 22 16 drone
807 1 797 705 22 15 drone
808 1 796 705 21 15 drone
809 1 795 705 21 15 drone
810 1 795 706 21 15 drone
811 1 794 706 22 15 drone
812 1 794 706 22 14 drone
813 1 794 707 22 14 drone
814 1 793 707 22 14 drone
815 1 793 708 22 14 drone
816 1 792 708 22 14 drone
817 1 792 708 22 13 drone
818 1 791 709 22 13 drone
819 1 791 709 21 13 drone
820 1 791 709 21 13 drone
821 1 791 709 20 13 drone
822 1 791 710 20 12 drone
823 1 791 710 19 12 drone
824 1 791 710 19 12 drone
825 1 790 710 18 12 drone
826 1 790 711 17 12 drone
827 1 790 711 17 11 drone
828 1 790 711 16 11 drone
829 1 790 711 16 11 drone
830 1 790 711 16 11 drone
831 1 789 711 16 11 drone
832 1 789 711 16 11 drone
833 1 789 711 15 11 drone
834 1 789 711 15 11 drone
835 1 789 711 15 11 drone
836 1 788 711 15 11 drone
837 1 788 711 15 11 drone
838 1 788 711 15 11 drone
839 1 789 710 14 11 drone
840 1 790 709 14 11 drone
841 1 791 707 14 11 drone
842 1 792 706 14 11 drone
843 1 792 705 14 10 drone
844 1 793 704 14 10 drone
845 1 794 703 14 10 drone
846 1 795 702 14 10 drone
847 1 796 701 14 10 drone
848 1 797 699 14 10 drone
849 1 799 697 14 10 drone
850 1 802 695 13 10 drone
851 1 804 693 13 9 drone
852 1 807 691 13 9 drone
853 1 809 689 12 9 drone
854 1 812 687 12 9 drone
855 1 814 685 11 9 drone
856 1 816 682 11 8 drone
857 1 819 680 11 8 drone
858 1 821 678 10 8 drone
859 1 824 675 10 8 drone
860 1 827 672 11 8 drone
861 1 830 669 11 8 drone
862 1 833 666 11 8 drone
863 1 837 663 11 8 drone
864 1 838 660 12 9 drone
865 1 843 657 12 9 drone
866 1 846 654 12 9 drone
867 1 849 651 12 9 drone
868 1 852 648 12 9 drone
869 1 856 645 12 9 drone
870 1 860 642 12 9 drone
871 1 864 640 11 8 drone
872 1 867 637 11 8 drone
873 1 871 634 11 8 drone
874 1 875 631 11 8 drone
875 1 879 629 10 8 drone
876 1 883 626 10 8 drone
877 1 887 623 10 7 drone
878 1 891 620 9 7 drone
879 1 896 618 9 7 drone
880 1 900 615 9 7 drone
881 1 905 612 9 7 drone
882 1 909 610 8 7 drone
883 1 914 607 8 7 drone
884 1 918 604 8 7 drone
885 1 923 601 8 7 drone
886 1 927 599 7 7 drone
887 1 932 596 7 7 drone
888 1 936 593 7 6 drone
889 1 941 590 7 6 drone
890 1 946 588 7 6 drone
891 1 951 585 7 6 drone
892 1 956 582 7 6 drone
893 1 961 580 7 6 drone
894 1 966 577 7 6 drone
895 1 971 574 7 6 drone
896 1 976 571 7 6 drone
897 1 981 569 6 6 drone
898 1 986 566 6 6 drone
899 1 991 563 7 6 drone
900 1 996 560 7 6 drone
901 1 1001 557 7 6 drone
902 1 1006 555 7 6 drone
903 1 1011 552 7 6 drone
904 1 1016 549 7 6 drone
905 1 1021 546 7 6 drone
906 1 1026 543 7 6 drone
907 1 1031 541 7 6 drone
908 1 1036 538 8 6 drone
909 1 1041 535 8 6 drone
910 1 1046 532 8 6 drone
911 1 1051 529 8 6 drone
912 1 1057 526 8 6 drone
913 1 1062 523 8 6 drone
914 1 1067 520 8 6 drone
915 1 1072 517 8 6 drone
916 1 1078 514 8 6 drone
917 1 1083 511 8 6 drone
918 1 1088 508 8 6 drone
919 1 1093 505 8 6 drone
920 1 1098 502 9 6 drone
921 1 1103 498 9 7 drone
922 1 1108 495 9 7 drone
923 1 1113 492 9 7 drone
924 1 1118 489 9 7 drone
925 1 1123 485 9 7 drone
926 1 1128 482 9 7 drone
927 1 1133 479 9 7 drone
928 1 1138 476 10 8 drone
929 1 1142 472 9 8 drone
930 1 1146 469 9 7 drone
931 1 1151 466 9 7 drone
932 1 1155 463 8 7 drone
933 1 1159 460 8 7 drone
934 1 1163 456 8 7 drone
935 1 1168 453 8 7 drone
936 1 1172 450 7 7 drone
937 1 1176 447 7 7 drone
938 1 1180 444 7 7 drone
939 1 1183 440 7 7 drone
940 1 1185 437 7 6 drone
941 1 1187 433 7 6 drone
942 1 1190 430 7 6 drone
943 1 1192 427 7 6 drone
944 1 1195 423 7 6 drone
945 1 1197 420 7 6 drone
946 1 1199 417 7 6 drone
947 1 1202 413 7 6 drone
948 1 1204 410 7 6 drone
949 1 1205 407 7 6 drone
950 1 1207 405 7 6 drone
951 1 1208 402 7 6 drone
952 1 1209 400 7 6 drone
953 1 1210 397 7 6 drone
954 1 1212 394 7 6 drone
955 1 1213 392 7 5 drone
956 1 1214 389 7 5 drone
957 1 1215 387 7 5 drone
958 1 1216 384 7 5 drone
959 1 1217 382 7 5 drone
960 1 1218 380 7 6 drone
961 1 1219 378 7 6 drone
962 1 1220 376 8 6 drone
963 1 1221 374 8 6 drone
964 1 1222 372 8 7 drone
965 1 1223 370 8 7 drone
966 1 1224 368 8 7 drone
967 1 1225 366 8 7 drone
968 1 1226 364 9 8 drone
969 1 1227 364 8 7 drone
970 1 1228 363 8 7 drone
971 1 1229 363 8 7 drone
972 1 1230 362 8 7 drone
973 1 1231 361 8 7 drone
974 1 1232 361 8 6 drone
975 1 1233 360 8 6 drone
976 1 1234 359 8 6 drone
977 1 1234 359 7 6 drone
978 1 1235 358 7 6 drone
979 1 1236 358 7 6 drone
980 1 1237 358 7 6 drone
981 1 1238 357 7 6 drone
982 1 1239 357 7 6 drone
983 1 1240 357 7 6 drone
984 1 1241 356 7 6 drone
985 1 1242 356 6 6 drone
986 1 1243 356 6 6 drone
987 1 1244 355 6 6 drone
988 1 1245 355 6 6 drone
989 1 1246 355 6 6 drone
990 0
