0 1 877 958 15 10 drone
1 1 876 957 15 10 drone
2 1 875 956 15 10 drone
3 1 874 956 15 10 drone
4 1 873 955 15 10 drone
5 1 871 954 15 10 drone
6 1 870 954 15 10 drone
7 1 869 953 15 10 drone
8 1 868 953 16 10 drone
9 1 867 952 16 10 drone
10 1 866 951 16 10 drone
11 1 865 951 16 10 drone
12 1 864 950 16 10 drone
13 1 863 949 16 10 drone
14 1 862 948 16 10 drone
15 1 861 947 15 9 drone
16 1 861 946 15 9 drone
17 1 860 945 15 9 drone
18 1 859 944 15 9 drone
19 1 858 943 15 9 drone
20 1 857 942 15 9 drone
21 1 856 941 14 9 drone
22 1 855 940 14 9 drone
23 1 854 939 14 9 drone
24 1 853 938 14 8 drone
25 1 852 937 14 8 drone
26 1 851 936 14 8 drone
27 1 850 934 13 8 drone
28 1 850 933 13 8 drone
29 1 849 931 13 8 drone
30 1 848 930 12 8 drone
31 1 848 928 12 8 drone
32 1 847 927 12 8 drone
33 1 846 926 11 8 drone
34 1 846 924 11 8 drone
35 1 845 923 11 8 drone
36 1 844 921 11 8 drone
37 1 843 920 12 8 drone
38 1 842 919 12 8 drone
39 1 841 917 12 8 drone
40 1 841 916 12 8 drone
41 1 840 914 12 8 drone
42 1 839 913 12 8 drone
43 1 838 912 13 8 drone
44 1 837 910 13 8 drone
45 1 836 909 13 8 drone
46 1 835 907 12 8 drone
47 1 835 906 12 8 drone
48 1 834 904 12 8 drone
49 1 833 903 12 8 drone
50 1 832 901 12 8 drone
51 1 831 899 13 8 drone
52 1 830 898 13 9 drone
53 1 829 896 13 9 drone
54 1 828 894 13 9 drone
55 1 828 893 13 10 drone
56 1 827 891 13 10 drone
57 1 826 889 13 10 drone
58 1 825 887 13 11 drone
59 1 824 886 13 10 drone
60 1 824 885 13 10 drone
61 1 823 884 13 10 drone
62 1 823 883 13 10 drone
63 1 822 882 13 10 drone
64 1 822 881 13 10 drone
65 1 821 879 13 10 drone
66 1 820 878 13 9 drone
67 1 820 877 13 9 drone
68 1 819 876 13 9 drone
69 1 819 875 13 9 drone
70 1 818 873 13 9 drone
71 1 817 872 13 9 drone
72 1 817 870 13 9 drone
73 1 816 869 13 9 drone
74 1 815 868 13 9 drone
75 1 814 866 12 9 drone
76 1 814 865 12 9 drone
77 1 813 863 12 9 drone
78 1 812 862 12 9 drone
79 1 812 861 12 9 drone
80 1 811 859 12 9 drone
81 1 810 858 12 9 drone
82 1 810 857 12 9 drone
83 1 809 856 12 9 drone
84 1 808 854 12 9 drone
85 1 808 853 12 9 drone
86 1 807 852 12 9 drone
87 1 807 851 12 9 drone
88 1 806 849 12 9 drone
89 1 805 848 11 9 drone
90 1 805 847 12 9 drone
91 1 804 845 12 9 drone
92 1 803 844 12 9 drone
93 1 802 843 12 9 drone
94 1 802 842 12 9 drone
95 1 801 840 12 9 drone
96 1 800 839 13 9 drone
97 1 800 838 13 9 drone
98 1 799 837 13 9 drone
99 1 798 835 13 9 drone
100 1 797 834 13 9 drone
101 1 797 833 13 9 drone
102 1 796 832 14 9 drone
103 1 795 830 14 9 drone
104 1 795 829 14 9 drone
105 1 794 828 13 9 drone
106 1 794 827 13 9 drone
107 1 794 825 13 9 drone
108 1 793 824 13 9 drone
109 1 793 823 13 9 drone
110 1 792 822 13 9 drone
111 1 792 820 12 9 drone
112 1 791 819 12 9 drone
113 1 791 818 12 9 drone
114 1 791 816 12 9 drone
115 1 790 815 12 9 drone
116 1 790 814 11 9 drone
117 1 789 813 11 9 drone
118 1 788 811 11 9 drone
119 1 788 810 11 9 drone
120 1 787 809 11 9 drone
121 1 787 807 11 9 drone
122 1 786 806 11 9 drone
123 1 785 805 11 9 drone
124 1 785 803 11 9 drone
125 1 784 802 11 9 drone
126 1 783 801 11 9 drone
127 1 783 799 11 9 drone
128 1 782 798 11 9 drone
129 1 781 797 11 9 drone
130 1 779 795 11 9 drone
131 1 778 793 11 9 drone
132 1 776 792 11 9 drone
133 1 775 790 11 9 drone
134 1 773 789 11 8 drone
135 1 772 787 11 8 drone
136 1 770 786 11 8 drone
137 1 769 784 11 8 drone
138 1 767 782 11 8 drone
139 1 766 781 11 8 drone
140 1 764 779 11 8 drone
141 1 762 778 10 7 drone
142 1 761 776 10 7 drone
143 1 759 775 10 7 drone
144 1 758 773 10 7 drone
145 1 756 771 10 7 drone
146 1 754 769 10 7 drone
147 1 752 767 11 7 drone
148 1 749 765 11 8 drone
149 1 747 763 11 8 drone
150 1 745 761 11 8 drone
151 1 743 759 11 8 drone
152 1 741 757 11 8 drone
153 1 739 755 11 8 drone
154 1 737 753 11 8 drone
155 1 735 751 11 9 drone
156 1 733 749 11 9 drone
157 1 730 747 11 9 drone
158 1 728 745 11 9 drone
159 1 727 743 11 9 drone
160 1 725 741 11 9 drone
161 1 723 738 10 9 drone
162 1 721 736 10 8 drone
163 1 719 734 10 8 drone
164 1 717 732 10 8 drone
165 1 715 729 10 8 drone
166 1 713 727 9 8 drone
167 1 711 725 9 8 drone
168 1 709 722 10 8 drone
169 1 708 720 10 8 drone
170 1 706 718 10 8 drone
171 1 704 715 10 8 drone
172 1 703 713 10 8 drone
173 1 701 711 10 8 drone
174 1 699 708 10 8 drone
175 1 698 706 10 8 drone
176 1 696 704 10 8 drone
177 1 695 702 10 9 drone
178 1 694 699 10 9 drone
179 1 693 697 10 9 drone
180 1 692 695 11 9 drone
181 1 691 693 11 9 drone
182 1 690 691 11 9 drone
183 1 690 689 11 10 drone
184 1 689 687 11 10 drone
185 1 688 685 11 10 drone
186 1 687 683 11 10 drone
187 1 686 680 12 10 drone
188 1 685 678 12 10 drone
189 1 684 676 12 10 drone
190 1 683 674 12 11 drone
191 1 684 673 12 11 drone
192 1 684 672 12 11 drone
193 1 685 671 12 11 drone
194 1 685 670 12 11 drone
195 1 685 668 12 11 drone
196 1 686 667 12 11 drone
197 1 686 666 12 11 drone
198 1 687 665 12 11 drone
199 1 687 664 12 11 drone
200 1 688 663 11 11 drone
201 1 688 662 11 11 drone
202 1 689 661 11 11 drone
203 1 689 659 11 11 drone
204 1 690 658 11 11 drone
205 1 690 657 11 11 drone
206 1 691 657 11 10 drone
207 1 692 656 11 10 drone
208 1 693 656 11 10 drone
209 1 694 655 11 9 drone
210 1 695 655 11 9 drone
211 1 696 655 12 9 drone
212 1 697 654 12 9 drone
213 1 698 654 12 8 drone
214 1 698 653 12 8 drone
215 1 699 653 12 8 drone
216 1 700 653 12 8 drone
217 1 701 652 12 7 drone
218 1 702 652 12 7 drone
219 1 703 651 12 7 drone
220 1 704 651 12 7 drone
221 1 705 650 12 7 drone
222 1 705 649 12 7 drone
223 1 706 649 12 7 drone
224 1 707 648 12 7 drone
225 1 708 648 12 7 drone
226 1 708 647 12 7 drone
227 1 709 646 11 7 drone
228 1 710 646 11 8 drone
229 1 711 645 11 8 drone
230 1 712 644 11 8 drone
231 1 712 644 11 8 drone
232 1 713 643 11 8 drone
233 1 713 642 11 8 drone
234 1 714 642 11 8 drone
235 1 714 641 11 8 drone
236 1 715 641 11 8 drone
237 1 715 640 11 8 drone
238 1 716 639 12 8 drone
239 1 716 639 12 8 drone
240 1 716 638 12 8 drone
241 1 717 638 12 9 drone
242 1 717 637 12 9 drone
243 1 718 636 12 9 drone
244 1 718 636 12 9 drone
245 1 718 635 12 9 drone
246 1 719 635 12 9 drone
247 1 719 634 12 9 drone
248 1 720 633 12 9 drone
249 1 721 633 12 9 drone
250 1 721 632 12 9 drone
251 1 722 632 12 9 drone
252 1 722 631 12 9 drone
253 1 723 630 12 9 drone
254 1 723 630 12 9 drone
255 1 724 629 12 9 drone
256 1 724 628 12 9 drone
257 1 725 628 12 9 drone
258 1 726 627 12 9 drone
259 1 726 626 12 9 drone
260 1 727 626 12 9 drone
261 1 727 625 12 9 drone
262 1 728 625 12 9 drone
263 1 729 624 12 9 drone
264 1 730 624 13 9 drone
265 1 730 624 13 9 drone
266 1 731 623 13 9 drone
267 1 732 623 13 9 drone
268 1 733 622 13 8 drone
269 1 733 622 13 8 drone
270 1 734 621 13 8 drone
271 1 735 621 13 8 drone
272 1 736 620 13 8 drone
273 1 737 620 14 8 drone
274 1 737 619 14 9 drone
275 1 738 618 14 9 drone
276 1 739 618 14 9 drone
277 1 740 617 14 9 drone
278 1 741 617 14 9 drone
279 1 742 616 14 9 drone
280 1 743 615 15 9 drone
281 1 744 615 15 9 drone
282 1 745 614 15 9 drone
283 1 746 614 15 9 drone
284 1 747 613 15 10 drone
285 1 748 613 15 10 drone
286 1 749 612 15 10 drone
287 1 750 612 15 10 drone
288 1 751 611 15 10 drone
289 1 752 611 15 10 drone
290 1 754 610 15 10 drone
291 1 755 610 15 10 drone
292 1 756 609 15 10 drone
293 1 757 609 15 10 drone
294 1 758 608 15 10 drone
295 1 759 608 15 10 drone
296 1 760 607 15 10 drone
297 1 762 607 15 10 drone
298 1 763 606 15 10 drone
299 1 764 606 15 10 drone
300 1 766 605 15 10 drone
301 1 767 604 15 10 drone
302 1 768 604 15 10 drone
303 1 770 603 15 10 drone
304 1 771 603 15 10 drone
305 1 772 602 15 10 drone
306 1 774 601 15 10 drone
307 1 775 601 15 10 drone
308 1 776 600 15 10 drone
309 1 778 600 15 10 drone
310 1 779 599 15 10 drone
311 1 780 598 15 10 drone
312 1 781 598 15 10 drone
313 1 783 597 15 10 drone
314 1 784 597 15 10 drone
315 1 786 596 15 10 drone
316 1 787 595 16 10 drone
317 1 788 595 16 10 drone
318 1 790 594 16 10 drone
319 1 791 594 16 10 drone
320 1 793 593 16 10 drone
321 1 794 593 16 10 drone
322 1 795 592 16 10 drone
323 1 797 591 16 10 drone
324 1 798 591 16 10 drone
325 1 799 590 17 11 drone
326 1 801 590 17 11 drone
327 1 802 589 17 11 drone
328 1 804 589 17 11 drone
329 1 805 588 17 11 drone
330 1 806 587 17 11 drone
331 1 808 587 17 11 drone
332 1 810 586 17 11 drone
333 1 811 586 17 11 drone
334 1 813 586 17 11 drone
335 1 815 585 17 11 drone
336 1 816 585 17 11 drone
337 1 818 584 17 11 drone
338 1 820 584 17 11 drone
339 1 821 583 17 11 drone
340 1 823 583 17 11 drone
341 1 825 583 17 12 drone
342 1 826 582 17 12 drone
343 1 828 582 17 12 drone
344 1 829 581 17 12 drone
345 1 831 580 17 12 drone
346 1 832 580 18 12 drone
347 1 833 579 18 12 drone
348 1 835 579 18 12 drone
349 1 836 578 18 12 drone
350 1 838 578 19 12 drone
351 1 839 577 19 12 drone
352 1 841 577 19 12 drone
353 1 843 576 19 12 drone
354 1 845 576 19 12 drone
355 1 847 576 18 12 drone
356 1 848 575 18 11 drone
357 1 850 575 18 11 drone
358 1 852 575 18 11 drone
359 1 854 574 18 11 drone
360 1 856 574 18 11 drone
361 1 858 573 18 11 drone
362 1 860 573 18 11 drone
363 1 862 573 18 11 drone
364 1 863 572 18 11 drone
365 1 865 572 18 11 drone
366 1 867 572 17 11 drone
367 1 869 571 17 11 drone
368 1 871 571 17 11 drone
369 1 873 570 17 11 drone
370 1 875 570 17 11 drone
371 1 877 569 17 11 drone
372 1 879 569 17 11 drone
373 1 881 568 17 11 drone
374 1 883 568 17 11 drone
375 1 884 568 17 12 drone
376 1 886 567 17 12 drone
377 1 888 567 17 12 drone
378 1 890 566 17 11 drone
379 1 892 566 17 11 drone
380 1 894 566 17 11 drone
381 1 896 565 17 11 drone
382 1 898 565 17 11 drone
383 1 901 565 17 11 drone
384 1 903 564 17 11 drone
385 1 905 564 17 11 drone
386 1 907 564 17 11 drone
387 1 909 563 17 11 drone
388 1 911 563 17 11 drone
389 1 913 563 17 11 drone
390 1 915 563 17 11 drone
391 1 917 562 17 11 drone
392 1 919 562 17 11 drone
393 1 922 562 17 11 drone
394 1 924 562 17 11 drone
395 1 926 561 17 11 drone
396 1 928 561 17 11 drone
397 1 930 561 17 11 drone
398 1 933 560 17 11 drone
399 1 935 560 17 11 drone
400 1 937 560 17 11 drone
401 1 939 559 17 12 drone
402 1 941 559 17 12 drone
403 1 943 558 17 12 drone
404 1 946 558 18 12 drone
405 1 948 557 18 12 drone
406 1 950 557 18 12 drone
407 1 952 556 18 13 drone
408 1 954 556 18 13 drone
409 1 957 556 18 13 drone
410 1 959 555 19 13 drone
411 1 961 555 18 13 drone
412 1 963 555 18 13 drone
413 1 966 555 18 13 drone
414 1 968 554 18 13 drone
415 1 970 554 18 13 drone
416 1 973 554 18 13 drone
417 1 975 554 18 13 drone
418 1 977 554 17 13 drone
419 1 980 553 17 13 drone
420 1 982 553 17 12 drone
421 1 984 553 17 12 drone
422 1 987 553 17 12 drone
423 1 989 553 17 12 drone
424 1 991 552 17 12 drone
425 1 994 552 17 12 drone
426 1 996 552 17 12 drone
427 1 998 552 17 12 drone
428 1 1001 551 17 12 drone
429 1 1003 551 17 12 drone
430 1 1005 551 17 12 drone
431 1 1008 551 17 12 drone
432 1 1010 550 17 12 drone
433 1 1012 550 17 12 drone
434 1 1015 550 17 12 drone
435 1 1017 550 18 12 drone
436 1 1019 549 18 12 drone
437 1 1022 549 18 12 drone
438 1 1024 549 18 12 drone
439 1 1026 548 18 12 drone
440 1 1029 548 18 13 drone
441 1 1031 548 18 13 drone
442 1 1033 547 18 13 drone
443 1 1036 547 17 13 drone
444 1 1038 547 17 13 drone
445 1 1041 546 17 13 drone
446 1 1043 546 17 13 drone
447 1 1045 545 17 13 drone
448 1 1048 545 17 13 drone
449 1 1050 545 17 13 drone
450 1 1052 545 17 13 drone
451 1 1055 544 17 13 drone
452 1 1057 544 17 13 drone
453 1 1060 544 17 13 drone
454 1 1062 544 17 13 drone
455 1 1064 544 17 13 drone
456 1 1067 544 17 13 drone
457 1 1069 544 17 13 drone
458 1 1071 544 17 14 drone
459 1 1074 544 18 14 drone
460 1 1076 544 18 14 drone
461 1 1078 543 18 14 drone
462 1 1081 543 18 14 drone
463 1 1083 543 18 14 drone
464 1 1085 543 18 14 drone
465 1 1088 543 19 14 drone
466 1 1090 543 19 14 drone
467 1 1092 542 19 15 drone
468 1 1095 542 19 15 drone
469 1 1097 542 19 15 drone
470 1 1099 542 19 15 drone
471 1 1102 542 19 15 drone
472 1 1104 542 19 16 drone
473 1 1106 541 20 16 drone
474 1 1108 541 20 16 drone
475 1 1111 541 19 16 drone
476 1 1113 542 19 16 drone
477 1 1115 542 19 15 drone
478 1 1118 542 19 15 drone
479 1 1120 542 19 15 drone
480 1 1122 542 19 15 drone
481 1 1124 542 19 15 drone
482 1 1127 542 19 15 drone
483 1 1129 542 19 15 drone
484 1 1131 542 19 15 drone
485 1 1133 542 19 15 drone
486 1 1136 542 19 15 drone
487 1 1138 542 19 15 drone
488 1 1140 542 19 15 drone
489 1 1142 542 19 15 drone
490 1 1145 542 19 15 drone
491 1 1147 542 19 15 drone
492 1 1149 542 19 15 drone
493 1 1151 542 19 15 drone
494 1 1154 542 19 16 drone
495 1 1156 542 19 16 drone
496 1 1158 542 19 16 drone
497 1 1160 542 19 16 drone
498 1 1162 542 19 16 drone
499 1 1164 542 19 16 drone
500 1 1166 542 20 16 drone
501 1 1168 542 20 16 drone
502 1 1171 543 20 16 drone
503 1 1173 543 20 16 drone
504 1 1175 543 21 16 drone
505 1 1177 543 21 16 drone
506 1 1179 543 21 16 drone
507 1 1181 543 21 16 drone
508 1 1183 543 21 16 drone
509 1 1185 543 22 16 drone
510 1 1187 543 22 16 drone
511 1 1189 543 22 16 drone
512 1 1191 543 22 16 drone
513 1 1193 544 23 16 drone
514 1 1196 544 22 16 drone
515 1 1198 544 22 16 drone
516 1 1200 544 22 16 drone
517 1 1202 544 22 16 drone
518 1 1205 544 22 16 drone
519 1 1207 545 21 16 drone
520 1 1209 545 21 16 drone
521 1 1211 545 21 16 drone
522 1 1213 545 21 16 drone
523 1 1216 545 21 15 drone
524 1 1218 546 20 15 drone
525 1 1220 546 20 15 drone
526 1 1222 546 20 15 drone
527 1 1224 547 20 15 drone
528 1 1226 547 19 15 drone
529 1 1229 547 19 15 drone
530 1 1231 548 19 15 drone
531 1 1233 548 19 15 drone
532 1 1235 548 18 15 drone
533 1 1237 549 18 15 drone
534 1 1239 549 18 15 drone
535 1 1242 549 18 15 drone
536 1 1244 550 17 15 drone
537 1 1246 550 17 15 drone
538 1 1248 550 17 15 drone
539 1 1250 551 17 15 drone
540 1 1252 551 16 15 drone
541 1 1254 551 16 15 drone
542 1 1256 552 17 15 drone
543 1 1258 552 17 15 drone
544 1 1260 552 17 15 drone
545 1 1261 553 18 15 drone
546 1 1263 553 18 16 drone
547 1 1265 553 18 16 drone
548 1 1267 554 19 16 drone
549 1 1268 554 19 16 drone
550 1 1270 555 20 16 drone
551 1 1271 555 20 16 drone
552 1 1272 556 21 16 drone
553 1 1273 556 21 16 drone
554 0
