0 0
1 0
2 0
3 0
4 0
5 0
6 0
7 0
8 0
9 0
10 0
11 0
12 1 1855 104 66 104 drone
13 1 1854 127 66 106 drone
14 1 1829 140 83 99 drone
15 1 1811 157 88 93 drone
16 1 1794 178 88 96 drone
17 1 1772 189 88 97 drone
18 1 1754 205 87 95 drone
19 1 1736 221 86 93 drone
20 1 1718 237 85 91 drone
21 1 1700 253 84 89 drone
22 1 1682 269 83 87 drone
23 1 1664 285 82 85 drone
24 1 1646 301 80 83 drone
25 1 1629 317 79 81 drone
26 1 1611 333 78 79 drone
27 1 1593 348 77 77 drone
28 1 1577 362 76 76 drone
29 1 1561 375 75 74 drone
30 1 1545 388 75 72 drone
31 1 1530 401 74 70 drone
32 1 1514 414 73 69 drone
33 1 1498 428 72 67 drone
34 1 1482 441 72 65 drone
35 1 1466 454 71 63 drone
36 1 1451 467 70 62 drone
37 1 1435 480 69 60 drone
38 1 1425 492 66 57 drone
39 1 1416 504 64 54 drone
40 1 1407 515 61 51 drone
41 1 1397 527 58 48 drone
42 1 1388 539 55 45 drone
43 1 1379 550 52 42 drone
44 1 1370 558 52 41 drone
45 1 1361 567 51 40 drone
46 1 1353 575 51 39 drone
47 1 1344 583 50 38 drone
48 1 1336 591 50 37 drone
49 1 1327 599 50 36 drone
50 1 1318 607 49 35 drone
51 1 1313 613 48 35 drone
52 1 1308 619 48 34 drone
53 1 1303 624 47 33 drone
54 1 1297 630 46 33 drone
55 1 1292 636 46 32 drone
56 1 1287 642 45 32 drone
57 1 1282 647 44 31 drone
58 1 1276 653 44 30 drone
59 1 1271 659 43 30 drone
60 1 1268 663 42 29 drone
61 1 1265 667 40 29 drone
62 1 1262 672 39 28 drone
63 1 1259 676 38 28 drone
64 1 1256 680 36 27 drone
65 1 1253 684 35 27 drone
66 1 1250 689 34 27 drone
67 1 1246 693 32 26 drone
68 1 1243 697 31 26 drone
69 1 1240 701 30 25 drone
70 1 1238 704 30 25 drone
71 1 1235 707 29 24 drone
72 1 1232 710 29 24 drone
73 1 1230 714 29 23 drone
74 1 1227 717 29 23 drone
75 1 1225 720 29 23 drone
76 1 1222 723 28 22 drone
77 1 1220 726 28 22 drone
78 1 1217 729 28 21 drone
79 1 1214 732 28 21 drone
80 1 1212 735 28 20 drone
81 1 1209 738 27 20 drone
82 1 1207 740 27 20 drone
83 1 1205 741 27 19 drone
84 1 1204 743 26 19 drone
85 1 1202 745 26 19 drone
86 1 1200 747 26 18 drone
87 1 1198 749 26 18 drone
88 1 1196 751 25 18 drone
89 1 1194 752 25 17 drone
90 1 1192 754 25 17 drone
91 1 1191 756 24 17 drone
92 1 1189 758 24 16 drone
93 1 1187 760 24 16 drone
94 1 1185 761 24 16 drone
95 1 1183 763 23 15 drone
96 1 1181 764 23 15 drone
97 1 1180 765 22 15 drone
98 1 1178 766 21 16 drone
99 1 1177 767 21 16 drone
100 1 1175 768 20 16 drone
101 1 1173 769 19 16 drone
102 1 1172 770 18 16 drone
103 1 1170 771 18 16 drone
104 1 1168 772 17 16 drone
105 1 1167 773 16 16 drone
106 1 1164 774 16 15 drone
107 1 1162 775 16 15 drone
108 1 1160 776 16 15 drone
109 1 1157 777 16 15 drone
110 1 1155 778 16 14 drone
111 1 1153 779 16 14 drone
112 1 1151 780 16 14 drone
113 1 1148 780 16 13 drone
114 1 1146 781 16 13 drone
115 1 1144 782 16 13 drone
116 1 1141 783 16 13 drone
117 1 1139 784 16 12 drone
118 1 1137 785 16 12 drone
119 1 1134 786 16 12 drone
120 1 1132 786 16 12 drone
121 1 1129 787 16 12 drone
122 1 1127 788 16 12 drone
123 1 1124 788 15 12 drone
124 1 1122 789 15 12 drone
125 1 1119 789 15 12 drone
126 1 1117 790 15 12 drone
127 1 1114 791 15 12 drone
128 1 1112 791 15 12 drone
129 1 1109 792 14 12 drone
130 1 1107 792 14 12 drone
131 1 1104 793 14 12 drone
132 1 1101 793 14 12 drone
133 1 1098 794 14 12 drone
134 1 1095 794 14 12 drone
135 1 1092 794 13 12 drone
136 1 1089 795 13 12 drone
137 1 1087 795 13 12 drone
138 1 1084 795 13 12 drone
139 1 1081 796 13 12 drone
140 1 1078 796 13 12 drone
141 1 1075 796 13 11 drone
142 1 1072 797 12 11 drone
143 1 1069 797 12 11 drone
144 1 1066 797 12 11 drone
145 1 1062 797 13 11 drone
146 1 1059 798 13 11 drone
147 1 1055 798 14 11 drone
148 1 1051 798 14 10 drone
149 1 1048 798 15 10 drone
150 1 1044 798 15 10 drone
151 1 1041 798 15 10 drone
152 1 1038 797 15 10 drone
153 1 1035 797 15 11 drone
154 1 1032 797 14 11 drone
155 1 1029 796 14 11 drone
156 1 1026 796 14 11 drone
157 1 1022 795 14 11 drone
158 1 1019 795 14 12 drone
159 1 1016 795 13 12 drone
160 1 1013 795 12 11 drone
161 1 1010 795 11 9 drone
162 1 1007 795 10 8 drone
163 1 1005 795 10 8 drone
164 1 1002 795 10 8 drone
165 1 1000 795 10 8 drone
166 1 997 794 10 8 drone
167 1 995 794 10 8 drone
168 1 992 794 10 8 drone
169 1 990 794 10 8 drone
170 1 987 794 10 8 drone
171 1 985 793 10 8 drone
172 1 982 793 10 8 drone
173 1 980 793 10 8 drone
174 1 978 793 10 8 drone
175 1 977 793 11 8 drone
176 1 975 793 11 9 drone
177 1 973 792 11 9 drone
178 1 971 792 11 9 drone
179 1 969 792 11 9 drone
180 1 968 792 12 9 drone
181 1 966 792 12 9 drone
182 1 964 792 12 9 drone
183 1 962 791 12 9 drone
184 1 960 791 13 9 drone
185 1 959 791 13 10 drone
186 1 957 791 13 10 drone
187 1 955 791 13 10 drone
188 1 953 791 14 10 drone
189 1 952 791 14 10 drone
190 1 951 791 14 10 drone
191 1 950 791 14 10 drone
192 1 949 791 14 10 drone
193 1 949 791 14 10 drone
194 1 948 791 14 10 drone
195 1 947 791 13 10 drone
196 1 946 791 13 10 drone
197 1 946 791 13 10 drone
198 1 945 791 13 10 drone
199 1 944 791 13 9 drone
200 1 943 791 13 9 drone
201 1 943 791 13 9 drone
202 1 942 792 13 9 drone
203 1 942 792 13 9 drone
204 1 942 792 13 9 drone
205 1 942 792 12 9 drone
206 1 942 792 12 9 drone
207 1 942 792 12 9 drone
208 1 942 792 12 9 drone
209 1 942 792 12 8 drone
210 1 942 792 12 8 drone
211 1 941 792 11 8 drone
212 1 941 792 11 8 drone
213 1 941 792 11 8 drone
214 1 941 792 11 8 drone
215 1 941 792 11 8 drone
216 1 941 792 11 8 drone
217 1 941 792 10 7 drone
218 1 941 792 10 7 drone
219 1 941 792 10 7 drone
220 1 940 792 10 7 drone
221 1 940 792 11 7 drone
222 1 940 792 11 7 drone
223 1 940 792 11 7 drone
224 1 940 792 11 8 drone
225 1 940 792 12 8 drone
226 1 940 792 12 8 drone
227 1 939 792 12 8 drone
228 1 939 792 12 8 drone
229 1 939 792 13 8 drone
230 1 939 792 13 8 drone
231 1 939 792 13 8 drone
232 1 939 792 13 8 drone
233 1 939 791 13 8 drone
234 1 939 791 13 8 drone
235 1 940 791 12 8 drone
236 1 940 790 12 8 drone
237 1 940 790 12 8 drone
238 1 941 790 11 8 drone
239 1 940 789 11 8 drone
240 1 940 789 12 9 drone
241 1 939 788 12 9 drone
242 1 939 788 12 9 drone
243 1 938 787 12 9 drone
244 1 938 786 13 9 drone
245 1 937 786 13 9 drone
246 1 937 786 13 9 drone
247 1 937 785 13 9 drone
248 1 937 785 13 9 drone
249 1 936 784 13 9 drone
250 1 936 784 13 9 drone
251 1 936 783 13 9 drone
252 1 936 783 13 9 drone
253 1 936 782 13 9 drone
254 1 935 782 14 9 drone
255 1 935 781 14 9 drone
256 1 935 781 14 9 drone
257 1 934 780 14 9 drone
258 1 934 780 14 9 drone
259 1 933 779 14 9 drone
260 1 933 779 14 9 drone
261 1 932 778 14 10 drone
262 1 932 778 14 10 drone
263 1 932 777 14 10 drone
264 1 931 777 14 10 drone
265 1 931 776 14 10 drone
266 1 930 775 14 10 drone
267 1 930 775 14 10 drone
268 1 929 774 14 11 drone
269 1 929 774 15 11 drone
270 1 928 773 15 11 drone
271 1 927 773 15 11 drone
272 1 926 772 16 11 drone
273 1 926 771 16 11 drone
274 1 925 771 17 11 drone
275 1 924 770 17 11 drone
276 1 923 770 17 11 drone
277 1 923 769 17 11 drone
278 1 922 768 17 11 drone
279 1 922 767 16 11 drone
280 1 921 766 16 11 drone
281 1 921 765 16 11 drone
282 1 920 764 15 11 drone
283 1 920 763 15 11 drone
284 1 919 763 15 11 drone
285 1 919 762 15 11 drone
286 1 918 761 15 11 drone
287 1 917 760 15 11 drone
288 1 916 759 16 12 drone
289 1 915 758 16 12 drone
290 1 914 756 16 12 drone
291 1 913 755 17 12 drone
292 1 912 754 17 12 drone
293 1 911 753 17 12 drone
294 1 910 752 18 12 drone
295 1 909 751 18 12 drone
296 1 908 749 18 13 drone
297 1 907 748 18 13 drone
298 1 905 746 19 13 drone
299 1 904 745 19 13 drone
300 1 903 744 19 13 drone
301 1 902 742 19 13 drone
302 1 901 741 19 13 drone
303 1 900 739 20 13 drone
304 1 898 738 20 14 drone
305 1 897 735 20 14 drone
306 1 895 732 21 15 drone
307 1 893 730 21 15 drone
308 1 891 727 22 16 drone
309 1 889 724 23 16 drone
310 1 887 721 23 16 drone
311 1 885 719 24 17 drone
312 1 883 716 24 17 drone
313 1 881 713 25 18 drone
314 1 880 710 25 18 drone
315 1 878 708 26 19 drone
316 1 876 703 26 20 drone
317 1 874 698 27 20 drone
318 1 871 694 28 21 drone
319 1 869 689 28 22 drone
320 1 867 684 29 23 drone
321 1 865 680 29 23 drone
322 1 862 674 31 24 drone
323 1 860 669 32 25 drone
324 1 857 664 33 25 drone
325 1 854 658 34 26 drone
326 1 851 653 35 27 drone
327 1 848 647 36 27 drone
328 1 845 642 37 28 drone
329 1 843 636 37 28 drone
330 1 841 629 38 29 drone
331 1 839 623 38 29 drone
332 1 837 617 38 30 drone
333 1 835 610 38 30 drone
334 1 832 605 39 30 drone
335 1 830 600 39 31 drone
336 1 828 594 40 31 drone
337 1 825 589 41 31 drone
338 1 823 583 41 31 drone
339 1 820 578 42 31 drone
340 1 818 572 42 32 drone
341 1 816 567 43 32 drone
342 1 814 561 44 32 drone
343 1 812 556 45 32 drone
344 1 809 551 46 32 drone
345 1 807 545 47 33 drone
346 1 805 540 47 33 drone
347 1 803 534 48 33 drone
348 1 802 529 49 35 drone
349 1 802 523 50 36 drone
350 1 801 518 52 37 drone
351 1 800 512 53 39 drone
352 1 800 507 54 40 drone
353 1 799 501 55 42 drone
354 1 798 495 56 43 drone
355 1 798 490 57 45 drone
356 1 798 488 57 45 drone
357 1 799 485 58 45 drone
358 1 800 483 58 45 drone
359 1 801 481 58 46 drone
360 1 801 479 59 46 drone
361 1 802 477 59 46 drone
362 1 803 474 59 46 drone
363 1 804 472 60 47 drone
364 1 804 470 60 47 drone
365 1 805 468 60 47 drone
366 1 806 465 61 47 drone
367 1 807 463 61 47 drone
368 1 809 466 61 47 drone
369 1 811 468 61 47 drone
370 1 813 471 61 47 drone
371 1 815 473 61 47 drone
372 1 817 475 61 47 drone
373 1 819 478 61 47 drone
374 1 822 480 61 46 drone
375 1 824 483 61 46 drone
376 1 826 485 60 46 drone
377 1 828 488 60 46 drone
378 1 830 490 60 46 drone
379 1 833 496 60 45 drone
380 1 836 502 59 45 drone
381 1 840 508 59 44 drone
382 1 843 514 58 43 drone
383 1 846 520 57 43 drone
384 1 849 526 57 42 drone
385 1 852 530 57 42 drone
386 1 855 534 56 41 drone
387 1 858 538 56 41 drone
388 1 861 543 56 41 drone
389 1 863 547 56 40 drone
390 1 865 550 57 40 drone
391 1 866 552 58 40 drone
392 1 868 555 59 40 drone
393 1 869 558 60 40 drone
394 1 870 561 62 40 drone
395 1 872 563 63 40 drone
396 1 873 566 64 40 drone
397 1 874 569 65 40 drone
398 1 876 572 66 40 drone
399 1 877 575 68 40 drone
400 1 878 577 67 40 drone
401 1 880 579 67 39 drone
402 1 881 581 66 39 drone
403 1 882 583 65 39 drone
404 1 884 586 65 39 drone
405 1 885 588 64 38 drone
406 1 886 590 64 38 drone
407 1 888 592 63 38 drone
408 1 889 595 63 38 drone
409 1 890 597 62 37 drone
410 1 892 599 62 37 drone
411 1 893 601 61 37 drone
412 1 893 603 61 37 drone
413 1 893 604 61 36 drone
414 1 893 606 61 36 drone
415 1 893 607 61 36 drone
416 1 893 609 61 36 drone
417 1 893 610 61 35 drone
418 1 893 612 61 35 drone
419 1 892 614 61 35 drone
420 1 892 615 61 35 drone
421 1 892 617 61 34 drone
422 1 892 618 61 34 drone
423 1 892 620 61 34 drone
424 1 892 621 61 33 drone
425 1 890 621 61 33 drone
426 1 889 622 61 33 drone
427 1 887 622 61 33 drone
428 1 886 623 61 33 drone
429 1 884 623 61 33 drone
430 1 883 624 61 32 drone
431 1 881 624 61 32 drone
432 1 880 625 61 32 drone
433 1 878 625 61 32 drone
434 1 876 625 61 32 drone
435 1 875 626 61 32 drone
436 1 873 626 61 31 drone
437 1 871 625 61 32 drone
438 1 868 625 61 32 drone
439 1 865 624 61 32 drone
440 1 862 623 61 32 drone
441 1 860 623 61 32 drone
442 1 857 622 61 32 drone
443 1 854 621 61 33 drone
444 1 849 620 61 33 drone
445 1 845 619 62 33 drone
446 1 840 617 63 33 drone
447 1 836 616 63 33 drone
448 1 831 615 64 33 drone
449 1 826 613 64 33 drone
450 1 820 611 65 33 drone
451 1 813 609 65 33 drone
452 1 807 606 65 33 drone
453 1 800 604 66 33 drone
454 1 794 602 66 33 drone
455 1 787 600 66 33 drone
456 1 781 597 66 33 drone
457 1 775 595 67 33 drone
458 1 766 592 68 33 drone
459 1 758 589 69 32 drone
460 1 749 587 71 32 drone
461 1 739 583 71 32 drone
462 1 729 579 72 33 drone
463 1 719 576 73 34 drone
464 1 709 572 73 34 drone
465 1 698 568 74 35 drone
466 1 686 563 76 35 drone
467 1 673 558 79 36 drone
468 1 661 552 81 37 drone
469 1 648 547 83 37 drone
470 1 636 542 86 38 drone
471 1 623 537 88 38 drone
472 1 608 529 88 40 drone
473 1 593 521 88 42 drone
474 1 579 513 88 43 drone
475 1 564 506 88 45 drone
476 1 549 498 88 46 drone
477 1 530 487 90 48 drone
478 1 512 476 92 50 drone
479 1 493 466 94 52 drone
480 1 475 455 97 54 drone
481 1 456 444 99 56 drone
482 1 438 433 101 58 drone
483 1 419 422 103 60 drone
484 1 401 411 105 62 drone
485 1 382 401 107 64 drone
486 1 364 390 110 66 drone
487 1 338 375 113 69 drone
488 1 313 360 116 72 drone
489 1 288 344 119 74 drone
490 1 263 329 122 77 drone
491 1 238 314 125 80 drone
492 1 213 299 128 83 drone
493 1 188 284 131 85 drone
494 1 163 269 134 88 drone
495 1 137 252 136 91 drone
496 1 112 234 137 95 drone
497 1 86 217 139 98 drone
498 1 60 199 140 101 drone
499 1 38 177 133 106 drone
500 1 20 152 119 119 drone
501 1 1 135 114 122 drone
502 1 1 132 94 108 drone
503 1 2 121 56 108 drone
504 0
505 0
506 0
507 0
508 0
509 0
510 0
511 0
512 0
513 0
514 0
515 0
516 0
517 0
518 0
519 0
520 0
521 0
522 0
523 0
524 0
525 0
