0 1 1551 162 24 21 drone
1 1 1549 165 25 22 drone
2 1 1547 167 25 22 drone
3 1 1546 170 26 23 drone
4 1 1544 173 27 24 drone
5 1 1542 175 27 24 drone
6 1 1540 178 28 25 drone
7 1 1537 181 28 25 drone
8 1 1535 183 28 25 drone
9 1 1532 186 27 25 drone
10 1 1530 189 27 25 drone
11 1 1527 191 27 25 drone
12 1 1525 194 27 25 drone
13 1 1522 197 26 25 drone
14 1 1520 199 26 25 drone
15 1 1517 202 26 25 drone
16 1 1513 204 26 25 drone
17 1 1509 206 26 25 drone
18 1 1505 209 27 25 drone
19 1 1501 211 27 25 drone
20 1 1497 213 27 25 drone
21 1 1493 215 27 25 drone
22 1 1489 217 27 25 drone
23 1 1485 219 27 25 drone
24 1 1481 222 28 25 drone
25 1 1477 224 28 25 drone
26 1 1473 226 28 25 drone
27 1 1468 227 29 25 drone
28 1 1462 228 30 26 drone
29 1 1456 230 30 26 drone
30 1 1451 231 31 26 drone
31 1 1446 232 32 27 drone
32 1 1440 234 32 27 drone
33 1 1434 235 33 28 drone
34 1 1429 236 34 28 drone
35 1 1423 238 34 28 drone
36 1 1417 239 34 28 drone
37 1 1411 240 35 28 drone
38 1 1406 242 35 28 drone
39 1 1400 244 35 27 drone
40 1 1394 245 36 27 drone
41 1 1388 246 36 27 drone
42 1 1382 248 36 27 drone
43 1 1376 249 36 28 drone
44 1 1370 250 37 30 drone
45 1 1364 251 37 31 drone
46 1 1358 251 37 32 drone
47 1 1352 252 37 33 drone
48 1 1346 253 38 35 drone
49 1 1340 254 38 36 drone
50 1 1334 257 39 36 drone
51 1 1328 260 39 36 drone
52 1 1323 263 40 36 drone
53 1 1317 266 41 36 drone
54 1 1311 270 41 37 drone
55 1 1305 273 42 37 drone
56 1 1300 276 43 37 drone
57 1 1294 279 43 37 drone
58 1 1288 282 44 37 drone
59 1 1283 288 43 36 drone
60 1 1278 294 43 35 drone
61 1 1272 300 42 34 drone
62 1 1267 305 41 34 drone
63 1 1262 311 41 33 drone
64 1 1257 317 40 32 drone
65 1 1252 323 40 32 drone
66 1 1246 329 41 32 drone
67 1 1241 335 42 32 drone
68 1 1236 341 42 32 drone
69 1 1230 347 42 33 drone
70 1 1225 353 43 33 drone
71 1 1219 359 44 33 drone
72 1 1214 365 44 33 drone
73 1 1209 373 45 33 drone
74 1 1205 380 45 34 drone
75 1 1200 388 46 34 drone
76 1 1195 396 46 34 drone
77 1 1190 403 47 34 drone
78 1 1186 411 47 35 drone
79 1 1181 418 48 35 drone
80 1 1176 426 48 35 drone
81 1 1171 434 49 35 drone
82 1 1167 441 49 36 drone
83 1 1162 449 50 36 drone
84 1 1158 457 50 36 drone
85 1 1155 464 50 36 drone
86 1 1151 472 50 36 drone
87 1 1148 480 50 36 drone
88 1 1144 488 51 35 drone
89 1 1140 496 51 35 drone
90 1 1137 503 51 35 drone
91 1 1133 511 51 35 drone
92 1 1131 518 51 35 drone
93 1 1128 525 51 34 drone
94 1 1126 531 51 34 drone
95 1 1123 538 51 34 drone
96 1 1121 545 52 33 drone
97 1 1118 552 52 33 drone
98 1 1116 558 52 33 drone
99 1 1113 565 52 32 drone
100 1 1111 572 52 32 drone
101 1 1110 577 52 32 drone
102 1 1109 583 52 32 drone
103 1 1108 588 52 32 drone
104 1 1107 593 52 32 drone
105 1 1106 599 51 31 drone
106 1 1105 604 51 31 drone
107 1 1104 609 51 31 drone
108 1 1103 615 51 31 drone
109 1 1102 620 51 31 drone
110 1 1103 623 50 31 drone
111 1 1104 626 50 31 drone
112 1 1105 629 49 31 drone
113 1 1106 632 49 31 drone
114 1 1106 636 48 30 drone
115 1 1107 639 48 30 drone
116 1 1108 642 47 30 drone
117 1 1109 645 47 30 drone
118 1 1110 648 46 30 drone
119 1 1110 649 46 30 drone
120 1 1110 650 46 30 drone
121 1 1110 650 46 31 drone
122 1 1110 651 47 31 drone
123 1 1110 652 47 31 drone
124 1 1110 652 47 32 drone
125 1 1111 653 47 32 drone
126 1 1111 654 47 32 drone
127 1 1111 655 48 32 drone
128 1 1111 656 48 32 drone
129 1 1111 656 48 33 drone
130 1 1111 657 48 33 drone
131 1 1111 658 48 33 drone
132 1 1111 658 48 34 drone
133 1 1112 659 48 34 drone
134 1 1112 659 48 34 drone
135 1 1112 660 48 35 drone
136 1 1112 660 48 35 drone
137 1 1113 661 48 35 drone
138 1 1113 661 48 36 drone
139 1 1113 662 48 36 drone
140 1 1112 663 48 36 drone
141 1 1110 663 49 37 drone
142 1 1109 664 49 37 drone
143 1 1108 665 49 38 drone
144 1 1107 666 49 38 drone
145 1 1105 666 50 39 drone
146 1 1104 667 50 39 drone
147 1 1102 669 49 39 drone
148 1 1100 670 48 39 drone
149 1 1098 672 47 39 drone
150 1 1096 674 46 38 drone
151 1 1094 676 44 38 drone
152 1 1092 678 43 38 drone
153 1 1090 679 42 38 drone
154 1 1088 681 41 38 drone
155 1 1083 683 41 37 drone
156 1 1079 685 41 36 drone
157 1 1074 687 41 36 drone
158 1 1070 690 40 35 drone
159 1 1065 692 40 34 drone
160 1 1060 694 40 34 drone
161 1 1056 696 40 33 drone
162 1 1051 698 40 32 drone
163 1 1046 700 40 32 drone
164 1 1041 701 40 32 drone
165 1 1036 702 39 32 drone
166 1 1031 704 39 32 drone
167 1 1026 706 39 32 drone
168 1 1020 707 39 31 drone
169 1 1015 708 39 31 drone
170 1 1010 710 38 31 drone
171 1 1005 712 38 31 drone
172 1 1000 713 38 31 drone
173 1 994 715 37 30 drone
174 1 988 716 37 30 drone
175 1 983 718 36 30 drone
176 1 977 719 36 29 drone
177 1 971 721 35 28 drone
178 1 965 723 34 28 drone
179 1 959 724 34 28 drone
180 1 954 726 33 27 drone
181 1 948 727 33 26 drone
182 1 942 729 32 26 drone
183 1 937 730 32 26 drone
184 1 931 732 31 25 drone
185 1 926 733 31 25 drone
186 1 921 735 31 24 drone
187 1 916 736 31 24 drone
188 1 910 738 30 23 drone
189 1 905 739 30 23 drone
190 1 899 740 30 23 drone
191 1 894 741 30 22 drone
192 1 888 742 29 22 drone
193 1 883 743 29 22 drone
194 1 877 745 29 21 drone
195 1 872 746 29 21 drone
196 1 866 747 28 21 drone
197 1 861 748 28 20 drone
198 1 855 749 28 20 drone
199 1 850 750 27 20 drone
200 1 846 751 27 19 drone
201 1 841 752 26 19 drone
202 1 836 753 25 19 drone
203 1 831 754 24 19 drone
204 1 827 755 24 18 drone
205 1 822 756 23 18 drone
206 1 818 756 23 18 drone
207 1 813 757 23 18 drone
208 1 809 757 24 18 drone
209 1 804 758 24 18 drone
210 1 800 758 24 18 drone
211 1 795 759 24 17 drone
212 1 791 759 24 17 drone
213 1 786 760 24 17 drone
214 1 782 760 25 17 drone
215 1 777 761 25 17 drone
216 1 773 761 25 17 drone
217 1 769 761 25 17 drone
218 1 766 762 24 16 drone
219 1 762 762 24 16 drone
220 1 758 763 23 16 drone
221 1 754 763 23 16 drone
222 1 751 764 22 15 drone
223 1 747 764 22 15 drone
224 1 744 764 22 15 drone
225 1 740 765 22 15 drone
226 1 737 765 21 15 drone
227 1 734 765 21 15 drone
228 1 731 766 21 15 drone
229 1 727 766 21 14 drone
230 1 724 767 21 14 drone
231 1 721 767 21 14 drone
232 1 718 767 20 14 drone
233 1 714 768 20 14 drone
234 1 711 768 20 14 drone
235 1 708 768 20 14 drone
236 1 705 769 19 13 drone
237 1 702 769 19 13 drone
238 1 700 770 18 13 drone
239 1 697 770 18 13 drone
240 1 694 771 17 12 drone
241 1 691 771 17 12 drone
242 1 688 771 17 12 drone
243 1 685 771 17 12 drone
244 1 683 771 16 11 drone
245 1 680 771 16 11 drone
246 1 677 770 16 11 drone
247 1 674 770 16 11 drone
248 1 672 770 15 10 drone
249 1 669 770 15 10 drone
250 1 666 770 15 10 drone
251 1 664 770 15 10 drone
252 1 661 770 15 10 drone
253 1 659 769 14 10 drone
254 1 656 769 14 10 drone
255 1 654 769 14 9 drone
256 1 651 769 14 9 drone
257 1 649 768 13 9 drone
258 1 646 768 13 9 drone
259 1 644 768 13 9 drone
260 1 642 768 13 9 drone
261 1 641 768 13 10 drone
262 1 640 768 13 10 drone
263 1 638 768 13 10 drone
264 1 636 767 13 10 drone
265 1 635 767 13 10 drone
266 1 634 767 13 11 drone
267 1 632 767 13 11 drone
268 1 631 767 13 11 drone
269 1 630 767 13 11 drone
270 1 630 767 13 11 drone
271 1 629 766 13 10 drone
272 1 628 766 13 10 drone
273 1 628 766 13 10 drone
274 1 627 766 13 10 drone
275 1 626 766 13 10 drone
276 1 627 766 13 10 drone
277 1 628 766 13 10 drone
278 1 628 766 13 10 drone
279 1 629 766 13 10 drone
280 1 630 767 12 9 drone
281 1 631 767 12 9 drone
282 1 631 767 12 9 drone
283 1 632 767 12 9 drone
284 1 633 767 12 9 drone
285 1 634 767 12 9 drone
286 1 636 767 12 9 drone
287 1 637 767 12 9 drone
288 1 638 768 12 10 drone
289 1 639 768 11 10 drone
290 1 640 768 11 10 drone
291 1 642 768 11 10 drone
292 1 643 768 11 10 drone
293 1 645 769 11 10 drone
294 1 647 769 11 10 drone
295 1 649 770 11 9 drone
296 1 651 770 11 9 drone
297 1 652 771 12 9 drone
298 1 654 772 12 9 drone
299 1 656 772 12 9 drone
300 1 658 773 12 8 drone
301 1 660 773 12 8 drone
302 1 662 774 12 8 drone
303 1 664 774 12 8 drone
304 1 667 775 12 8 drone
305 1 670 776 12 8 drone
306 1 672 776 12 9 drone
307 1 674 776 12 9 drone
308 1 677 777 12 9 drone
309 1 679 778 12 9 drone
310 1 681 778 12 9 drone
311 1 683 778 12 9 drone
312 1 684 779 12 9 drone
313 1 686 780 12 9 drone
314 1 688 780 12 9 drone
315 1 690 780 12 9 drone
316 1 692 781 12 9 drone
317 1 693 782 12 9 drone
318 1 694 783 12 9 drone
319 1 695 783 13 9 drone
320 1 696 784 13 9 drone
321 1 698 785 13 9 drone
322 1 699 786 13 9 drone
323 1 700 787 13 9 drone
324 1 701 787 14 9 drone
325 1 702 788 14 9 drone
326 1 703 789 14 9 drone
327 1 704 789 14 9 drone
328 1 704 790 14 9 drone
329 1 704 790 14 9 drone
330 1 705 790 14 9 drone
331 1 706 791 14 9 drone
332 1 706 791 14 9 drone
333 1 706 792 14 9 drone
334 1 707 792 14 9 drone
335 1 707 792 14 9 drone
336 1 707 792 14 9 drone
337 1 707 792 14 9 drone
338 1 707 792 14 10 drone
339 1 707 793 13 10 drone
340 1 707 793 13 10 drone
341 1 707 793 13 10 drone
342 1 707 793 13 10 drone
343 1 707 793 13 10 drone
344 1 707 793 13 10 drone
345 1 707 794 14 9 drone
346 1 707 794 14 9 drone
347 1 707 794 14 9 drone
348 1 706 794 14 9 drone
349 1 706 794 14 9 drone
350 1 705 794 14 9 drone
351 1 704 794 14 9 drone
352 1 704 794 14 9 drone
353 1 703 794 14 9 drone
354 1 703 794 14 9 drone
355 1 702 794 14 9 drone
356 1 701 794 14 9 drone
357 1 701 794 14 9 drone
358 1 700 795 14 9 drone
359 1 700 795 14 10 drone
360 1 699 795 13 10 drone
361 1 698 796 13 10 drone
362 1 698 796 13 10 drone
363 1 697 796 13 10 drone
364 1 696 796 14 10 drone
365 1 695 796 14 10 drone
366 1 694 796 14 10 drone
367 1 692 795 15 10 drone
368 1 691 795 16 10 drone
369 1 690 795 16 10 drone
370 1 688 795 16 10 drone
371 1 687 795 16 10 drone
372 1 686 795 16 9 drone
373 1 684 795 16 9 drone
374 1 682 795 15 9 drone
375 1 681 795 15 8 drone
376 1 680 795 15 8 drone
377 1 678 795 15 8 drone
378 1 676 795 15 8 drone
379 1 675 794 15 9 drone
380 1 673 794 15 9 drone
381 1 671 794 16 10 drone
382 1 669 794 16 10 drone
383 1 668 793 16 11 drone
384 1 666 793 16 11 drone
385 1 664 793 16 11 drone
386 1 663 792 16 11 drone
387 1 661 792 16 11 drone
388 1 659 792 15 10 drone
389 1 657 792 15 10 drone
390 1 656 791 15 10 drone
391 1 654 791 15 10 drone
392 1 652 791 16 10 drone
393 1 650 790 16 10 drone
394 1 649 790 17 10 drone
395 1 647 789 17 10 drone
396 1 645 789 18 10 drone
397 1 643 789 17 10 drone
398 1 641 788 17 10 drone
399 1 639 788 16 10 drone
400 1 638 788 16 10 drone
401 1 636 788 15 10 drone
402 1 634 787 15 10 drone
403 1 632 787 14 10 drone
404 1 630 787 14 10 drone
405 1 629 786 14 11 drone
406 1 627 786 14 11 drone
407 1 625 785 14 11 drone
408 1 623 785 14 11 drone
409 1 622 784 14 12 drone
410 1 620 784 14 12 drone
411 1 618 784 14 12 drone
412 1 617 784 14 12 drone
413 1 616 783 14 12 drone
414 1 614 783 14 12 drone
415 1 612 783 15 12 drone
416 1 611 782 15 12 drone
417 1 610 782 15 12 drone
418 1 608 782 15 12 drone
419 1 607 781 15 12 drone
420 1 606 781 15 12 drone
421 1 605 780 16 13 drone
422 1 604 780 16 13 drone
423 1 604 779 16 13 drone
424 1 603 779 16 13 drone
425 1 602 778 17 14 drone
426 1 601 778 17 14 drone
427 1 600 777 17 14 drone
428 1 600 776 17 14 drone
429 1 599 776 17 14 drone
430 1 599 775 17 14 drone
431 1 599 775 17 15 drone
432 1 599 774 17 15 drone
433 1 598 774 17 15 drone
434 1 598 773 17 15 drone
435 1 598 772 17 15 drone
436 1 598 772 18 16 drone
437 1 598 771 18 16 drone
438 1 598 770 19 17 drone
439 1 599 770 19 17 drone
440 1 599 769 20 18 drone
441 1 599 768 20 18 drone
442 1 599 768 21 19 drone
443 1 599 767 21 19 drone
444 1 600 767 21 19 drone
445 1 601 766 21 18 drone
446 1 602 766 22 18 drone
447 1 603 766 22 18 drone
448 1 605 765 22 17 drone
449 1 606 765 22 17 drone
450 1 607 765 23 17 drone
451 1 608 764 23 16 drone
452 1 609 764 23 16 drone
453 1 610 763 24 16 drone
454 1 611 762 25 16 drone
455 1 612 762 26 16 drone
456 1 614 761 27 16 drone
457 1 615 760 28 17 drone
458 1 616 760 29 17 drone
459 1 617 759 30 17 drone
460 1 618 758 31 17 drone
461 1 620 756 32 18 drone
462 1 622 753 33 19 drone
463 1 624 751 34 20 drone
464 1 626 748 35 21 drone
465 1 627 746 36 21 drone
466 1 629 743 37 22 drone
467 1 631 741 38 23 drone
468 1 633 738 39 24 drone
469 1 635 736 40 25 drone
470 1 638 732 41 26 drone
471 1 641 727 42 28 drone
472 1 643 723 43 29 drone
473 1 646 718 44 30 drone
474 1 649 714 46 32 drone
475 1 652 710 47 33 drone
476 1 655 705 48 34 drone
477 1 657 701 49 35 drone
478 1 660 696 50 37 drone
479 1 663 692 51 38 drone
480 1 668 685 52 39 drone
481 1 672 677 53 41 drone
482 1 677 670 53 42 drone
483 1 681 663 54 44 drone
484 1 686 656 55 45 drone
485 1 690 648 56 47 drone
486 1 695 641 57 48 drone
487 1 699 634 58 50 drone
488 1 704 627 58 51 drone
489 1 708 619 59 53 drone
490 1 713 612 60 54 drone
491 1 718 604 63 56 drone
492 1 723 595 66 58 drone
493 1 728 587 69 60 drone
494 1 733 578 73 61 drone
495 1 738 570 76 63 drone
496 1 743 561 79 65 drone
497 1 748 553 82 67 drone
498 1 755 547 85 68 drone
499 1 762 540 87 69 drone
500 1 769 534 90 70 drone
501 1 776 528 92 71 drone
502 1 783 522 95 72 drone
503 1 790 515 98 72 drone
504 1 797 509 100 73 drone
505 1 804 503 103 74 drone
506 1 811 496 105 75 drone
507 1 818 490 108 76 drone
508 1 824 487 108 78 drone
509 1 830 484 108 79 drone
510 1 837 481 109 80 drone
511 1 843 478 109 82 drone
512 1 849 476 109 84 drone
513 1 855 473 109 85 drone
514 1 861 470 109 86 drone
515 1 868 467 110 88 drone
516 1 874 464 110 90 drone
517 1 880 461 110 91 drone
518 1 882 462 112 91 drone
519 1 884 464 114 92 drone
520 1 887 465 116 92 drone
521 1 889 467 118 93 drone
522 1 891 468 120 93 drone
523 1 893 469 123 93 drone
524 1 895 471 125 94 drone
525 1 898 472 127 94 drone
526 1 900 474 129 95 drone
527 1 902 475 131 95 drone
528 1 906 479 130 93 drone
529 1 910 483 128 91 drone
530 1 913 486 127 90 drone
531 1 917 490 126 88 drone
532 1 921 494 124 86 drone
533 1 925 498 123 84 drone
534 1 928 501 122 83 drone
535 1 932 505 120 81 drone
536 1 936 509 119 79 drone
537 1 938 512 119 80 drone
538 1 940 514 119 82 drone
539 1 942 516 119 84 drone
540 1 944 519 119 85 drone
541 1 949 522 116 86 drone
542 1 954 525 114 86 drone
543 1 958 528 111 87 drone
544 1 963 531 109 87 drone
545 1 968 534 106 88 drone
546 1 975 542 105 85 drone
547 1 982 549 104 82 drone
548 1 990 557 102 80 drone
549 1 997 564 101 77 drone
550 1 1004 572 100 74 drone
551 1 1015 577 103 72 drone
552 1 1026 582 105 70 drone
553 1 1037 588 108 68 drone
554 1 1048 593 111 65 drone
555 1 1059 598 113 63 drone
556 1 1070 603 116 61 drone
557 1 1084 605 119 61 drone
558 1 1099 606 121 61 drone
559 1 1113 608 124 61 drone
560 1 1127 610 127 61 drone
561 1 1142 611 129 61 drone
562 1 1156 613 132 61 drone
563 1 1170 615 135 61 drone
564 1 1185 616 137 61 drone
565 1 1199 618 140 61 drone
566 1 1219 613 137 65 drone
567 1 1239 608 135 69 drone
568 1 1259 603 132 73 drone
569 1 1279 599 130 77 drone
570 1 1299 594 127 81 drone
571 1 1319 589 125 85 drone
572 1 1339 584 122 89 drone
573 1 1352 584 126 86 drone
574 1 1365 585 130 84 drone
575 1 1377 585 135 81 drone
576 1 1390 586 139 79 drone
577 1 1403 586 143 76 drone
578 1 1422 584 147 77 drone
579 1 1441 581 151 77 drone
580 1 1460 579 154 78 drone
581 1 1479 576 158 79 drone
582 1 1499 574 162 79 drone
583 1 1518 571 166 80 drone
584 1 1537 569 169 81 drone
585 1 1556 566 173 81 drone
586 1 1575 564 177 82 drone
587 1 1604 559 172 82 drone
588 1 1632 554 167 83 drone
589 1 1661 549 162 83 drone
590 1 1690 543 158 84 drone
591 1 1719 538 153 84 drone
592 1 1747 533 148 85 drone
593 1 1776 528 143 85 drone
594 1 1818 518 102 89 drone
595 1 1846 522 79 82 drone
596 1 1860 521 64 84 drone
597 1 1884 509 48 86 drone
598 0
599 0
600 0
601 0
602 0
603 0
604 0
605 0
606 0
607 0
608 0
609 0
610 0
611 0
