0 1 1280 889 12 9 drone
1 1 1278 888 14 11 drone
2 1 1277 888 13 11 drone
3 1 1277 889 13 11 drone
4 1 1276 890 13 11 drone
5 1 1276 891 13 10 drone
6 1 1275 892 13 10 drone
7 1 1274 893 12 10 drone
8 1 1274 893 12 10 drone
9 1 1273 894 12 10 drone
10 1 1273 895 12 9 drone
11 1 1272 896 12 9 drone
12 1 1271 897 11 9 drone
13 1 1270 897 12 9 drone
14 1 1268 898 12 9 drone
15 1 1266 898 12 9 drone
16 1 1265 899 13 9 drone
17 1 1263 899 13 9 drone
18 1 1262 900 13 9 drone
19 1 1260 900 13 9 drone
20 1 1258 901 14 9 drone
21 1 1257 901 14 9 drone
22 1 1255 902 14 9 drone
23 1 1254 902 14 9 drone
24 1 1251 903 15 9 drone
25 1 1249 904 15 9 drone
26 1 1247 904 15 9 drone
27 1 1245 905 15 9 drone
28 1 1242 905 15 10 drone
29 1 1240 906 15 10 drone
30 1 1238 907 15 10 drone
31 1 1235 907 15 10 drone
32 1 1232 908 15 10 drone
33 1 1229 908 15 10 drone
34 1 1226 909 15 10 drone
35 1 1223 909 15 10 drone
36 1 1220 910 15 11 drone
37 1 1217 910 15 11 drone
38 1 1214 911 15 11 drone
39 1 1211 911 14 11 drone
40 1 1208 912 14 11 drone
41 1 1205 912 14 11 drone
42 1 1202 913 14 12 drone
43 1 1199 913 14 12 drone
44 1 1196 914 14 12 drone
45 1 1192 914 14 12 drone
46 1 1187 915 15 12 drone
47 1 1183 915 15 12 drone
48 1 1178 916 15 12 drone
49 1 1174 916 16 12 drone
50 1 1170 917 16 12 drone
51 1 1165 917 16 12 drone
52 1 1161 918 17 12 drone
53 1 1156 918 17 12 drone
54 1 1152 919 17 12 drone
55 1 1146 919 17 12 drone
56 1 1141 920 18 12 drone
57 1 1135 920 18 12 drone
58 1 1129 921 18 12 drone
59 1 1123 921 18 12 drone
60 1 1118 922 19 12 drone
61 1 1112 922 19 12 drone
62 1 1106 923 19 12 drone
63 1 1100 923 19 13 drone
64 1 1093 924 19 13 drone
65 1 1086 924 19 13 drone
66 1 1080 925 19 13 drone
67 1 1073 926 19 13 drone
68 1 1066 926 19 13 drone
69 1 1059 927 19 13 drone
70 1 1052 927 19 14 drone
71 1 1044 927 19 14 drone
72 1 1036 928 20 14 drone
73 1 1029 928 20 14 drone
74 1 1021 928 21 15 drone
75 1 1013 928 21 15 drone
76 1 1005 928 21 15 drone
77 1 997 928 22 15 drone
78 1 990 928 22 15 drone
79 1 982 928 22 15 drone
80 1 975 928 23 15 drone
81 1 967 927 23 16 drone
82 1 960 927 23 16 drone
83 1 953 926 23 16 drone
84 1 946 925 23 16 drone
85 1 939 924 23 17 drone
86 1 932 923 23 17 drone
87 1 925 923 23 17 drone
88 1 918 922 22 17 drone
89 1 912 920 23 18 drone
90 1 906 918 23 19 drone
91 1 900 916 24 19 drone
92 1 893 914 24 20 drone
93 1 887 912 25 20 drone
94 1 881 909 25 21 drone
95 1 875 907 26 21 drone
96 1 870 906 26 22 drone
97 1 865 904 26 22 drone
98 1 860 902 27 23 drone
99 1 855 900 27 23 drone
100 1 851 897 27 23 drone
101 1 847 895 27 23 drone
102 1 843 892 28 23 drone
103 1 839 889 28 24 drone
104 1 835 887 28 24 drone
105 1 833 885 28 24 drone
106 1 831 883 27 24 drone
107 1 829 881 26 24 drone
108 1 827 879 26 23 drone
109 1 825 877 26 23 drone
110 1 824 875 26 23 drone
111 1 822 873 26 23 drone
112 1 821 871 27 23 drone
113 1 820 869 27 23 drone
114 1 818 867 27 23 drone
115 1 817 865 27 23 drone
116 1 816 863 28 23 drone
117 1 814 860 28 23 drone
118 1 814 859 28 23 drone
119 1 814 858 28 23 drone
120 1 814 856 29 23 drone
121 1 814 855 29 23 drone
122 1 814 854 29 23 drone
123 1 814 852 30 23 drone
124 1 814 851 30 23 drone
125 1 814 849 30 22 drone
126 1 814 848 31 22 drone
127 1 815 845 31 23 drone
128 1 815 843 32 24 drone
129 1 815 840 33 24 drone
130 1 816 838 34 25 drone
131 1 816 835 35 25 drone
132 1 816 833 35 26 drone
133 1 817 830 36 27 drone
134 1 817 828 37 27 drone
135 1 816 826 38 28 drone
136 1 815 825 38 28 drone
137 1 815 823 39 29 drone
138 1 814 822 39 29 drone
139 1 813 820 40 30 drone
140 1 812 819 40 30 drone
141 1 811 818 41 31 drone
142 1 810 816 41 31 drone
143 1 810 815 42 32 drone
144 1 809 813 42 32 drone
145 1 808 812 43 33 drone
146 1 807 810 43 33 drone
147 1 806 809 44 34 drone
148 1 804 809 46 34 drone
149 1 802 809 47 35 drone
150 1 800 809 49 36 drone
151 1 798 809 51 36 drone
152 1 796 809 52 37 drone
153 1 794 810 54 37 drone
154 1 792 810 56 38 drone
155 1 790 810 57 38 drone
156 1 788 811 57 38 drone
157 1 786 811 56 38 drone
158 1 784 812 56 38 drone
159 1 782 813 55 38 drone
160 1 780 814 55 38 drone
161 1 778 815 54 38 drone
162 1 776 816 53 37 drone
163 1 774 816 53 37 drone
164 1 772 817 52 37 drone
165 1 770 818 52 37 drone
166 1 768 819 53 37 drone
167 1 765 820 53 36 drone
168 1 762 821 54 36 drone
169 1 759 822 55 35 drone
170 1 756 823 55 35 drone
171 1 754 824 56 34 drone
172 1 751 825 57 34 drone
173 1 748 825 58 33 drone
174 1 745 826 58 33 drone
175 1 743 828 58 32 drone
176 1 741 829 57 32 drone
177 1 739 830 57 31 drone
178 1 736 831 57 31 drone
179 1 734 832 56 31 drone
180 1 732 834 56 30 drone
181 1 730 835 55 30 drone
182 1 728 836 55 29 drone
183 1 726 837 55 29 drone
184 1 724 838 54 28 drone
185 1 721 840 54 28 drone
186 1 720 840 53 28 drone
187 1 718 841 53 28 drone
188 1 717 841 52 29 drone
189 1 715 842 52 29 drone
190 1 714 842 52 29 drone
191 1 712 842 51 29 drone
192 1 710 843 51 30 drone
193 1 709 843 50 30 drone
194 1 707 844 50 30 drone
195 1 706 844 50 31 drone
196 1 704 845 49 31 drone
197 1 700 845 50 31 drone
198 1 697 844 50 31 drone
199 1 693 844 50 32 drone
200 1 689 844 51 32 drone
201 1 685 844 51 32 drone
202 1 681 843 51 32 drone
203 1 677 843 52 32 drone
204 1 674 843 52 32 drone
205 1 670 842 52 33 drone
206 1 666 842 53 33 drone
207 1 662 842 53 33 drone
208 1 658 842 53 33 drone
209 1 653 840 54 33 drone
210 1 647 838 54 33 drone
211 1 642 836 54 34 drone
212 1 636 835 54 34 drone
213 1 630 833 55 34 drone
214 1 625 831 55 34 drone
215 1 617 829 56 34 drone
216 1 609 828 58 33 drone
217 1 601 826 59 32 drone
218 1 593 824 60 32 drone
219 1 585 822 62 31 drone
220 1 577 821 63 31 drone
221 1 569 819 64 30 drone
222 1 560 815 64 31 drone
223 1 551 810 63 32 drone
224 1 543 806 62 33 drone
225 1 534 801 62 34 drone
226 1 525 797 61 35 drone
227 1 516 792 61 37 drone
228 1 507 788 60 38 drone
229 1 499 784 59 39 drone
230 1 487 779 60 40 drone
231 1 475 774 61 42 drone
232 1 463 770 62 43 drone
233 1 452 765 63 44 drone
234 1 440 761 65 46 drone
235 1 428 756 66 47 drone
236 1 416 751 67 49 drone
237 1 405 747 68 50 drone
238 1 393 742 69 52 drone
239 1 381 738 70 53 drone
240 1 369 733 71 54 drone
241 1 358 728 72 56 drone
242 1 345 726 72 56 drone
243 1 333 723 73 57 drone
244 1 321 721 73 57 drone
245 1 309 718 74 58 drone
246 1 297 715 74 58 drone
247 1 285 713 75 59 drone
248 1 273 710 76 59 drone
249 1 261 708 76 60 drone
250 1 248 706 76 61 drone
251 1 236 704 76 61 drone
252 1 210 697 81 65 drone
253 1 206 699 77 62 drone
254 1 195 699 77 63 drone
255 1 183 692 81 69 drone
256 1 173 696 78 65 drone
257 1 156 687 83 73 drone
258 1 149 693 77 66 drone
259 1 137 692 78 66 drone
260 1 124 690 78 67 drone
261 1 118 691 78 68 drone
262 1 112 692 78 68 drone
263 1 106 693 78 69 drone
264 1 79 679 82 81 drone
265 1 75 688 83 71 drone
266 1 68 679 85 80 drone
267 1 59 679 78 80 drone
268 1 54 690 77 72 drone
269 1 51 695 88 74 drone
270 1 43 686 86 80 drone
271 1 39 688 78 82 drone
272 1 33 694 83 79 drone
273 1 35 702 83 76 drone
274 1 31 703 77 76 drone
275 1 31 704 77 77 drone
276 1 31 704 83 81 drone
277 1 29 713 78 77 drone
278 1 34 721 78 77 drone
279 1 34 726 77 72 drone
280 1 34 726 77 74 drone
281 1 34 726 82 78 drone
282 1 36 739 76 71 drone
283 1 25 742 93 72 drone
284 1 27 747 95 71 drone
285 1 35 757 91 64 drone
286 1 39 763 79 63 drone
287 1 46 768 86 62 drone
288 1 49 772 85 61 drone
289 1 51 777 85 61 drone
290 1 54 781 84 60 drone
291 1 57 786 83 59 drone
292 1 60 790 83 58 drone
293 1 62 795 82 58 drone
294 1 65 799 82 57 drone
295 1 68 803 81 56 drone
296 1 71 808 81 56 drone
297 1 74 812 80 55 drone
298 1 76 817 80 54 drone
299 1 78 820 81 54 drone
300 1 79 823 82 54 drone
301 1 81 827 84 54 drone
302 1 83 830 85 55 drone
303 1 84 834 86 55 drone
304 1 86 837 88 55 drone
305 1 87 841 89 55 drone
306 1 89 844 90 55 drone
307 1 90 847 92 55 drone
308 1 93 851 90 54 drone
309 1 96 855 88 54 drone
310 1 99 858 86 53 drone
311 1 101 862 84 53 drone
312 1 104 865 83 52 drone
313 1 107 869 81 52 drone
314 1 109 873 79 51 drone
315 1 112 876 77 51 drone
316 1 115 880 75 50 drone
317 1 118 883 73 50 drone
318 1 120 887 72 49 drone
319 1 123 891 70 49 drone
320 1 123 894 72 49 drone
321 1 122 897 73 49 drone
322 1 122 900 90 51 drone
323 1 132 899 73 56 drone
324 1 121 906 86 50 drone
325 1 132 904 82 55 drone
326 1 126 909 93 56 drone
327 1 128 913 91 52 drone
328 1 131 917 86 52 drone
329 1 119 921 88 52 drone
330 1 129 923 88 53 drone
331 1 127 925 88 53 drone
332 1 114 928 88 54 drone
333 1 112 930 88 54 drone
334 1 111 932 88 54 drone
335 1 109 934 88 55 drone
336 1 107 936 88 55 drone
337 1 106 939 88 56 drone
338 1 104 941 88 56 drone
339 1 100 942 88 57 drone
340 1 97 943 87 57 drone
341 1 93 944 87 57 drone
342 1 90 945 87 58 drone
343 1 86 946 87 58 drone
344 1 82 947 86 59 drone
345 1 79 948 86 59 drone
346 1 75 949 86 59 drone
347 1 71 950 85 60 drone
348 1 68 951 85 60 drone
349 1 66 952 87 60 drone
350 1 65 953 90 60 drone
351 1 64 953 92 60 drone
352 1 62 954 94 59 drone
353 1 61 955 96 59 drone
354 1 60 955 99 59 drone
355 1 58 956 101 59 drone
356 1 57 957 103 59 drone
357 1 56 957 105 58 drone
358 1 57 959 104 58 drone
359 1 58 961 103 57 drone
360 1 59 963 102 57 drone
361 1 60 965 101 57 drone
362 1 61 967 100 56 drone
363 1 62 968 99 56 drone
364 1 63 970 98 55 drone
365 1 64 972 96 55 drone
366 1 66 974 95 54 drone
367 1 67 976 94 54 drone
368 1 68 978 93 53 drone
369 1 69 979 92 54 drone
370 1 69 980 91 54 drone
371 1 70 982 89 54 drone
372 1 71 983 88 54 drone
373 1 72 984 87 55 drone
374 1 72 985 85 55 drone
375 1 73 987 84 55 drone
376 1 74 988 83 55 drone
377 1 74 990 85 56 drone
378 1 74 991 88 56 drone
379 1 74 993 91 57 drone
380 1 74 994 93 57 drone
381 1 74 996 96 58 drone
382 1 75 997 99 58 drone
383 1 75 999 101 59 drone
384 1 78 1000 100 60 drone
385 1 82 1002 99 61 drone
386 1 86 1003 98 62 drone
387 1 90 1004 96 63 drone
388 1 93 1006 95 64 drone
389 1 97 1007 94 65 drone
390 1 101 1009 92 66 drone
391 1 104 1010 91 67 drone
392 1 108 1012 90 68 drone
393 1 114 1012 84 67 drone
394 1 128 1021 72 58 drone
395 1 133 1024 81 55 drone
396 1 138 1024 81 56 drone
397 1 156 1034 69 46 drone
398 1 156 1035 80 45 drone
399 1 174 1042 57 38 drone
400 1 176 1042 60 38 drone
401 1 193 1053 57 27 drone
402 1 204 1054 58 26 drone
403 1 219 1062 44 18 drone
404 0
405 0
406 0
407 0
408 0
409 0
410 0
411 0
412 0
413 0
414 0
415 0
416 0
