0 1 147 545 143 138 drone
1 1 179 561 129 130 drone
2 1 204 578 118 118 drone
3 1 220 596 126 106 drone
4 1 242 607 130 103 drone
5 1 265 625 126 90 drone
6 1 286 634 109 84 drone
7 1 309 641 95 81 drone
8 1 339 636 90 92 drone
9 1 344 651 104 79 drone
10 1 360 665 101 70 drone
11 1 384 660 84 77 drone
12 1 393 668 84 71 drone
13 1 405 679 73 63 drone
14 1 419 681 80 64 drone
15 1 434 682 67 65 drone
16 1 439 694 76 55 drone
17 1 459 691 66 61 drone
18 1 459 701 72 53 drone
19 1 479 700 59 56 drone
20 1 479 714 66 44 drone
21 1 496 709 56 51 drone
22 1 494 716 56 47 drone
23 1 506 715 57 51 drone
24 1 513 722 55 45 drone
25 1 519 727 57 41 drone
26 1 531 727 47 43 drone
27 1 533 733 52 38 drone
28 1 540 732 49 42 drone
29 1 546 741 49 34 drone
30 1 556 739 42 37 drone
31 1 558 746 42 33 drone
32 1 564 743 37 37 drone
33 1 570 749 41 33 drone
34 1 579 751 35 33 drone
35 1 579 755 36 30 drone
36 1 587 754 35 33 drone
37 1 589 760 38 28 drone
38 1 595 760 36 30 drone
39 1 597 765 39 26 drone
40 1 606 763 32 30 drone
41 1 607 767 36 27 drone
42 1 610 771 35 25 drone
43 1 614 770 34 27 drone
44 1 618 775 32 23 drone
45 1 627 775 28 25 drone
46 1 625 779 32 22 drone
47 1 633 779 26 25 drone
48 1 637 780 27 24 drone
49 1 637 785 29 21 drone
50 1 644 784 21 23 drone
51 1 643 787 26 21 drone
52 1 645 788 27 21 drone
53 1 652 788 25 22 drone
54 1 652 793 29 18 drone
55 1 657 792 25 20 drone
56 1 659 795 23 19 drone
57 1 659 795 26 20 drone
58 1 667 795 22 20 drone
59 1 667 800 23 17 drone
60 1 668 800 25 17 drone
61 1 674 800 20 18 drone
62 1 675 803 21 16 drone
63 1 678 803 21 18 drone
64 1 680 804 18 16 drone
65 1 684 804 16 16 drone
66 1 687 807 16 15 drone
67 1 686 809 20 14 drone
68 1 692 808 18 15 drone
69 1 690 812 21 13 drone
70 1 695 810 17 15 drone
71 1 696 813 14 13 drone
72 1 697 812 16 14 drone
73 1 697 815 18 13 drone
74 1 701 817 18 12 drone
75 1 703 816 18 13 drone
76 1 704 818 16 13 drone
77 1 707 821 16 11 drone
78 1 709 819 16 12 drone
79 1 710 821 15 12 drone
80 1 713 822 15 11 drone
81 1 714 823 15 11 drone
82 1 716 823 14 11 drone
83 1 718 825 13 10 drone
84 1 718 825 14 11 drone
85 1 720 825 15 12 drone
86 1 722 827 14 10 drone
87 1 723 828 14 10 drone
88 1 724 829 14 10 drone
89 1 726 830 13 9 drone
90 1 728 831 13 9 drone
91 1 729 831 13 9 drone
92 1 732 832 11 8 drone
93 1 735 833 10 7 drone
94 1 736 833 9 7 drone
95 1 737 833 10 7 drone
96 1 739 833 9 6 drone
97 1 741 833 8 6 drone
98 1 742 833 8 6 drone
99 1 743 834 8 6 drone
100 1 744 833 8 7 drone
101 1 745 832 9 7 drone
102 1 747 832 10 7 drone
103 1 748 832 10 7 drone
104 1 750 832 9 7 drone
105 1 751 832 8 6 drone
106 1 752 832 9 6 drone
107 1 753 832 9 6 drone
108 1 755 833 8 6 drone
109 1 756 832 8 6 drone
110 1 756 832 10 6 drone
111 1 758 832 9 6 drone
112 1 760 833 9 6 drone
113 1 760 833 10 6 drone
114 1 761 833 11 7 drone
115 1 763 834 9 6 drone
116 1 764 834 8 6 drone
117 1 765 836 9 6 drone
118 1 767 836 7 6 drone
119 1 767 836 8 6 drone
120 1 768 837 7 6 drone
121 1 770 838 7 5 drone
122 1 771 839 7 5 drone
123 1 771 839 8 5 drone
124 1 772 839 8 6 drone
125 1 773 840 8 6 drone
126 1 774 840 7 6 drone
127 1 775 841 7 5 drone
128 1 776 841 7 5 drone
129 1 778 841 7 5 drone
130 1 778 841 7 5 drone
131 1 778 841 7 6 drone
132 1 779 841 7 6 drone
133 1 781 841 6 6 drone
134 1 782 842 6 5 drone
135 1 782 841 6 7 drone
136 1 784 843 6 5 drone
137 1 785 843 5 5 drone
138 1 785 843 7 5 drone
139 1 786 843 7 5 drone
140 1 787 843 7 6 drone
141 1 788 843 6 5 drone
142 1 788 844 6 5 drone
143 1 788 844 7 5 drone
144 1 790 845 6 5 drone
145 1 790 844 7 5 drone
146 1 791 845 7 6 drone
147 1 792 845 6 5 drone
148 1 793 846 6 4 drone
149 1 793 846 7 5 drone
150 1 795 847 5 5 drone
151 1 795 847 6 4 drone
152 1 795 847 6 4 drone
153 1 797 848 6 4 drone
154 1 798 848 5 4 drone
155 1 799 847 5 6 drone
156 1 799 847 5 6 drone
157 1 800 848 5 5 drone
158 1 800 849 6 4 drone
159 1 801 849 7 4 drone
160 1 801 848 6 5 drone
161 1 802 850 6 5 drone
162 1 803 850 5 5 drone
163 1 803 850 7 6 drone
164 1 804 851 7 5 drone
165 1 805 852 6 4 drone
166 1 805 852 6 4 drone
167 1 805 852 7 4 drone
168 1 807 852 6 4 drone
169 1 806 852 7 4 drone
170 1 807 852 6 5 drone
171 1 807 854 6 3 drone
172 1 808 853 7 4 drone
173 1 808 853 7 5 drone
174 1 808 853 7 5 drone
175 1 808 854 8 4 drone
176 1 809 854 6 5 drone
177 1 809 854 7 4 drone
178 1 809 854 7 5 drone
179 1 811 855 5 4 drone
180 1 810 855 6 4 drone
181 1 811 855 5 5 drone
182 1 811 855 6 4 drone
183 1 810 855 6 4 drone
184 1 811 855 5 5 drone
185 1 810 855 7 4 drone
186 1 810 855 6 4 drone
187 1 810 856 7 4 drone
188 1 810 856 6 4 drone
189 1 809 856 7 4 drone
190 1 809 856 7 5 drone
191 1 808 856 8 5 drone
192 1 809 856 7 4 drone
193 1 809 856 5 4 drone
194 1 808 856 7 4 drone
195 1 808 856 6 5 drone
196 1 807 856 7 4 drone
197 1 806 856 6 5 drone
198 1 806 856 5 4 drone
199 1 805 856 7 5 drone
200 1 804 856 7 4 drone
201 1 805 856 6 5 drone
202 1 803 856 9 5 drone
203 1 804 855 6 5 drone
204 1 803 856 7 5 drone
205 1 803 855 7 5 drone
206 1 802 855 7 5 drone
207 1 801 855 7 5 drone
208 1 800 855 8 5 drone
209 1 800 855 7 5 drone
210 1 800 856 7 4 drone
211 1 800 856 7 5 drone
212 1 799 856 8 5 drone
213 1 799 856 7 5 drone
214 1 798 855 7 6 drone
215 1 798 855 7 6 drone
216 1 798 855 6 5 drone
217 1 797 855 7 6 drone
218 1 797 855 7 5 drone
219 1 796 855 7 5 drone
220 1 796 855 7 5 drone
221 1 796 855 7 5 drone
222 1 796 855 7 5 drone
223 1 795 855 8 5 drone
224 1 796 856 7 5 drone
225 1 795 856 7 5 drone
226 1 795 856 6 6 drone
227 1 795 856 6 5 drone
228 1 794 856 8 5 drone
229 1 794 856 6 6 drone
230 1 794 856 6 5 drone
231 1 794 856 7 6 drone
232 1 794 856 7 5 drone
233 1 793 856 8 5 drone
234 1 793 856 8 5 drone
235 1 794 857 6 5 drone
236 1 792 856 8 6 drone
237 1 793 857 8 5 drone
238 1 793 857 8 6 drone
239 1 792 857 7 5 drone
240 1 793 858 7 5 drone
241 1 793 858 7 5 drone
242 1 792 858 7 5 drone
243 1 792 858 7 5 drone
244 1 793 858 7 5 drone
245 1 793 858 7 6 drone
246 1 793 858 7 6 drone
247 1 792 858 8 5 drone
248 1 793 858 7 5 drone
249 1 793 859 7 4 drone
250 1 794 859 7 4 drone
251 1 794 859 6 4 drone
252 1 794 859 6 4 drone
253 1 794 860 6 5 drone
254 1 795 860 6 4 drone
255 1 795 860 6 4 drone
256 1 795 860 6 4 drone
257 1 794 860 6 4 drone
258 1 795 860 6 4 drone
259 1 795 861 5 4 drone
260 1 795 860 7 4 drone
261 1 795 860 6 6 drone
262 1 795 860 6 5 drone
263 1 794 860 6 5 drone
264 1 794 860 7 5 drone
265 1 795 859 6 6 drone
266 1 795 859 6 6 drone
267 1 795 860 6 5 drone
268 1 794 860 7 5 drone
269 1 794 860 6 5 drone
270 1 793 860 6 5 drone
271 1 793 860 6 5 drone
272 1 792 860 6 6 drone
273 1 792 860 6 6 drone
274 1 791 860 6 5 drone
275 1 790 860 6 5 drone
276 1 789 860 6 5 drone
277 1 788 859 6 5 drone
278 1 788 859 6 5 drone
279 1 787 859 6 5 drone
280 1 785 859 7 5 drone
281 1 785 859 6 4 drone
282 1 783 859 6 4 drone
283 1 782 859 6 5 drone
284 1 780 858 6 5 drone
285 1 780 858 6 5 drone
286 1 778 858 6 5 drone
287 1 777 858 6 5 drone
288 1 775 859 7 5 drone
289 1 775 857 6 5 drone
290 1 773 857 5 5 drone
291 1 771 857 6 5 drone
292 1 769 856 6 5 drone
293 1 767 856 6 5 drone
294 1 765 856 7 6 drone
295 1 764 856 6 5 drone
296 1 762 856 7 5 drone
297 1 761 856 7 5 drone
298 1 759 855 6 5 drone
299 1 757 855 6 4 drone
300 1 756 856 6 4 drone
301 1 753 856 6 4 drone
302 1 752 855 5 5 drone
303 1 750 854 6 5 drone
304 1 748 853 6 5 drone
305 1 746 852 6 6 drone
306 1 744 853 6 5 drone
307 1 743 852 5 5 drone
308 1 740 852 7 4 drone
309 1 736 851 9 5 drone
310 1 736 851 7 5 drone
311 1 734 851 5 5 drone
312 1 732 850 6 5 drone
313 1 729 849 7 5 drone
314 1 728 850 8 4 drone
315 1 726 848 7 6 drone
316 1 725 848 7 5 drone
317 1 722 848 7 5 drone
318 1 721 847 6 4 drone
319 1 719 847 7 5 drone
320 1 717 846 7 5 drone
321 1 715 844 7 5 drone
322 1 714 844 6 4 drone
323 1 712 843 7 5 drone
324 1 710 843 7 5 drone
325 1 708 842 6 5 drone
326 1 706 841 6 5 drone
327 1 704 841 6 5 drone
328 1 701 840 8 5 drone
329 1 700 839 7 5 drone
330 1 698 838 7 5 drone
331 1 696 837 8 5 drone
332 1 694 837 7 5 drone
333 1 692 835 7 6 drone
334 1 690 835 8 6 drone
335 1 687 834 7 5 drone
336 1 685 832 7 6 drone
337 1 683 833 7 5 drone
338 1 681 832 8 5 drone
339 1 679 831 8 5 drone
340 1 676 830 8 5 drone
341 1 674 829 8 6 drone
342 1 672 827 9 6 drone
343 1 670 828 9 5 drone
344 1 668 826 8 5 drone
345 1 666 825 9 6 drone
346 1 664 824 9 6 drone
347 1 661 823 9 6 drone
348 1 659 823 8 6 drone
349 1 657 822 8 6 drone
350 1 656 821 8 6 drone
351 1 653 820 8 6 drone
352 1 650 819 9 6 drone
353 1 648 817 9 6 drone
354 1 645 816 9 7 drone
355 1 644 815 7 6 drone
356 1 642 814 9 7 drone
357 1 640 812 9 7 drone
358 1 637 811 9 7 drone
359 1 635 810 9 7 drone
360 1 632 809 10 6 drone
361 1 630 807 10 8 drone
362 1 627 806 10 7 drone
363 1 625 805 9 8 drone
364 1 623 804 9 7 drone
365 1 620 802 11 7 drone
366 1 618 800 10 7 drone
367 1 616 800 11 7 drone
368 1 613 797 11 9 drone
369 1 611 796 11 9 drone
370 1 608 795 11 8 drone
371 1 606 794 11 8 drone
372 1 604 792 11 8 drone
373 1 602 787 11 11 drone
374 1 599 788 11 9 drone
375 1 596 787 11 8 drone
376 1 594 785 12 8 drone
377 1 591 783 13 8 drone
378 1 589 781 11 9 drone
379 1 585 779 13 9 drone
380 1 582 777 12 9 drone
381 1 579 775 14 10 drone
382 1 577 773 14 10 drone
383 1 574 771 13 9 drone
384 1 572 769 13 10 drone
385 1 569 767 14 11 drone
386 1 566 764 14 11 drone
387 1 562 761 14 10 drone
388 1 559 759 14 11 drone
389 1 557 757 13 10 drone
390 1 553 753 15 11 drone
391 1 550 752 15 11 drone
392 1 547 749 15 11 drone
393 1 544 746 15 10 drone
394 1 541 744 15 10 drone
395 1 536 740 16 10 drone
396 1 533 737 16 11 drone
397 1 528 733 18 11 drone
398 1 525 730 17 11 drone
399 1 520 725 20 13 drone
400 1 519 722 17 13 drone
401 1 516 719 16 12 drone
402 1 512 714 18 12 drone
403 1 506 710 20 13 drone
404 1 504 705 19 13 drone
405 1 500 700 19 14 drone
406 1 497 695 21 15 drone
407 1 494 689 20 17 drone
408 1 490 684 19 16 drone
409 1 484 680 21 16 drone
410 1 479 673 22 17 drone
411 1 474 668 24 18 drone
412 1 470 663 23 17 drone
413 1 465 658 26 18 drone
414 1 463 651 24 18 drone
415 1 461 645 23 19 drone
416 1 458 639 21 20 drone
417 1 453 632 22 21 drone
418 1 448 626 24 21 drone
419 1 443 619 25 22 drone
420 1 438 613 24 22 drone
421 1 431 606 28 23 drone
422 1 427 600 30 22 drone
423 1 422 594 29 22 drone
424 1 417 587 29 23 drone
425 1 412 579 33 24 drone
426 1 408 572 36 24 drone
427 1 404 564 34 26 drone
428 1 400 556 33 26 drone
429 1 398 548 35 27 drone
430 1 394 539 28 27 drone
431 1 390 532 34 28 drone
432 1 385 524 29 28 drone
433 1 379 515 37 29 drone
434 1 371 507 34 30 drone
435 1 365 499 43 29 drone
436 1 364 491 40 28 drone
437 1 358 480 41 31 drone
438 1 353 474 42 28 drone
439 1 346 463 38 30 drone
440 1 342 452 46 33 drone
441 1 337 445 42 31 drone
442 1 328 438 47 30 drone
443 1 326 424 41 36 drone
444 1 319 419 44 32 drone
445 1 320 404 43 37 drone
446 1 309 395 51 37 drone
447 1 311 382 43 39 drone
448 1 294 374 57 36 drone
449 1 296 358 48 41 drone
450 1 294 348 42 40 drone
451 1 286 335 49 43 drone
452 1 282 328 47 38 drone
453 1 279 310 48 46 drone
454 1 277 294 49 47 drone
455 1 273 283 46 50 drone
456 1 268 272 44 51 drone
457 1 264 263 51 49 drone
458 1 258 247 55 47 drone
459 1 256 237 52 50 drone
460 1 257 222 45 57 drone
461 1 256 207 48 61 drone
462 1 254 197 49 61 drone
463 1 250 190 52 55 drone
464 1 248 182 54 55 drone
465 1 246 172 54 56 drone
466 1 246 155 51 66 drone
467 1 248 150 50 61 drone
468 1 250 139 52 59 drone
469 1 250 129 55 64 drone
470 1 251 128 52 61 drone
471 1 252 118 53 62 drone
472 1 254 108 46 69 drone
473 1 257 103 56 68 drone
474 1 255 100 57 68 drone
475 1 260 99 55 65 drone
476 1 261 101 57 57 drone
477 1 269 91 50 65 drone
478 1 268 92 64 60 drone
479 1 269 86 65 56 drone
480 1 277 90 62 58 drone
481 1 287 85 58 58 drone
482 1 285 88 58 58 drone
483 1 285 84 74 58 drone
484 1 292 93 65 49 drone
485 1 297 88 61 57 drone
486 1 304 85 68 58 drone
487 1 308 94 71 50 drone
488 1 312 88 65 57 drone
489 1 314 98 68 48 drone
490 1 321 90 64 59 drone
491 1 329 92 66 57 drone
492 1 340 91 63 60 drone
493 1 345 95 67 57 drone
494 1 345 98 76 56 drone
495 1 349 102 76 53 drone
496 1 364 100 71 57 drone
497 1 371 102 69 58 drone
498 1 368 104 78 57 drone
499 1 375 109 78 56 drone
500 1 391 107 69 60 drone
501 1 394 111 72 58 drone
502 1 397 125 75 49 drone
503 1 408 118 73 57 drone
504 1 420 118 67 61 drone
505 1 417 134 81 49 drone
506 1 428 127 74 58 drone
507 1 445 127 64 62 drone
508 1 442 140 76 52 drone
509 1 450 137 77 58 drone
510 1 466 138 70 61 drone
511 1 465 153 78 50 drone
512 1 475 148 74 57 drone
513 1 492 148 67 62 drone
514 1 490 166 78 49 drone
515 1 504 159 73 59 drone
516 1 511 163 74 59 drone
517 1 516 170 76 57 drone
518 1 532 172 69 58 drone
519 1 531 180 78 54 drone
520 1 550 178 62 60 drone
521 1 548 185 66 57 drone
522 1 563 188 67 59 drone
523 1 567 194 76 56 drone
524 1 579 197 74 55 drone
525 1 587 201 72 56 drone
526 1 588 202 80 58 drone
527 1 608 208 67 56 drone
528 1 603 220 80 47 drone
529 1 624 216 64 55 drone
530 1 618 218 73 54 drone
531 1 626 220 64 56 drone
532 1 633 223 65 56 drone
533 1 640 229 71 54 drone
534 1 649 232 70 54 drone
535 1 650 236 76 52 drone
536 1 660 237 72 54 drone
537 1 659 244 77 49 drone
538 1 667 240 74 54 drone
539 1 667 240 76 56 drone
540 1 675 242 70 56 drone
541 1 677 244 71 56 drone
542 1 683 250 74 52 drone
543 1 689 249 71 53 drone
544 1 686 257 77 48 drone
545 1 689 259 79 47 drone
546 1 691 254 73 54 drone
547 1 693 253 71 58 drone
548 1 698 256 76 56 drone
549 1 696 263 77 51 drone
550 1 700 255 65 60 drone
551 1 700 256 70 60 drone
552 1 696 257 75 62 drone
553 1 702 255 62 65 drone
554 1 704 258 57 63 drone
555 1 706 263 60 57 drone
556 1 693 268 77 53 drone
557 1 694 261 65 61 drone
558 1 687 263 70 60 drone
559 1 680 264 70 60 drone
560 1 685 265 59 59 drone
561 1 669 269 75 56 drone
562 1 665 275 76 50 drone
563 1 661 270 74 56 drone
564 1 651 274 77 51 drone
565 1 645 275 76 51 drone
566 1 638 271 75 56 drone
567 1 632 271 72 56 drone
568 1 622 272 72 54 drone
569 1 615 272 71 54 drone
570 1 606 271 72 56 drone
571 1 602 266 68 61 drone
572 1 587 267 70 59 drone
573 1 577 268 71 57 drone
574 1 567 267 73 57 drone
575 1 567 266 61 57 drone
576 1 550 273 77 49 drone
577 1 547 265 71 55 drone
578 1 543 264 70 57 drone
579 1 536 261 65 59 drone
580 1 524 260 67 60 drone
581 1 519 257 59 63 drone
582 1 503 262 59 57 drone
583 1 489 266 73 52 drone
584 1 486 257 68 62 drone
585 1 482 256 67 62 drone
586 1 475 258 70 59 drone
587 1 466 259 65 57 drone
588 1 452 262 70 55 drone
589 1 451 259 57 57 drone
590 1 437 265 67 52 drone
591 1 440 258 60 58 drone
592 1 423 265 76 50 drone
593 1 422 257 67 57 drone
594 1 411 261 77 53 drone
595 1 405 257 78 56 drone
596 1 405 257 66 55 drone
597 1 390 258 69 54 drone
598 1 384 256 74 54 drone
599 1 391 254 63 54 drone
600 1 370 253 77 54 drone
601 1 366 252 80 54 drone
602 1 371 249 71 54 drone
603 1 356 251 80 51 drone
604 1 345 248 81 52 drone
605 1 344 244 78 56 drone
606 1 346 241 66 56 drone
607 1 335 238 66 56 drone
608 1 324 235 66 57 drone
609 1 314 242 70 49 drone
610 1 306 233 74 54 drone
611 1 304 227 66 57 drone
612 1 300 223 67 59 drone
613 1 300 222 62 58 drone
614 1 291 217 73 58 drone
615 1 278 217 83 56 drone
616 1 268 217 84 52 drone
617 1 261 208 79 58 drone
618 1 252 205 79 57 drone
619 1 246 206 76 51 drone
620 1 239 195 74 59 drone
621 1 231 193 75 57 drone
622 1 224 188 81 57 drone
623 1 223 181 78 60 drone
624 1 218 174 82 63 drone
625 1 212 169 82 62 drone
626 1 209 163 80 63 drone
627 1 203 157 83 64 drone
628 1 195 154 84 62 drone
629 1 188 144 82 64 drone
630 1 180 137 83 65 drone
631 1 174 137 84 61 drone
632 1 168 122 83 68 drone
633 1 162 121 84 63 drone
634 1 154 112 81 66 drone
635 1 152 102 80 70 drone
636 1 136 96 87 69 drone
637 1 129 90 90 68 drone
638 1 128 79 79 72 drone
639 1 127 72 68 74 drone
640 1 114 61 81 79 drone
641 1 108 70 91 61 drone
642 1 111 52 77 77 drone
643 1 94 48 77 75 drone
644 1 90 48 88 72 drone
645 1 90 31 88 85 drone
646 1 88 27 75 78 drone
647 1 77 26 73 82 drone
648 1 67 21 79 78 drone
649 1 66 25 79 73 drone
650 1 67 10 83 88 drone
651 1 60 4 89 82 drone
652 1 52 2 84 90 drone
653 1 51 3 71 84 drone
654 1 42 14 83 72 drone
655 1 42 1 86 86 drone
656 1 35 1 77 76 drone
657 1 33 0 73 83 drone
658 1 30 4 72 80 drone
659 1 25 0 75 82 drone
660 1 20 0 83 86 drone
661 1 17 1 84 83 drone
662 1 8 3 92 84 drone
663 1 3 3 93 88 drone
664 1 0 4 80 85 drone
665 1 1 17 89 76 drone
666 1 1 5 77 89 drone
667 1 1 21 79 78 drone
668 1 0 24 77 79 drone
669 1 1 19 69 88 drone
670 1 1 36 72 76 drone
671 1 0 24 63 93 drone
672 1 1 42 68 83 drone
673 1 0 50 54 76 drone
674 0
675 0
676 0
677 0
678 0
679 0
680 0
681 0
682 0
683 0
684 0
685 0
686 0
687 0
688 0
689 0
690 0
691 0
692 0
693 0
694 0
695 0
696 0
697 0
698 0
699 0
700 0
701 0
702 0
703 0
704 0
705 0
706 0
707 0
708 0
709 0
710 0
711 0
712 0
713 0
714 0
715 0
716 0
717 0
718 0
719 0
720 0
721 0
722 0
723 0
724 0
725 0
726 0
727 0
728 0
729 0
730 0
731 0
732 0
733 0
734 0
735 0
736 0
737 0
738 0
739 0
740 0
741 0
742 0
743 0
744 0
745 0
746 0
747 0
748 0
749 0
750 0
