0 0
1 0
2 0
3 0
4 0
5 0
6 0
7 0
8 0
9 0
10 0
11 0
12 0
13 0
14 0
15 0
16 0
17 0
18 1 1337 6 25 27 drone
19 1 1343 14 26 26 drone
20 1 1348 21 27 26 drone
21 1 1354 29 28 25 drone
22 1 1360 36 29 24 drone
23 1 1365 44 30 23 drone
24 1 1371 51 31 22 drone
25 1 1377 57 30 22 drone
26 1 1382 63 29 22 drone
27 1 1388 70 28 22 drone
28 1 1394 76 28 21 drone
29 1 1399 82 27 21 drone
30 1 1405 88 26 21 drone
31 1 1409 94 27 22 drone
32 1 1412 100 28 23 drone
33 1 1416 106 28 24 drone
34 1 1420 112 29 25 drone
35 1 1423 118 30 26 drone
36 1 1427 124 31 27 drone
37 1 1432 131 31 27 drone
38 1 1436 138 31 28 drone
39 1 1440 144 31 28 drone
40 1 1445 151 31 28 drone
41 1 1450 158 31 28 drone
42 1 1454 165 32 29 drone
43 1 1458 172 31 28 drone
44 1 1463 179 31 28 drone
45 1 1468 186 31 27 drone
46 1 1472 193 30 26 drone
47 1 1476 200 30 26 drone
48 1 1481 207 30 25 drone
49 1 1485 214 30 25 drone
50 1 1489 222 31 25 drone
51 1 1493 230 31 24 drone
52 1 1497 238 32 24 drone
53 1 1501 245 32 23 drone
54 1 1505 253 33 23 drone
55 1 1510 260 32 24 drone
56 1 1515 267 31 24 drone
57 1 1519 275 30 25 drone
58 1 1524 282 29 25 drone
59 1 1528 289 28 25 drone
60 1 1533 296 27 26 drone
61 1 1537 304 27 25 drone
62 1 1540 312 26 25 drone
63 1 1544 321 26 24 drone
64 1 1548 329 25 23 drone
65 1 1551 337 24 23 drone
66 1 1555 345 24 22 drone
67 1 1557 353 24 22 drone
68 1 1559 361 24 22 drone
69 1 1560 368 24 21 drone
70 1 1562 376 24 21 drone
71 1 1564 384 24 21 drone
72 1 1566 392 24 21 drone
73 1 1567 399 23 20 drone
74 1 1568 407 22 20 drone
75 1 1569 415 21 20 drone
76 1 1570 423 20 19 drone
77 1 1571 431 20 19 drone
78 1 1572 438 19 19 drone
79 1 1572 446 19 18 drone
80 1 1571 453 19 18 drone
81 1 1571 461 19 17 drone
82 1 1570 469 20 17 drone
83 1 1570 476 20 17 drone
84 1 1569 484 20 16 drone
85 1 1567 491 20 17 drone
86 1 1565 498 20 17 drone
87 1 1563 505 20 17 drone
88 1 1562 512 20 17 drone
89 1 1560 519 20 18 drone
90 1 1558 526 20 18 drone
91 1 1556 533 20 18 drone
92 1 1554 540 19 18 drone
93 1 1552 547 19 18 drone
94 1 1549 553 19 17 drone
95 1 1547 560 18 17 drone
96 1 1545 567 18 17 drone
97 1 1542 574 18 17 drone
98 1 1539 580 18 16 drone
99 1 1536 587 17 16 drone
100 1 1532 593 17 15 drone
101 1 1529 600 17 15 drone
102 1 1526 606 17 15 drone
103 1 1522 612 17 15 drone
104 1 1518 618 17 15 drone
105 1 1515 624 17 15 drone
106 1 1511 630 17 15 drone
107 1 1507 636 17 15 drone
108 1 1503 642 17 15 drone
109 1 1499 648 17 15 drone
110 1 1494 653 17 14 drone
111 1 1490 659 17 14 drone
112 1 1486 664 17 14 drone
113 1 1481 670 18 14 drone
114 1 1477 675 18 14 drone
115 1 1472 680 18 14 drone
116 1 1467 685 18 14 drone
117 1 1463 690 19 14 drone
118 1 1458 695 19 14 drone
119 1 1453 700 20 14 drone
120 1 1448 705 20 14 drone
121 1 1443 709 20 14 drone
122 1 1439 713 20 14 drone
123 1 1434 716 20 14 drone
124 1 1429 720 20 14 drone
125 1 1425 724 20 14 drone
126 1 1420 728 21 14 drone
127 1 1415 730 21 14 drone
128 1 1410 732 21 14 drone
129 1 1406 735 21 14 drone
130 1 1401 737 21 14 drone
131 1 1396 740 21 14 drone
132 1 1391 742 22 14 drone
133 1 1387 743 21 14 drone
134 1 1384 745 21 14 drone
135 1 1380 746 20 13 drone
136 1 1376 747 20 13 drone
137 1 1372 749 19 13 drone
138 1 1368 750 19 13 drone
139 1 1364 751 19 13 drone
140 1 1360 751 19 13 drone
141 1 1355 752 19 13 drone
142 1 1351 753 18 13 drone
143 1 1347 753 18 13 drone
144 1 1343 754 18 13 drone
145 1 1339 754 19 13 drone
146 1 1334 755 19 13 drone
147 1 1330 755 20 13 drone
148 1 1326 756 21 13 drone
149 1 1321 756 22 13 drone
150 1 1317 756 22 14 drone
151 1 1314 758 21 13 drone
152 1 1310 758 19 12 drone
153 1 1308 759 18 12 drone
154 1 1303 761 16 11 drone
155 1 1300 761 18 11 drone
156 1 1296 760 20 14 drone
157 1 1290 761 22 12 drone
158 1 1288 760 20 14 drone
159 1 1284 761 20 14 drone
160 1 1281 761 20 14 drone
161 1 1277 761 20 14 drone
162 1 1275 762 20 14 drone
163 1 1271 761 20 14 drone
164 1 1268 761 20 14 drone
165 0
166 1 1264 764 17 12 drone
167 1 1261 763 18 12 drone
168 1 1261 763 19 12 drone
169 1 1258 762 20 13 drone
170 1 1256 762 20 13 drone
171 1 1254 762 20 14 drone
172 1 1251 761 21 15 drone
173 1 1248 760 22 15 drone
174 1 1246 760 22 16 drone
175 1 1246 760 22 16 drone
176 1 1245 760 21 16 drone
177 1 1245 760 20 16 drone
178 1 1245 760 20 15 drone
179 1 1244 760 20 15 drone
180 1 1244 760 19 15 drone
181 1 1244 760 20 15 drone
182 1 1244 761 21 15 drone
183 1 1244 761 22 16 drone
184 1 1245 761 22 16 drone
185 1 1245 762 23 16 drone
186 1 1245 762 24 16 drone
187 1 1246 764 24 16 drone
188 1 1248 766 24 16 drone
189 1 1250 768 24 16 drone
190 1 1251 770 24 17 drone
191 1 1252 772 24 17 drone
192 1 1254 774 24 17 drone
193 1 1257 776 25 17 drone
194 1 1259 779 25 17 drone
195 1 1262 781 26 18 drone
196 1 1265 783 27 18 drone
197 1 1267 786 27 18 drone
198 1 1270 788 28 18 drone
199 1 1274 790 27 18 drone
200 1 1277 792 27 18 drone
201 1 1281 794 27 18 drone
202 1 1284 796 26 18 drone
203 1 1288 798 26 18 drone
204 1 1292 801 25 17 drone
205 1 1296 802 26 17 drone
206 1 1300 803 26 17 drone
207 1 1304 805 26 17 drone
208 1 1308 806 26 16 drone
209 1 1312 808 26 16 drone
210 1 1316 809 27 16 drone
211 1 1319 810 27 16 drone
212 1 1323 811 27 16 drone
213 1 1327 812 27 16 drone
214 1 1331 812 27 17 drone
215 1 1335 813 27 17 drone
216 1 1339 814 28 17 drone
217 1 1344 814 27 17 drone
218 1 1349 815 26 17 drone
219 1 1354 816 26 16 drone
220 1 1358 817 25 16 drone
221 1 1363 817 24 15 drone
222 1 1368 818 24 15 drone
223 1 1373 818 24 15 drone
224 1 1378 819 24 15 drone
225 1 1382 819 24 15 drone
226 1 1387 819 24 15 drone
227 1 1392 820 23 15 drone
228 1 1397 820 23 15 drone
229 1 1402 820 22 15 drone
230 1 1408 820 21 14 drone
231 1 1412 821 20 14 drone
232 1 1414 820 27 15 drone
233 1 1422 821 22 14 drone
234 1 1423 820 24 14 drone
235 1 1428 819 25 16 drone
236 1 1434 820 26 16 drone
237 1 1437 821 25 15 drone
238 1 1444 819 24 16 drone
239 1 1449 818 25 16 drone
240 1 1453 818 26 16 drone
241 1 1459 817 25 15 drone
242 1 1464 816 25 15 drone
243 1 1470 816 25 15 drone
244 1 1475 815 25 15 drone
245 1 1481 814 25 15 drone
246 1 1486 813 25 16 drone
247 1 1491 812 25 16 drone
248 1 1497 811 25 16 drone
249 1 1502 810 26 17 drone
250 1 1507 809 26 17 drone
251 1 1513 808 26 18 drone
252 1 1518 807 26 18 drone
253 1 1523 806 26 18 drone
254 1 1528 805 27 18 drone
255 1 1534 803 27 18 drone
256 1 1539 802 28 18 drone
257 1 1544 801 28 17 drone
258 1 1549 800 29 17 drone
259 1 1554 798 29 18 drone
260 1 1560 797 29 18 drone
261 1 1565 795 29 18 drone
262 1 1570 793 29 19 drone
263 1 1576 792 28 19 drone
264 1 1581 790 28 19 drone
265 1 1586 789 28 20 drone
266 1 1591 787 28 20 drone
267 1 1596 785 28 21 drone
268 1 1602 783 28 21 drone
269 1 1607 782 27 22 drone
270 1 1612 780 27 22 drone
271 1 1616 778 28 22 drone
272 1 1620 777 28 22 drone
273 1 1624 776 29 22 drone
274 1 1627 774 30 22 drone
275 1 1631 772 30 22 drone
276 1 1635 771 31 22 drone
277 1 1638 769 30 23 drone
278 1 1642 768 30 23 drone
279 1 1645 766 30 23 drone
280 1 1648 765 30 23 drone
281 1 1652 763 30 23 drone
282 1 1655 761 30 24 drone
283 1 1656 761 30 24 drone
284 1 1657 760 30 25 drone
285 1 1659 759 30 25 drone
286 1 1660 758 30 25 drone
287 1 1661 758 30 26 drone
288 1 1662 757 31 26 drone
289 1 1661 757 30 26 drone
290 1 1660 756 30 27 drone
291 1 1659 756 30 27 drone
292 1 1658 756 30 27 drone
293 1 1657 756 30 27 drone
294 1 1656 755 30 27 drone
295 1 1652 755 30 27 drone
296 1 1648 756 31 28 drone
297 1 1643 756 31 28 drone
298 1 1639 756 32 28 drone
299 1 1635 756 33 29 drone
300 1 1631 756 33 29 drone
301 1 1625 757 33 29 drone
302 1 1619 758 33 29 drone
303 1 1613 760 32 29 drone
304 1 1607 761 32 29 drone
305 1 1601 762 31 29 drone
306 1 1595 763 31 29 drone
307 1 1585 765 31 29 drone
308 1 1576 766 32 28 drone
309 1 1567 768 32 28 drone
310 1 1558 770 33 28 drone
311 1 1548 772 33 27 drone
312 1 1539 773 33 27 drone
313 1 1527 775 33 27 drone
314 1 1515 776 33 27 drone
315 1 1504 778 32 27 drone
316 1 1492 779 32 28 drone
317 1 1480 780 32 28 drone
318 1 1468 782 31 28 drone
319 1 1453 783 32 28 drone
320 1 1438 785 32 28 drone
321 1 1423 787 32 28 drone
322 1 1408 789 33 29 drone
323 1 1393 790 33 29 drone
324 1 1378 792 33 29 drone
325 1 1360 794 34 29 drone
326 1 1342 795 35 29 drone
327 1 1324 796 36 29 drone
328 1 1306 798 37 30 drone
329 1 1288 800 38 30 drone
330 1 1270 801 39 30 drone
331 1 1250 802 39 30 drone
332 1 1230 803 38 30 drone
333 1 1210 804 37 31 drone
334 1 1190 805 37 31 drone
335 1 1170 806 36 31 drone
336 1 1150 807 36 31 drone
337 1 1128 805 37 31 drone
338 1 1105 804 38 30 drone
339 1 1082 802 39 30 drone
340 1 1059 801 41 29 drone
341 1 1037 799 42 29 drone
342 1 1014 798 43 28 drone
343 1 991 793 43 28 drone
344 1 969 789 44 28 drone
345 1 946 785 44 28 drone
346 1 923 780 45 28 drone
347 1 901 776 45 28 drone
348 1 878 772 45 27 drone
349 1 857 765 45 28 drone
350 1 837 758 45 29 drone
351 1 816 751 44 29 drone
352 1 796 744 44 30 drone
353 1 775 737 44 30 drone
354 1 755 730 43 31 drone
355 1 738 723 42 30 drone
356 1 720 717 41 29 drone
357 1 703 710 40 28 drone
358 1 686 703 39 28 drone
359 1 669 697 38 27 drone
360 1 652 690 37 26 drone
361 1 637 684 37 26 drone
362 1 622 677 36 25 drone
363 1 608 671 36 24 drone
364 1 593 665 36 24 drone
365 1 578 658 35 24 drone
366 1 563 652 35 23 drone
367 1 550 646 35 23 drone
368 1 537 639 35 24 drone
369 1 524 632 35 24 drone
370 1 511 626 35 25 drone
371 1 498 620 35 25 drone
372 1 485 613 35 25 drone
373 1 475 608 34 24 drone
374 1 466 604 33 23 drone
375 1 456 599 32 22 drone
376 1 446 595 31 21 drone
377 1 436 590 29 20 drone
378 1 427 585 28 19 drone
379 1 418 581 27 19 drone
380 1 410 576 26 19 drone
381 1 401 571 25 19 drone
382 1 393 566 24 19 drone
383 1 384 562 23 19 drone
384 1 376 557 22 19 drone
385 1 368 553 22 19 drone
386 1 359 548 21 18 drone
387 1 351 544 21 18 drone
388 1 342 539 21 18 drone
389 1 334 535 20 18 drone
390 1 326 531 20 18 drone
391 1 319 525 20 18 drone
392 1 313 519 20 18 drone
393 1 306 513 21 19 drone
394 1 300 507 21 19 drone
395 1 293 501 21 19 drone
396 1 287 495 21 19 drone
397 1 281 490 21 19 drone
398 1 276 485 21 18 drone
399 1 271 480 20 18 drone
400 1 265 475 20 17 drone
401 1 260 469 20 17 drone
402 1 255 464 19 16 drone
403 1 250 460 19 16 drone
404 1 245 455 19 16 drone
405 1 241 451 19 16 drone
406 1 236 446 18 16 drone
407 1 232 442 18 15 drone
408 1 227 437 18 15 drone
409 1 223 433 18 16 drone
410 1 220 429 18 16 drone
411 1 216 425 18 17 drone
412 1 212 421 18 17 drone
413 1 208 417 19 18 drone
414 1 204 413 19 18 drone
415 1 201 410 18 18 drone
416 1 198 407 18 17 drone
417 1 195 405 18 17 drone
418 1 192 402 18 16 drone
419 1 189 399 18 16 drone
420 1 186 396 18 15 drone
421 1 184 393 18 15 drone
422 1 181 390 18 16 drone
423 1 179 387 18 16 drone
424 1 176 384 18 16 drone
425 1 173 381 18 17 drone
426 1 171 378 18 17 drone
427 1 169 376 18 17 drone
428 1 166 373 18 17 drone
429 1 164 371 18 17 drone
430 1 162 369 18 17 drone
431 1 160 367 18 17 drone
432 1 158 364 18 17 drone
433 1 156 363 18 17 drone
434 1 154 361 18 17 drone
435 1 153 360 18 17 drone
436 1 151 358 18 17 drone
437 1 149 357 18 17 drone
438 1 147 355 17 17 drone
439 1 146 354 17 17 drone
440 1 144 352 17 17 drone
441 1 142 351 17 17 drone
442 1 141 349 17 17 drone
443 1 139 348 17 17 drone
444 1 137 346 16 17 drone
445 1 136 346 17 16 drone
446 1 135 345 17 16 drone
447 1 133 344 17 16 drone
448 1 132 344 17 15 drone
449 1 131 343 17 15 drone
450 1 129 342 17 14 drone
451 1 128 342 18 14 drone
452 1 127 341 18 14 drone
453 1 125 341 18 13 drone
454 1 124 340 18 13 drone
455 1 123 340 18 12 drone
456 1 122 339 17 12 drone
457 1 121 338 16 12 drone
458 1 120 338 16 11 drone
459 1 119 338 16 10 drone
460 1 118 337 15 10 drone
461 1 116 335 16 11 drone
462 1 113 333 16 11 drone
463 1 111 332 17 12 drone
464 1 109 330 18 13 drone
465 1 106 328 18 13 drone
466 1 104 326 19 14 drone
467 1 102 324 19 14 drone
468 1 100 323 19 14 drone
469 1 98 321 19 15 drone
470 1 96 320 19 15 drone
471 1 93 318 19 15 drone
472 1 91 316 19 16 drone
473 1 89 315 19 16 drone
474 1 87 313 19 16 drone
475 1 85 312 19 16 drone
476 1 83 311 19 16 drone
477 1 80 310 20 16 drone
478 1 78 308 20 16 drone
479 1 76 307 20 16 drone
480 1 74 306 20 16 drone
481 1 73 305 20 16 drone
482 1 71 304 19 16 drone
483 1 70 303 19 16 drone
484 1 69 302 19 16 drone
485 1 68 301 19 16 drone
486 1 66 300 18 16 drone
487 1 65 299 18 16 drone
488 1 63 298 18 16 drone
489 1 62 296 18 16 drone
490 1 60 294 18 16 drone
491 1 58 293 17 16 drone
492 1 57 292 17 16 drone
493 1 55 290 17 16 drone
494 1 54 288 17 16 drone
495 1 52 287 17 16 drone
496 1 51 285 16 16 drone
497 1 49 284 16 16 drone
498 1 48 282 16 15 drone
499 1 46 281 16 15 drone
500 1 45 279 15 15 drone
501 1 43 278 15 15 drone
502 1 42 276 15 15 drone
503 1 41 275 15 15 drone
504 1 39 273 15 15 drone
505 1 38 272 16 15 drone
506 1 37 270 16 15 drone
507 1 35 269 16 15 drone
508 1 34 267 16 16 drone
509 1 32 266 16 16 drone
510 1 31 264 16 16 drone
511 1 30 263 17 16 drone
512 1 28 261 17 16 drone
513 1 27 260 17 16 drone
514 1 25 260 17 16 drone
515 1 24 259 17 16 drone
516 1 22 259 17 16 drone
517 1 21 258 17 16 drone
518 1 19 258 18 16 drone
519 1 17 257 18 17 drone
520 1 16 257 18 17 drone
521 1 15 256 17 17 drone
522 1 14 256 17 16 drone
523 1 13 255 17 16 drone
524 1 12 255 17 16 drone
525 1 11 254 16 16 drone
526 1 10 254 16 16 drone
527 1 8 253 16 16 drone
528 1 8 253 16 16 drone
529 1 6 253 16 16 drone
530 1 6 253 16 16 drone
531 1 3 252 16 16 drone
532 1 2 252 16 16 drone
533 1 1 252 16 16 drone
534 1 0 252 16 16 drone
535 1 0 251 16 16 drone
536 1 0 251 14 16 drone
537 1 0 251 13 16 drone
538 1 0 251 11 15 drone
539 1 0 251 10 15 drone
540 1 0 251 8 13 drone
541 1 0 251 8 13 drone
542 1 0 251 6 12 drone
543 0
544 0
545 0
546 0
547 0
548 0
549 0
550 0
551 0
552 0
553 0
554 0
555 0
556 0
557 0
558 0
559 0
560 0
561 0
562 0
563 0
564 0
565 0
566 0
567 0
568 0
569 0
570 0
