0 0
1 0
2 0
3 0
4 0
5 0
6 0
7 0
8 0
9 0
10 0
11 0
12 0
13 0
14 0
15 0
16 0
17 0
18 0
19 0
20 0
21 0
22 0
23 1 1901 575 19 20 drone
24 1 1893 577 26 21 drone
25 1 1890 578 29 23 drone
26 1 1884 578 34 21 drone
27 1 1877 577 39 22 drone
28 1 1874 579 39 22 drone
29 1 1864 578 47 22 drone
30 1 1860 578 47 22 drone
31 1 1856 578 46 23 drone
32 1 1851 578 46 23 drone
33 1 1847 578 46 23 drone
34 1 1843 578 45 24 drone
35 1 1838 578 45 24 drone
36 1 1834 578 44 24 drone
37 1 1831 577 44 24 drone
38 1 1828 575 45 25 drone
39 1 1825 574 45 25 drone
40 1 1822 572 45 25 drone
41 1 1819 571 45 25 drone
42 1 1816 569 46 25 drone
43 1 1813 568 46 26 drone
44 1 1810 567 46 26 drone
45 1 1807 565 47 26 drone
46 1 1803 564 47 26 drone
47 1 1802 560 47 27 drone
48 1 1800 557 48 28 drone
49 1 1798 554 48 29 drone
50 1 1796 551 49 31 drone
51 1 1794 547 49 32 drone
52 1 1792 544 49 33 drone
53 1 1790 541 50 34 drone
54 1 1788 538 50 35 drone
55 1 1786 533 52 38 drone
56 1 1783 528 53 40 drone
57 1 1781 522 55 43 drone
58 1 1778 517 56 45 drone
59 1 1775 513 56 47 drone
60 1 1772 509 57 48 drone
61 1 1769 504 57 49 drone
62 1 1766 500 58 51 drone
63 1 1763 496 58 52 drone
64 1 1757 492 59 52 drone
65 1 1752 489 61 52 drone
66 1 1746 486 62 52 drone
67 1 1741 483 63 52 drone
68 1 1735 479 64 52 drone
69 1 1731 477 64 52 drone
70 1 1726 475 64 53 drone
71 1 1722 474 64 53 drone
72 1 1718 472 64 53 drone
73 1 1713 470 64 53 drone
74 1 1709 468 64 54 drone
75 1 1704 466 64 54 drone
76 1 1698 465 65 55 drone
77 1 1692 465 66 55 drone
78 1 1685 464 67 55 drone
79 1 1679 463 69 56 drone
80 1 1673 463 70 56 drone
81 1 1669 464 69 56 drone
82 1 1665 464 68 55 drone
83 1 1661 465 67 55 drone
84 1 1658 466 66 54 drone
85 1 1654 467 66 55 drone
86 1 1650 468 66 55 drone
87 1 1646 469 66 55 drone
88 1 1642 470 66 55 drone
89 1 1639 471 66 55 drone
90 1 1635 473 66 56 drone
91 1 1631 474 66 56 drone
92 1 1627 475 66 56 drone
93 1 1623 476 66 56 drone
94 1 1620 476 67 57 drone
95 1 1617 477 68 57 drone
96 1 1614 477 68 58 drone
97 1 1611 477 69 59 drone
98 1 1608 478 70 60 drone
99 1 1605 478 71 60 drone
100 1 1602 479 71 61 drone
101 1 1599 479 72 62 drone
102 1 1596 479 73 62 drone
103 1 1593 480 72 62 drone
104 1 1590 482 72 61 drone
105 1 1588 483 72 61 drone
106 1 1585 484 71 60 drone
107 1 1582 485 71 60 drone
108 1 1579 486 70 60 drone
109 1 1577 487 70 59 drone
110 1 1574 488 70 59 drone
111 1 1571 489 69 58 drone
112 1 1568 490 69 58 drone
113 1 1566 491 68 57 drone
114 1 1563 492 69 57 drone
115 1 1560 492 69 58 drone
116 1 1557 492 69 58 drone
117 1 1555 493 70 58 drone
118 1 1552 493 70 59 drone
119 1 1549 493 70 59 drone
120 1 1546 494 71 60 drone
121 1 1544 494 71 60 drone
122 1 1541 494 71 60 drone
123 1 1538 495 72 61 drone
124 1 1536 495 72 61 drone
125 1 1533 496 72 60 drone
126 1 1531 497 71 60 drone
127 1 1529 498 71 59 drone
128 1 1527 499 71 58 drone
129 1 1525 500 70 58 drone
130 1 1523 501 70 57 drone
131 1 1521 503 70 56 drone
132 1 1519 504 69 56 drone
133 1 1517 505 69 55 drone
134 1 1515 505 69 55 drone
135 1 1513 506 69 55 drone
136 1 1512 506 69 54 drone
137 1 1510 507 70 54 drone
138 1 1509 507 70 54 drone
139 1 1507 508 70 54 drone
140 1 1505 508 70 54 drone
141 1 1504 509 70 53 drone
142 1 1502 509 70 53 drone
143 1 1500 510 71 53 drone
144 1 1499 510 71 53 drone
145 1 1497 510 70 53 drone
146 1 1496 511 70 53 drone
147 1 1494 511 70 53 drone
148 1 1493 511 70 53 drone
149 1 1491 511 70 52 drone
150 1 1490 511 70 52 drone
151 1 1488 511 70 52 drone
152 1 1487 512 70 52 drone
153 1 1485 512 70 52 drone
154 1 1484 512 70 52 drone
155 1 1483 512 70 52 drone
156 1 1481 512 70 52 drone
157 1 1480 513 70 52 drone
158 1 1479 513 69 52 drone
159 1 1477 513 69 52 drone
160 1 1476 513 69 52 drone
161 1 1475 514 69 52 drone
162 1 1474 514 68 52 drone
163 1 1473 514 68 52 drone
164 1 1471 514 68 52 drone
165 1 1470 515 68 52 drone
166 1 1469 515 67 52 drone
167 1 1468 515 67 52 drone
168 1 1467 515 67 52 drone
169 1 1465 516 67 52 drone
170 1 1465 516 66 52 drone
171 1 1464 516 66 52 drone
172 1 1464 516 65 52 drone
173 1 1463 516 65 52 drone
174 1 1463 516 64 53 drone
175 1 1462 516 64 53 drone
176 1 1461 516 64 53 drone
177 1 1461 516 63 53 drone
178 1 1460 516 63 53 drone
179 1 1460 517 62 53 drone
180 1 1459 517 62 53 drone
181 1 1459 517 62 53 drone
182 1 1458 518 62 53 drone
183 1 1457 518 62 53 drone
184 1 1457 519 62 53 drone
185 1 1456 519 62 53 drone
186 1 1456 519 62 52 drone
187 1 1455 520 62 52 drone
188 1 1454 520 63 52 drone
189 1 1454 521 63 52 drone
190 1 1453 521 63 52 drone
191 1 1453 522 63 52 drone
192 1 1452 522 63 52 drone
193 1 1452 522 63 52 drone
194 1 1451 523 63 51 drone
195 1 1450 523 63 51 drone
196 1 1450 523 63 51 drone
197 1 1449 523 64 50 drone
198 1 1448 523 64 50 drone
199 1 1447 524 64 49 drone
200 1 1447 524 64 49 drone
201 1 1446 524 65 49 drone
202 1 1445 524 65 48 drone
203 1 1445 524 65 48 drone
204 1 1445 525 65 49 drone
205 1 1445 525 66 49 drone
206 1 1445 525 66 49 drone
207 1 1444 526 66 49 drone
208 1 1444 526 66 49 drone
209 1 1444 526 66 49 drone
210 1 1444 526 66 49 drone
211 1 1444 527 67 49 drone
212 1 1443 527 67 49 drone
213 1 1443 527 67 49 drone
214 1 1443 528 67 49 drone
215 1 1443 528 67 49 drone
216 1 1443 528 67 49 drone
217 1 1443 530 67 49 drone
218 1 1443 531 67 49 drone
219 1 1444 533 67 49 drone
220 1 1444 534 67 48 drone
221 1 1444 536 67 48 drone
222 1 1445 537 67 48 drone
223 1 1445 539 67 48 drone
224 1 1446 540 67 47 drone
225 1 1446 542 67 47 drone
226 1 1446 543 67 47 drone
227 1 1447 544 68 48 drone
228 1 1448 545 68 49 drone
229 1 1448 545 68 50 drone
230 1 1449 546 68 51 drone
231 1 1450 547 68 52 drone
232 1 1451 548 68 53 drone
233 1 1451 548 68 54 drone
234 1 1452 549 69 54 drone
235 1 1453 550 69 55 drone
236 1 1454 551 69 56 drone
237 1 1453 551 70 57 drone
238 1 1453 550 71 58 drone
239 1 1452 550 72 58 drone
240 1 1452 550 73 59 drone
241 1 1451 550 74 60 drone
242 1 1451 550 75 61 drone
243 1 1450 550 76 61 drone
244 1 1450 550 77 62 drone
245 1 1451 551 76 62 drone
246 1 1452 552 75 63 drone
247 1 1453 553 75 63 drone
248 1 1454 555 74 63 drone
249 1 1455 556 74 64 drone
250 1 1456 557 73 64 drone
251 1 1457 559 72 64 drone
252 1 1458 560 72 65 drone
253 1 1458 564 71 63 drone
254 1 1459 569 70 61 drone
255 1 1459 573 69 59 drone
256 1 1460 577 68 58 drone
257 1 1460 581 67 56 drone
258 1 1461 586 66 54 drone
259 1 1461 590 65 52 drone
260 1 1462 593 65 52 drone
261 1 1464 595 64 51 drone
262 1 1465 598 64 50 drone
263 1 1467 600 63 50 drone
264 1 1468 603 63 49 drone
265 1 1469 606 62 49 drone
266 1 1473 608 61 48 drone
267 1 1476 610 60 47 drone
268 1 1480 613 59 47 drone
269 1 1483 615 58 46 drone
270 1 1486 617 57 45 drone
271 1 1490 620 56 44 drone
272 1 1495 622 55 44 drone
273 1 1500 624 54 43 drone
274 1 1506 626 54 42 drone
275 1 1511 628 53 41 drone
276 1 1516 630 52 40 drone
277 1 1522 633 51 39 drone
278 1 1527 635 51 39 drone
279 1 1532 637 50 38 drone
280 1 1538 639 49 37 drone
281 1 1543 641 48 36 drone
282 1 1549 642 48 36 drone
283 1 1554 644 47 36 drone
284 1 1560 645 46 36 drone
285 1 1566 646 45 35 drone
286 1 1572 647 44 35 drone
287 1 1579 648 44 35 drone
288 1 1586 650 44 35 drone
289 1 1593 651 43 35 drone
290 1 1600 652 43 35 drone
291 1 1607 653 43 35 drone
292 1 1614 654 42 34 drone
293 1 1620 655 42 34 drone
294 1 1626 656 41 33 drone
295 1 1632 656 41 33 drone
296 1 1638 657 40 32 drone
297 1 1644 658 39 32 drone
298 1 1651 658 39 31 drone
299 1 1657 659 38 31 drone
300 1 1663 660 37 30 drone
301 1 1669 660 37 30 drone
302 1 1675 661 37 29 drone
303 1 1681 661 37 29 drone
304 1 1687 662 37 28 drone
305 1 1693 662 37 28 drone
306 1 1698 663 37 28 drone
307 1 1704 663 37 27 drone
308 1 1710 664 37 27 drone
309 1 1716 665 37 26 drone
310 1 1722 665 36 26 drone
311 1 1728 665 35 26 drone
312 1 1734 665 34 25 drone
313 1 1740 666 34 25 drone
314 1 1746 666 33 25 drone
315 1 1751 666 32 25 drone
316 1 1757 666 32 24 drone
317 1 1763 667 31 24 drone
318 1 1768 667 31 24 drone
319 1 1772 667 31 24 drone
320 1 1777 667 31 23 drone
321 1 1782 667 31 23 drone
322 1 1786 667 31 23 drone
323 1 1791 668 31 23 drone
324 1 1796 668 31 23 drone
325 1 1800 668 31 23 drone
326 1 1805 668 31 22 drone
327 1 1810 668 31 22 drone
328 1 1813 668 30 22 drone
329 1 1817 668 29 22 drone
330 1 1821 668 28 21 drone
331 1 1825 668 28 21 drone
332 1 1829 668 27 21 drone
333 1 1832 668 26 20 drone
334 1 1836 668 26 20 drone
335 1 1840 667 25 20 drone
336 1 1842 667 25 20 drone
337 1 1845 666 25 20 drone
338 1 1847 666 25 20 drone
339 1 1850 665 25 20 drone
340 1 1852 664 25 20 drone
341 1 1855 664 24 20 drone
342 1 1857 663 24 20 drone
343 1 1860 662 24 20 drone
344 1 1861 662 24 20 drone
345 1 1862 662 24 20 drone
346 1 1864 662 24 20 drone
347 1 1865 662 24 20 drone
348 1 1867 662 24 19 drone
349 1 1868 661 24 19 drone
350 1 1870 661 24 19 drone
351 1 1871 662 24 19 drone
352 1 1872 662 23 18 drone
353 1 1873 663 23 18 drone
354 1 1874 663 22 17 drone
355 1 1876 664 22 17 drone
356 1 1877 664 21 17 drone
357 1 1878 665 21 16 drone
358 1 1878 665 21 17 drone
359 1 1878 666 21 17 drone
360 1 1878 666 21 17 drone
361 1 1878 666 21 18 drone
362 1 1878 667 21 18 drone
363 1 1879 667 21 19 drone
364 1 1879 668 20 19 drone
365 1 1879 668 20 19 drone
366 1 1879 669 20 19 drone
367 1 1878 670 19 18 drone
368 1 1878 670 19 17 drone
369 1 1878 671 18 17 drone
370 1 1878 672 17 16 drone
371 1 1878 673 17 15 drone
372 1 1877 673 17 15 drone
373 1 1877 674 17 15 drone
374 1 1877 674 17 15 drone
375 1 1875 675 16 14 drone
376 1 1873 676 16 13 drone
377 1 1872 677 16 12 drone
378 1 1870 677 15 11 drone
379 1 1868 678 16 11 drone
380 1 1866 678 16 11 drone
381 1 1864 679 16 11 drone
382 1 1863 679 16 12 drone
383 1 1861 680 17 12 drone
384 1 1859 680 17 12 drone
385 1 1857 680 17 12 drone
386 1 1855 681 16 11 drone
387 1 1853 682 16 11 drone
388 1 1851 682 15 11 drone
389 1 1849 683 15 11 drone
390 1 1847 683 14 11 drone
391 1 1845 684 14 11 drone
392 1 1843 684 13 10 drone
393 1 1841 685 13 10 drone
394 1 1839 686 13 10 drone
395 1 1836 686 13 10 drone
396 1 1834 687 13 10 drone
397 1 1831 687 13 10 drone
398 1 1829 688 13 10 drone
399 1 1827 688 12 10 drone
400 1 1824 689 13 10 drone
401 1 1821 690 13 10 drone
402 1 1818 690 13 10 drone
403 1 1815 691 13 10 drone
404 1 1812 691 13 10 drone
405 1 1809 692 13 10 drone
406 1 1806 693 13 10 drone
407 1 1803 693 12 10 drone
408 1 1800 694 12 9 drone
409 1 1796 694 12 9 drone
410 1 1793 695 12 9 drone
411 1 1790 696 11 9 drone
412 1 1787 696 11 9 drone
413 1 1783 697 11 9 drone
414 1 1780 698 11 9 drone
415 1 1776 699 12 9 drone
416 1 1773 700 12 9 drone
417 1 1769 701 12 9 drone
418 1 1766 701 12 9 drone
419 1 1763 702 12 9 drone
420 1 1759 703 12 9 drone
421 1 1756 704 11 9 drone
422 1 1753 705 11 8 drone
423 1 1750 706 10 8 drone
424 1 1747 707 10 8 drone
425 1 1742 708 10 8 drone
426 1 1738 709 11 8 drone
427 1 1734 709 11 9 drone
428 1 1730 710 12 9 drone
429 1 1726 711 12 9 drone
430 1 1722 711 11 9 drone
431 1 1718 712 11 9 drone
432 1 1714 713 11 9 drone
433 1 1711 713 11 9 drone
434 1 1707 714 11 9 drone
435 1 1703 715 11 9 drone
436 1 1699 716 11 9 drone
437 1 1695 717 11 9 drone
438 1 1691 717 11 9 drone
439 1 1687 718 11 9 drone
440 1 1683 718 11 9 drone
441 1 1679 719 11 9 drone
442 1 1675 720 10 8 drone
443 1 1670 720 10 9 drone
444 1 1666 721 10 9 drone
445 1 1662 721 10 9 drone
446 1 1658 722 10 9 drone
447 1 1654 723 10 9 drone
448 1 1649 723 10 10 drone
449 1 1645 724 10 9 drone
450 1 1641 724 10 9 drone
451 1 1636 725 10 9 drone
452 1 1632 726 10 9 drone
453 1 1628 726 11 9 drone
454 1 1624 727 10 9 drone
455 1 1619 728 10 9 drone
456 1 1615 729 10 9 drone
457 1 1610 730 10 9 drone
458 1 1606 731 10 9 drone
459 1 1601 732 10 9 drone
460 1 1597 732 10 9 drone
461 1 1593 733 10 9 drone
462 1 1588 733 9 9 drone
463 1 1584 734 9 9 drone
464 1 1580 735 9 9 drone
465 1 1575 735 9 9 drone
466 1 1571 736 9 9 drone
467 1 1567 736 9 9 drone
468 1 1562 737 9 9 drone
469 1 1558 738 9 8 drone
470 1 1553 739 9 8 drone
471 1 1549 739 9 8 drone
472 1 1544 740 9 8 drone
473 1 1540 741 8 8 drone
474 1 1536 742 8 8 drone
475 1 1531 742 8 8 drone
476 1 1527 743 8 8 drone
477 1 1522 744 9 8 drone
478 1 1518 744 9 7 drone
479 1 1513 745 9 7 drone
480 1 1509 746 9 7 drone
481 1 1504 746 9 7 drone
482 1 1500 747 9 7 drone
483 1 1495 748 9 7 drone
484 1 1491 748 9 7 drone
485 1 1487 748 9 7 drone
486 1 1483 749 9 7 drone
487 1 1479 749 10 7 drone
488 1 1474 749 10 7 drone
489 1 1470 749 10 7 drone
490 1 1466 750 10 7 drone
491 1 1462 750 10 7 drone
492 1 1458 750 10 7 drone
493 1 1454 751 10 7 drone
494 1 1450 751 10 7 drone
495 1 1447 751 10 7 drone
496 1 1443 751 10 7 drone
497 1 1439 751 10 7 drone
498 1 1436 751 10 7 drone
499 1 1432 751 10 7 drone
500 1 1429 752 10 7 drone
501 1 1425 752 10 7 drone
502 1 1422 752 10 7 drone
503 1 1419 752 10 7 drone
504 1 1415 752 10 7 drone
505 1 1412 752 11 7 drone
506 1 1409 753 11 7 drone
507 1 1406 753 11 7 drone
508 1 1403 753 11 7 drone
509 1 1400 753 11 7 drone
510 1 1396 753 11 7 drone
511 1 1394 753 11 7 drone
512 1 1392 753 11 7 drone
513 1 1389 753 10 7 drone
514 1 1387 753 10 7 drone
515 1 1384 753 10 7 drone
516 1 1382 753 10 8 drone
517 1 1380 753 9 8 drone
518 1 1377 753 9 8 drone
519 1 1375 753 9 8 drone
520 1 1372 753 9 8 drone
521 1 1370 753 9 8 drone
522 1 1368 753 9 8 drone
523 1 1366 753 9 7 drone
524 1 1363 754 9 7 drone
525 1 1361 754 9 7 drone
526 1 1359 754 9 7 drone
527 1 1357 754 9 7 drone
528 1 1354 754 9 7 drone
529 1 1352 754 9 6 drone
530 1 1350 754 9 6 drone
531 1 1348 754 9 7 drone
532 1 1346 753 9 7 drone
533 1 1344 753 10 7 drone
534 1 1342 753 10 7 drone
535 1 1340 753 10 8 drone
536 1 1338 753 10 8 drone
537 1 1336 752 10 8 drone
538 1 1334 752 10 9 drone
539 1 1333 752 10 8 drone
540 1 1332 752 10 8 drone
541 1 1330 752 9 7 drone
542 1 1329 752 9 7 drone
543 1 1327 752 9 7 drone
544 1 1326 752 9 6 drone
545 1 1324 752 9 6 drone
546 1 1323 752 9 6 drone
547 1 1321 751 9 6 drone
548 1 1320 751 10 7 drone
549 1 1318 750 10 7 drone
550 1 1317 750 10 7 drone
551 1 1316 750 10 7 drone
552 1 1314 749 11 7 drone
553 1 1313 749 11 8 drone
554 1 1311 749 11 8 drone
555 1 1310 748 11 8 drone
556 1 1310 748 11 8 drone
557 1 1309 747 11 8 drone
558 1 1308 747 11 8 drone
559 1 1308 746 11 8 drone
560 1 1307 746 11 7 drone
561 1 1307 745 11 7 drone
562 1 1306 745 11 7 drone
563 1 1306 744 11 7 drone
564 1 1305 744 11 7 drone
565 1 1305 743 11 7 drone
566 1 1304 743 11 7 drone
567 1 1304 743 10 7 drone
568 1 1303 742 10 7 drone
569 1 1303 742 10 7 drone
570 1 1303 741 11 7 drone
571 1 1302 740 11 7 drone
572 1 1302 739 11 7 drone
573 1 1302 739 11 8 drone
574 1 1302 738 12 8 drone
575 1 1302 737 12 8 drone
576 1 1302 736 12 8 drone
577 1 1303 736 13 8 drone
578 1 1303 735 13 8 drone
579 1 1303 734 13 8 drone
580 1 1304 734 13 8 drone
581 1 1304 733 13 8 drone
582 1 1305 733 13 8 drone
583 1 1306 733 12 8 drone
584 1 1306 732 12 8 drone
585 1 1307 732 12 8 drone
586 1 1308 731 12 8 drone
587 1 1309 731 12 9 drone
588 1 1309 731 12 9 drone
589 1 1310 730 11 9 drone
590 1 1311 730 11 9 drone
591 1 1312 730 12 8 drone
592 1 1313 730 12 8 drone
593 1 1315 730 12 8 drone
594 1 1316 729 12 8 drone
595 1 1317 729 12 8 drone
596 1 1318 729 12 7 drone
597 1 1319 729 12 7 drone
598 1 1320 729 13 7 drone
599 1 1322 728 13 7 drone
600 1 1323 728 13 8 drone
601 1 1325 727 13 8 drone
602 1 1326 726 13 8 drone
603 1 1328 726 13 8 drone
604 1 1329 725 14 9 drone
605 1 1331 724 14 9 drone
606 1 1333 723 14 9 drone
607 1 1335 721 13 9 drone
608 1 1338 720 13 9 drone
609 1 1340 719 13 9 drone
610 1 1342 718 13 9 drone
611 1 1344 717 13 9 drone
612 1 1347 715 13 9 drone
613 1 1349 713 14 9 drone
614 1 1352 712 14 9 drone
615 1 1354 710 14 10 drone
616 1 1357 708 14 10 drone
617 1 1359 707 14 10 drone
618 1 1362 705 14 10 drone
619 1 1364 704 14 10 drone
620 1 1367 702 14 10 drone
621 1 1369 700 14 10 drone
622 1 1372 699 14 11 drone
623 1 1375 697 15 10 drone
624 1 1378 694 15 10 drone
625 1 1381 692 15 10 drone
626 1 1384 690 15 10 drone
627 1 1387 688 15 10 drone
628 1 1390 686 15 10 drone
629 1 1393 683 15 10 drone
630 1 1397 681 15 10 drone
631 1 1401 678 15 10 drone
632 1 1405 676 15 11 drone
633 1 1409 673 14 11 drone
634 1 1414 670 14 11 drone
635 1 1417 666 16 12 drone
636 1 1420 663 18 13 drone
637 1 1425 660 18 12 drone
638 1 1430 657 18 12 drone
639 1 1434 653 19 12 drone
640 1 1440 649 19 13 drone
641 1 1445 645 19 13 drone
642 1 1451 641 19 14 drone
643 1 1456 637 19 15 drone
644 1 1461 632 19 16 drone
645 1 1467 628 19 17 drone
646 1 1473 624 19 17 drone
647 1 1479 620 20 17 drone
648 1 1485 615 20 17 drone
649 1 1491 611 21 18 drone
650 1 1497 606 22 18 drone
651 1 1504 602 22 18 drone
652 1 1511 598 21 18 drone
653 1 1517 593 21 18 drone
654 1 1524 589 21 18 drone
655 1 1531 584 21 19 drone
656 1 1538 579 22 19 drone
657 1 1545 573 22 19 drone
658 1 1552 568 22 20 drone
659 1 1559 563 22 20 drone
660 1 1566 558 22 21 drone
661 1 1573 553 22 21 drone
662 1 1580 548 22 21 drone
663 1 1587 544 23 21 drone
664 1 1594 539 23 21 drone
665 1 1601 535 23 21 drone
666 1 1608 530 23 21 drone
667 1 1614 526 23 21 drone
668 1 1620 522 24 21 drone
669 1 1626 519 24 21 drone
670 1 1632 515 24 21 drone
671 1 1638 511 24 21 drone
672 1 1644 508 24 21 drone
673 1 1650 506 24 22 drone
674 1 1657 503 24 22 drone
675 1 1663 500 24 22 drone
676 1 1669 497 24 22 drone
677 1 1676 495 24 23 drone
678 1 1682 492 24 23 drone
679 1 1688 489 24 23 drone
680 1 1694 488 24 24 drone
681 1 1699 487 24 24 drone
682 1 1704 486 25 24 drone
683 1 1709 485 25 24 drone
684 1 1715 484 25 24 drone
685 1 1720 483 26 24 drone
686 1 1725 482 26 24 drone
687 1 1731 481 26 24 drone
688 1 1734 482 26 25 drone
689 1 1738 482 26 25 drone
690 1 1742 483 26 25 drone
691 1 1746 484 26 25 drone
692 1 1750 484 26 25 drone
693 1 1754 485 26 25 drone
694 1 1758 486 26 26 drone
695 1 1760 487 27 26 drone
696 1 1763 488 27 26 drone
697 1 1765 489 28 26 drone
698 1 1768 490 28 26 drone
699 1 1770 492 28 26 drone
700 1 1773 493 29 26 drone
701 1 1776 494 29 26 drone
702 1 1777 495 30 25 drone
703 1 1779 497 30 25 drone
704 1 1781 498 31 25 drone
705 1 1783 499 31 25 drone
706 1 1785 500 32 25 drone
707 1 1786 502 32 25 drone
708 1 1788 502 33 25 drone
709 1 1789 503 33 25 drone
710 1 1790 504 34 25 drone
711 1 1792 505 34 26 drone
712 1 1793 506 35 26 drone
713 1 1794 507 35 26 drone
714 1 1796 508 35 26 drone
715 1 1797 508 36 26 drone
716 1 1799 510 35 26 drone
717 1 1801 511 34 26 drone
718 1 1804 512 33 26 drone
719 1 1806 513 33 26 drone
720 1 1808 514 32 26 drone
