0 0
1 0
2 0
3 0
4 0
5 0
6 0
7 0
8 0
9 0
10 0
11 0
12 0
13 0
14 0
15 0
16 0
17 0
18 0
19 0
20 0
21 0
22 0
23 0
24 0
25 0
26 0
27 0
28 0
29 0
30 0
31 0
32 0
33 0
34 0
35 0
36 0
37 0
38 0
39 1 1908 663 12 14 drone
40 1 1897 659 21 26 drone
41 1 1882 667 23 22 drone
42 1 1867 671 25 27 drone
43 1 1854 679 25 25 drone
44 1 1840 685 23 23 drone
45 1 1826 690 23 23 drone
46 1 1812 695 23 23 drone
47 1 1798 700 23 23 drone
48 1 1784 705 24 23 drone
49 1 1770 710 24 23 drone
50 1 1756 715 24 23 drone
51 1 1742 720 24 23 drone
52 1 1728 725 24 23 drone
53 1 1714 730 25 23 drone
54 1 1701 734 25 23 drone
55 1 1688 738 25 23 drone
56 1 1675 742 25 23 drone
57 1 1661 746 25 23 drone
58 1 1648 750 25 23 drone
59 1 1635 754 25 23 drone
60 1 1622 758 25 22 drone
61 1 1609 762 25 22 drone
62 1 1596 766 26 22 drone
63 1 1583 770 26 22 drone
64 1 1570 774 26 22 drone
65 1 1556 778 26 22 drone
66 1 1543 782 26 22 drone
67 1 1532 785 25 21 drone
68 1 1521 789 25 21 drone
69 1 1511 792 24 20 drone
70 1 1500 796 24 20 drone
71 1 1489 799 23 19 drone
72 1 1478 802 23 18 drone
73 1 1467 806 22 18 drone
74 1 1456 809 22 17 drone
75 1 1445 812 21 17 drone
76 1 1434 816 21 16 drone
77 1 1423 819 20 15 drone
78 1 1412 822 20 15 drone
79 1 1401 826 19 14 drone
80 1 1393 828 19 14 drone
81 1 1385 830 19 14 drone
82 1 1376 832 18 14 drone
83 1 1368 834 18 14 drone
84 1 1360 836 17 14 drone
85 1 1352 838 17 13 drone
86 1 1346 839 17 14 drone
87 1 1340 840 17 14 drone
88 1 1335 842 17 14 drone
89 1 1329 843 17 14 drone
90 1 1323 844 17 14 drone
91 1 1318 845 17 14 drone
92 1 1314 846 17 14 drone
93 1 1310 847 17 13 drone
94 1 1307 848 17 13 drone
95 1 1303 849 17 13 drone
96 1 1300 850 17 13 drone
97 1 1296 851 17 13 drone
98 1 1292 852 17 13 drone
99 1 1289 853 17 13 drone
100 1 1285 854 17 12 drone
101 1 1281 855 17 12 drone
102 1 1278 856 17 12 drone
103 1 1274 857 17 12 drone
104 1 1273 857 17 12 drone
105 1 1273 857 17 12 drone
106 1 1272 858 17 12 drone
107 1 1272 858 17 12 drone
108 1 1271 858 17 12 drone
109 1 1270 858 17 12 drone
110 1 1270 858 17 12 drone
111 1 1269 859 17 12 drone
112 1 1268 859 17 12 drone
113 1 1268 859 17 12 drone
114 1 1268 858 17 12 drone
115 1 1269 859 16 11 drone
116 1 1272 859 13 11 drone
117 1 1270 858 17 12 drone
118 1 1271 858 17 12 drone
119 1 1272 858 17 12 drone
120 1 1274 858 16 11 drone
121 1 1275 858 16 11 drone
122 1 1276 857 15 11 drone
123 1 1278 857 15 11 drone
124 1 1278 857 15 11 drone
125 1 1279 857 15 11 drone
126 1 1280 856 16 11 drone
127 1 1281 856 16 11 drone
128 1 1282 856 16 12 drone
129 1 1282 855 16 12 drone
130 1 1283 855 17 12 drone
131 1 1284 855 17 12 drone
132 1 1285 854 17 12 drone
133 1 1286 854 17 12 drone
134 1 1287 854 17 12 drone
135 1 1288 854 16 12 drone
136 1 1288 854 16 11 drone
137 1 1289 854 16 11 drone
138 1 1290 854 15 11 drone
139 1 1291 854 15 11 drone
140 1 1291 854 15 11 drone
141 1 1292 855 15 11 drone
142 1 1292 855 15 11 drone
143 1 1293 855 15 11 drone
144 1 1293 855 15 12 drone
145 1 1294 855 15 12 drone
146 1 1294 855 15 12 drone
147 1 1295 856 15 12 drone
148 1 1295 856 15 12 drone
149 1 1296 856 15 12 drone
150 1 1297 856 15 12 drone
151 1 1298 856 15 12 drone
152 1 1299 856 15 12 drone
153 1 1300 856 15 12 drone
154 1 1301 856 16 12 drone
155 1 1303 856 16 12 drone
156 1 1304 857 16 12 drone
157 1 1305 857 16 12 drone
158 1 1307 856 16 12 drone
159 1 1310 856 16 12 drone
160 1 1312 856 16 11 drone
161 1 1315 856 16 11 drone
162 1 1317 856 16 11 drone
163 1 1320 857 15 10 drone
164 1 1322 857 14 10 drone
165 1 1325 858 14 9 drone
166 1 1329 857 14 9 drone
167 1 1332 857 14 9 drone
168 1 1335 856 15 9 drone
169 1 1339 856 15 10 drone
170 1 1342 855 15 10 drone
171 1 1346 855 15 10 drone
172 1 1349 855 16 10 drone
173 1 1352 854 16 11 drone
174 1 1355 854 16 11 drone
175 1 1358 854 17 12 drone
176 1 1361 853 17 12 drone
177 1 1364 853 17 12 drone
178 1 1368 852 17 12 drone
179 1 1371 852 17 12 drone
180 1 1374 851 17 12 drone
181 1 1377 851 17 12 drone
182 1 1381 850 17 12 drone
183 1 1385 849 17 12 drone
184 1 1388 849 17 12 drone
185 1 1392 848 17 12 drone
186 1 1395 847 17 12 drone
187 1 1399 847 17 12 drone
188 1 1402 846 17 12 drone
189 1 1405 845 17 12 drone
190 1 1409 845 17 12 drone
191 1 1412 844 17 12 drone
192 1 1415 844 17 12 drone
193 1 1419 843 17 12 drone
194 1 1422 843 17 13 drone
195 1 1425 842 17 13 drone
196 1 1428 842 17 13 drone
197 1 1432 841 17 13 drone
198 1 1435 840 17 13 drone
199 1 1438 840 17 13 drone
200 1 1441 839 17 13 drone
201 1 1443 838 18 13 drone
202 1 1446 837 18 13 drone
203 1 1449 837 18 13 drone
204 1 1452 836 18 13 drone
205 1 1455 835 18 13 drone
206 1 1458 835 18 13 drone
207 1 1461 834 18 13 drone
208 1 1464 833 18 13 drone
209 1 1467 833 18 14 drone
210 1 1471 832 18 14 drone
211 1 1474 832 19 14 drone
212 1 1477 831 19 14 drone
213 1 1480 831 19 14 drone
214 1 1483 830 19 14 drone
215 1 1486 830 19 15 drone
216 1 1489 830 19 15 drone
217 1 1492 830 19 15 drone
218 1 1496 830 19 15 drone
219 1 1499 830 20 15 drone
220 1 1502 830 20 15 drone
221 1 1505 829 20 15 drone
222 1 1508 828 19 15 drone
223 1 1511 828 19 15 drone
224 1 1514 827 19 15 drone
225 1 1517 826 19 15 drone
226 1 1520 825 18 15 drone
227 1 1523 825 18 15 drone
228 1 1526 824 18 15 drone
229 1 1529 823 18 15 drone
230 1 1531 822 18 15 drone
231 1 1533 821 19 15 drone
232 1 1535 821 19 15 drone
233 1 1537 820 19 15 drone
234 1 1540 819 19 15 drone
235 1 1542 818 19 15 drone
236 1 1544 817 19 15 drone
237 1 1546 816 20 16 drone
238 1 1547 814 21 17 drone
239 1 1549 813 21 17 drone
240 1 1550 812 22 18 drone
241 1 1552 810 23 18 drone
242 1 1553 809 23 19 drone
243 1 1555 807 24 19 drone
244 1 1556 806 24 19 drone
245 1 1557 805 24 19 drone
246 1 1558 803 24 20 drone
247 1 1559 802 25 20 drone
248 1 1560 801 25 20 drone
249 1 1561 799 25 20 drone
250 1 1562 798 25 20 drone
251 1 1563 797 26 20 drone
252 1 1564 795 26 20 drone
253 1 1565 794 26 20 drone
254 1 1565 793 27 21 drone
255 1 1564 791 28 22 drone
256 1 1564 789 29 22 drone
257 1 1564 788 30 23 drone
258 1 1564 786 31 23 drone
259 1 1564 784 32 24 drone
260 1 1563 783 32 24 drone
261 1 1562 782 33 23 drone
262 1 1561 781 33 23 drone
263 1 1560 780 34 22 drone
264 1 1559 779 35 22 drone
265 1 1558 776 35 22 drone
266 1 1556 773 35 23 drone
267 1 1555 770 35 23 drone
268 1 1554 767 35 24 drone
269 1 1553 764 34 24 drone
270 1 1551 761 34 25 drone
271 1 1550 758 34 25 drone
272 1 1549 755 34 26 drone
273 1 1547 751 35 26 drone
274 1 1545 748 36 27 drone
275 1 1542 744 36 27 drone
276 1 1540 741 37 28 drone
277 1 1538 737 38 28 drone
278 1 1536 734 39 29 drone
279 1 1534 730 39 29 drone
280 1 1532 727 40 30 drone
281 1 1530 723 41 30 drone
282 1 1528 719 42 30 drone
283 1 1526 716 43 31 drone
284 1 1523 713 44 32 drone
285 1 1521 710 45 33 drone
286 1 1519 707 46 33 drone
287 1 1516 704 47 34 drone
288 1 1514 701 48 35 drone
289 1 1511 698 49 35 drone
290 1 1509 695 51 36 drone
291 1 1507 692 52 37 drone
292 1 1504 691 52 38 drone
293 1 1502 691 52 38 drone
294 1 1500 690 53 39 drone
295 1 1498 690 53 40 drone
296 1 1496 690 53 41 drone
297 1 1493 689 54 41 drone
298 1 1491 689 54 42 drone
299 1 1491 693 53 40 drone
300 1 1490 697 53 39 drone
301 1 1490 701 52 37 drone
302 1 1490 706 52 36 drone
303 1 1489 710 51 34 drone
304 1 1489 715 52 34 drone
305 1 1488 720 53 34 drone
306 1 1487 725 54 34 drone
307 1 1487 730 55 33 drone
308 1 1486 735 56 33 drone
309 1 1485 740 57 33 drone
310 1 1485 745 58 33 drone
311 1 1484 750 59 33 drone
312 1 1485 754 59 33 drone
313 1 1486 758 60 33 drone
314 1 1487 761 60 33 drone
315 1 1488 765 61 33 drone
316 1 1488 769 61 33 drone
317 1 1489 773 62 34 drone
318 1 1490 777 62 34 drone
319 1 1491 780 62 34 drone
320 1 1492 784 63 34 drone
321 1 1492 786 64 34 drone
322 1 1493 788 66 35 drone
323 1 1493 790 67 35 drone
324 1 1494 792 68 35 drone
325 1 1494 794 70 36 drone
326 1 1495 796 71 36 drone
327 1 1495 799 72 36 drone
328 1 1496 801 74 37 drone
329 1 1496 803 75 37 drone
330 1 1496 803 76 39 drone
331 1 1496 803 78 40 drone
332 1 1496 803 79 42 drone
333 1 1496 803 80 44 drone
334 1 1496 803 81 45 drone
335 1 1496 803 83 47 drone
336 1 1497 803 84 49 drone
337 1 1497 803 85 50 drone
338 1 1496 804 86 51 drone
339 1 1496 806 87 51 drone
340 1 1495 807 88 52 drone
341 1 1494 808 89 53 drone
342 1 1494 810 90 53 drone
343 1 1493 811 91 54 drone
344 1 1493 812 92 54 drone
345 1 1492 814 94 55 drone
346 1 1492 815 95 55 drone
347 1 1491 816 96 56 drone
348 1 1488 819 96 57 drone
349 1 1486 821 96 57 drone
350 1 1483 824 96 58 drone
351 1 1480 826 96 58 drone
352 1 1477 829 96 59 drone
353 1 1475 831 97 59 drone
354 1 1472 834 97 60 drone
355 1 1465 836 99 60 drone
356 1 1459 838 102 61 drone
357 1 1452 841 104 61 drone
358 1 1446 843 107 62 drone
359 1 1439 846 109 62 drone
360 1 1433 848 112 62 drone
361 1 1426 851 114 63 drone
362 1 1417 852 116 65 drone
363 1 1407 854 117 67 drone
364 1 1398 856 118 69 drone
365 1 1389 857 119 71 drone
366 1 1379 859 121 73 drone
367 1 1370 860 122 75 drone
368 1 1361 862 123 78 drone
369 1 1351 864 124 80 drone
370 1 1335 867 126 80 drone
371 1 1318 870 127 81 drone
372 1 1301 873 128 82 drone
373 1 1284 876 129 83 drone
374 1 1267 880 130 84 drone
375 1 1250 883 131 85 drone
376 1 1233 886 132 85 drone
377 1 1217 889 133 86 drone
378 1 1200 893 132 85 drone
379 1 1183 896 130 85 drone
380 1 1166 900 129 84 drone
381 1 1149 903 128 83 drone
382 1 1133 907 126 82 drone
383 1 1116 910 125 81 drone
384 1 1099 914 124 80 drone
385 1 1088 916 121 79 drone
386 1 1076 919 118 77 drone
387 1 1065 922 114 75 drone
388 1 1054 925 111 73 drone
389 1 1043 927 108 72 drone
390 1 1031 930 105 70 drone
391 1 1020 933 102 68 drone
392 1 1009 936 99 66 drone
393 1 998 938 96 65 drone
394 1 991 940 94 63 drone
395 1 985 942 91 61 drone
396 1 979 944 89 59 drone
397 1 973 946 87 57 drone
398 1 966 947 85 55 drone
399 1 960 949 83 53 drone
400 1 954 951 81 51 drone
401 1 948 953 79 48 drone
402 1 948 953 79 48 drone
403 1 944 953 79 48 drone
404 1 939 953 79 48 drone
405 1 941 950 69 47 drone
406 1 941 950 69 47 drone
407 1 941 950 69 47 drone
408 1 941 950 69 47 drone
409 1 941 950 69 47 drone
410 1 947 951 64 46 drone
411 1 952 951 60 44 drone
412 1 957 952 56 42 drone
413 1 962 952 52 41 drone
414 1 967 952 53 40 drone
415 1 971 951 54 40 drone
416 1 975 950 56 40 drone
417 1 980 950 57 40 drone
418 1 984 949 58 40 drone
419 1 988 948 59 40 drone
420 1 996 948 57 39 drone
421 1 1004 948 55 37 drone
422 1 1012 948 53 36 drone
423 1 1020 948 51 35 drone
424 1 1027 947 49 34 drone
425 1 1035 947 47 33 drone
426 1 1043 947 44 32 drone
427 1 1051 946 43 31 drone
428 1 1060 945 42 31 drone
429 1 1068 945 41 30 drone
430 1 1076 944 40 29 drone
431 1 1085 943 38 29 drone
432 1 1093 942 37 28 drone
433 1 1101 941 36 27 drone
434 1 1110 941 36 27 drone
435 1 1118 940 36 27 drone
436 1 1127 940 36 27 drone
437 1 1135 939 35 26 drone
438 1 1144 938 35 26 drone
439 1 1152 938 35 26 drone
440 1 1160 937 35 26 drone
441 1 1169 937 35 25 drone
442 1 1177 936 35 25 drone
443 1 1186 936 35 25 drone
444 1 1194 935 35 25 drone
445 1 1203 934 34 24 drone
446 1 1211 934 34 24 drone
447 1 1217 933 35 24 drone
448 1 1224 933 35 24 drone
449 1 1230 932 35 23 drone
450 1 1236 932 36 23 drone
451 1 1243 932 36 23 drone
452 1 1249 931 36 22 drone
453 1 1256 931 37 22 drone
454 1 1262 930 37 22 drone
455 1 1268 930 37 22 drone
456 1 1272 929 36 21 drone
457 1 1281 928 36 21 drone
458 1 1285 928 35 21 drone
459 1 1291 928 34 21 drone
460 1 1295 927 33 21 drone
461 1 1299 926 32 21 drone
462 1 1303 925 31 20 drone
463 1 1306 924 30 20 drone
464 1 1311 925 30 20 drone
465 1 1311 924 29 20 drone
466 1 1316 923 28 20 drone
467 1 1321 922 27 20 drone
468 1 1321 921 26 19 drone
469 1 1323 921 25 19 drone
470 1 1326 920 24 19 drone
471 1 1326 920 25 19 drone
472 1 1327 920 25 20 drone
473 1 1328 919 25 20 drone
474 1 1330 919 25 20 drone
475 1 1331 919 25 20 drone
476 1 1330 919 25 20 drone
477 1 1330 919 25 20 drone
478 1 1330 919 25 19 drone
479 1 1329 919 24 19 drone
480 1 1329 919 24 19 drone
481 1 1328 918 24 19 drone
482 1 1326 918 24 19 drone
483 1 1324 918 24 18 drone
484 1 1322 918 23 18 drone
485 1 1320 918 23 18 drone
486 1 1318 918 23 18 drone
487 1 1316 918 22 17 drone
488 1 1314 918 22 17 drone
489 1 1312 917 22 17 drone
490 1 1309 917 22 17 drone
491 1 1306 917 22 17 drone
492 1 1303 916 21 17 drone
493 1 1300 916 21 17 drone
494 1 1297 916 21 17 drone
495 1 1294 916 21 17 drone
496 1 1291 915 20 17 drone
497 1 1287 915 20 17 drone
498 1 1283 915 20 16 drone
499 1 1279 915 20 16 drone
500 1 1275 915 20 16 drone
501 1 1271 915 20 16 drone
502 1 1267 915 20 16 drone
503 1 1262 914 20 16 drone
504 1 1258 914 20 16 drone
505 1 1254 914 20 17 drone
506 1 1250 914 20 17 drone
507 1 1245 915 20 16 drone
508 1 1240 915 20 16 drone
509 1 1235 915 20 16 drone
510 1 1230 915 20 15 drone
511 1 1226 915 20 15 drone
512 1 1221 915 20 15 drone
513 1 1216 915 19 14 drone
514 1 1211 915 19 14 drone
515 1 1206 915 19 14 drone
516 1 1201 915 19 14 drone
517 1 1196 915 19 13 drone
518 1 1191 915 19 13 drone
519 1 1186 915 19 13 drone
520 1 1181 915 19 13 drone
521 1 1176 915 18 13 drone
522 1 1171 915 18 13 drone
523 1 1167 915 18 13 drone
524 1 1162 915 18 13 drone
525 1 1157 915 18 13 drone
526 1 1151 915 18 13 drone
527 1 1146 915 18 14 drone
528 1 1141 915 18 14 drone
529 1 1135 914 18 14 drone
530 1 1130 914 19 15 drone
531 1 1125 914 19 15 drone
532 1 1120 914 19 15 drone
533 1 1115 914 19 15 drone
534 1 1110 914 19 15 drone
535 1 1105 914 19 15 drone
536 1 1100 914 19 15 drone
537 1 1095 914 19 16 drone
538 1 1091 914 19 15 drone
539 1 1086 914 19 15 drone
540 1 1081 914 19 15 drone
541 1 1076 914 19 15 drone
542 1 1072 914 19 15 drone
543 1 1067 914 19 15 drone
544 1 1062 914 19 15 drone
545 1 1057 915 19 15 drone
546 1 1053 915 19 15 drone
547 1 1048 915 19 15 drone
548 1 1044 915 19 15 drone
549 1 1040 915 19 15 drone
550 1 1035 915 19 15 drone
551 1 1031 915 19 15 drone
552 1 1027 915 19 16 drone
553 1 1022 915 19 16 drone
554 1 1018 915 19 16 drone
555 1 1014 915 19 16 drone
556 1 1010 915 19 16 drone
557 1 1005 916 20 16 drone
558 1 1001 916 20 16 drone
559 1 997 916 20 16 drone
560 1 993 916 20 16 drone
561 1 988 917 20 15 drone
562 1 984 917 20 15 drone
563 1 980 917 20 15 drone
564 1 976 917 19 15 drone
565 1 972 917 19 15 drone
566 1 968 917 19 14 drone
567 1 964 917 19 14 drone
568 1 961 918 18 14 drone
569 1 957 918 18 14 drone
570 1 953 918 18 13 drone
571 1 949 918 17 13 drone
572 1 945 918 17 13 drone
573 1 942 918 17 13 drone
574 1 939 918 17 13 drone
575 1 935 918 17 14 drone
576 1 932 918 17 14 drone
577 1 929 918 17 14 drone
578 1 925 918 17 15 drone
579 1 922 918 18 15 drone
580 1 920 918 18 15 drone
581 1 917 918 18 15 drone
582 1 915 918 18 15 drone
583 1 913 917 19 15 drone
584 1 911 917 19 15 drone
585 1 909 917 19 15 drone
586 1 907 917 19 15 drone
587 1 904 917 20 16 drone
588 1 902 917 20 16 drone
589 1 900 917 20 16 drone
590 1 898 917 21 16 drone
591 1 896 917 21 16 drone
592 1 895 917 21 16 drone
593 1 895 917 21 16 drone
594 1 895 917 20 16 drone
595 1 895 917 20 17 drone
596 1 895 916 21 17 drone
597 1 895 915 21 18 drone
598 1 896 915 22 19 drone
599 1 896 914 22 20 drone
600 1 896 914 23 20 drone
601 1 897 913 23 20 drone
602 1 898 913 23 20 drone
603 1 899 913 23 20 drone
604 1 902 913 22 20 drone
605 1 905 913 22 20 drone
606 1 908 913 21 19 drone
607 1 911 913 20 19 drone
608 1 914 913 20 19 drone
609 1 918 914 20 19 drone
610 1 921 914 21 19 drone
611 1 924 914 22 19 drone
612 1 927 914 23 20 drone
613 1 932 914 23 20 drone
614 1 937 914 24 20 drone
615 1 942 914 25 21 drone
616 1 946 914 26 21 drone
617 1 951 914 26 21 drone
618 1 956 913 27 21 drone
619 1 961 913 28 22 drone
620 1 965 913 29 22 drone
621 1 973 913 29 22 drone
622 1 981 913 28 22 drone
623 1 989 913 28 22 drone
624 1 997 913 28 22 drone
625 1 1005 913 28 22 drone
626 1 1013 913 28 22 drone
627 1 1021 913 28 22 drone
628 1 1029 913 28 22 drone
629 1 1039 912 29 22 drone
630 1 1049 912 30 22 drone
631 1 1060 912 31 22 drone
632 1 1070 912 32 22 drone
633 1 1080 912 33 22 drone
634 1 1091 912 33 23 drone
635 1 1105 911 34 23 drone
636 1 1120 910 35 24 drone
637 1 1134 908 35 25 drone
638 1 1149 907 36 26 drone
639 1 1163 906 36 27 drone
640 1 1178 905 37 27 drone
641 1 1196 903 38 28 drone
642 1 1215 901 39 28 drone
643 1 1233 900 40 29 drone
644 1 1252 898 41 30 drone
645 1 1270 896 43 30 drone
646 1 1289 894 44 31 drone
647 1 1312 891 46 31 drone
648 1 1335 888 48 31 drone
649 1 1358 885 49 32 drone
650 1 1382 883 51 32 drone
651 1 1405 880 53 32 drone
652 1 1428 877 55 33 drone
653 1 1455 870 58 34 drone
654 1 1481 864 61 36 drone
655 1 1508 858 63 37 drone
656 1 1535 852 66 39 drone
657 1 1566 841 67 40 drone
658 1 1597 831 67 41 drone
659 1 1628 821 68 43 drone
660 1 1660 810 69 44 drone
661 1 1695 797 64 44 drone
662 1 1724 783 64 44 drone
663 1 1761 763 67 50 drone
664 1 1790 745 67 50 drone
665 1 1823 726 67 50 drone
666 1 1858 698 62 56 drone
667 1 1890 693 31 48 drone
668 0
669 0
670 0
671 0
672 0
673 0
674 0
675 0
676 0
677 0
678 0
679 0
680 0
681 0
682 0
683 0
684 0
685 0
