0 0
1 0
2 0
3 0
4 0
5 0
6 0
7 0
8 0
9 0
10 0
11 0
12 0
13 0
14 0
15 0
16 0
17 0
18 0
19 0
20 0
21 0
22 0
23 0
24 0
25 0
26 0
27 0
28 0
29 0
30 0
31 0
32 0
33 0
34 0
35 0
36 0
37 0
38 0
39 0
40 0
41 0
42 1 0 633 18 40 drone
43 1 1 638 35 38 drone
44 1 4 645 44 36 drone
45 1 17 652 43 39 drone
46 1 29 659 41 35 drone
47 1 41 665 41 35 drone
48 1 53 670 41 34 drone
49 1 65 676 41 34 drone
50 1 78 682 41 34 drone
51 1 90 687 41 33 drone
52 1 102 693 41 33 drone
53 1 114 699 41 32 drone
54 1 126 704 41 32 drone
55 1 139 710 41 31 drone
56 1 151 716 41 31 drone
57 1 162 719 40 30 drone
58 1 172 723 39 30 drone
59 1 183 726 38 30 drone
60 1 193 729 37 30 drone
61 1 204 733 36 29 drone
62 1 215 736 35 29 drone
63 1 225 740 34 29 drone
64 1 236 743 33 28 drone
65 1 247 747 32 28 drone
66 1 256 749 31 28 drone
67 1 265 752 31 27 drone
68 1 274 755 30 27 drone
69 1 283 758 30 26 drone
70 1 292 761 29 26 drone
71 1 301 763 29 25 drone
72 1 310 766 28 25 drone
73 1 319 769 27 24 drone
74 1 328 772 27 24 drone
75 1 337 775 26 23 drone
76 1 345 777 26 23 drone
77 1 353 778 26 22 drone
78 1 362 780 25 22 drone
79 1 370 782 25 21 drone
80 1 379 784 25 20 drone
81 1 387 786 24 20 drone
82 1 396 788 24 19 drone
83 1 404 790 24 19 drone
84 1 413 791 23 18 drone
85 1 420 793 23 18 drone
86 1 428 794 23 18 drone
87 1 436 795 23 18 drone
88 1 444 796 23 18 drone
89 1 452 798 23 18 drone
90 1 460 799 23 18 drone
91 1 468 800 23 18 drone
92 1 476 802 23 18 drone
93 1 483 803 22 18 drone
94 1 491 804 22 17 drone
95 1 498 805 21 17 drone
96 1 506 807 21 17 drone
97 1 514 808 21 17 drone
98 1 521 809 20 16 drone
99 1 529 811 20 16 drone
100 1 537 812 19 16 drone
101 1 544 813 19 16 drone
102 1 552 815 18 16 drone
103 1 560 816 18 15 drone
104 1 567 818 18 15 drone
105 1 574 819 18 15 drone
106 1 581 820 18 15 drone
107 1 588 821 18 15 drone
108 1 595 823 18 15 drone
109 1 603 824 18 15 drone
110 1 610 825 18 15 drone
111 1 617 827 17 15 drone
112 1 624 828 17 15 drone
113 1 630 830 17 15 drone
114 1 637 831 17 14 drone
115 1 644 833 17 14 drone
116 1 651 834 17 14 drone
117 1 658 835 17 13 drone
118 1 664 837 16 13 drone
119 1 671 838 16 13 drone
120 1 678 840 16 13 drone
121 1 685 841 16 12 drone
122 1 691 842 16 12 drone
123 1 697 843 16 12 drone
124 1 703 845 16 12 drone
125 1 709 846 17 12 drone
126 1 715 847 17 12 drone
127 1 720 848 17 12 drone
128 1 726 849 17 12 drone
129 1 732 850 17 12 drone
130 1 738 851 18 12 drone
131 1 744 853 18 12 drone
132 1 750 853 17 11 drone
133 1 755 854 17 11 drone
134 1 761 855 16 11 drone
135 1 766 855 16 11 drone
136 1 772 856 16 11 drone
137 1 777 857 15 11 drone
138 1 783 857 15 11 drone
139 1 788 858 14 10 drone
140 1 792 858 15 10 drone
141 1 796 858 15 10 drone
142 1 800 858 15 10 drone
143 1 804 858 15 11 drone
144 1 808 858 15 11 drone
145 1 812 858 15 11 drone
146 1 816 858 15 11 drone
147 1 818 858 15 11 drone
148 1 821 858 15 11 drone
149 1 823 858 15 11 drone
150 1 826 858 15 11 drone
151 1 829 858 15 11 drone
152 1 831 858 15 11 drone
153 1 834 858 15 11 drone
154 1 835 858 16 11 drone
155 1 836 858 16 11 drone
156 1 837 857 16 11 drone
157 1 838 857 16 11 drone
158 1 839 857 16 12 drone
159 1 840 857 16 12 drone
160 1 841 856 16 12 drone
161 1 843 856 16 12 drone
162 1 844 856 16 12 drone
163 1 844 855 16 12 drone
164 1 844 855 16 12 drone
165 1 844 854 15 12 drone
166 1 844 854 15 12 drone
167 1 844 853 15 12 drone
168 1 844 853 14 12 drone
169 1 843 852 14 12 drone
170 1 843 851 14 12 drone
171 1 842 850 14 12 drone
172 1 841 850 14 12 drone
173 1 841 849 14 11 drone
174 1 840 848 14 11 drone
175 1 839 847 14 11 drone
176 1 839 846 14 11 drone
177 1 837 846 14 11 drone
178 1 836 845 14 11 drone
179 1 835 844 14 11 drone
180 1 834 844 14 11 drone
181 1 832 843 14 11 drone
182 1 831 842 13 10 drone
183 1 830 841 13 10 drone
184 1 829 841 13 10 drone
185 1 827 840 13 10 drone
186 1 826 839 13 10 drone
187 1 825 838 13 10 drone
188 1 823 838 13 10 drone
189 1 821 837 13 10 drone
190 1 819 837 13 10 drone
191 1 816 836 13 10 drone
192 1 814 835 13 10 drone
193 1 812 835 13 10 drone
194 1 810 834 13 10 drone
195 1 808 833 13 10 drone
196 1 806 833 13 10 drone
197 1 804 832 13 10 drone
198 1 801 831 13 10 drone
199 1 799 831 13 10 drone
200 1 797 830 12 10 drone
201 1 794 829 12 10 drone
202 1 792 829 12 10 drone
203 1 789 828 12 10 drone
204 1 787 827 12 10 drone
205 1 785 827 12 10 drone
206 1 782 826 12 10 drone
207 1 779 826 12 10 drone
208 1 776 825 12 10 drone
209 1 773 825 12 10 drone
210 1 770 824 12 10 drone
211 1 767 824 13 9 drone
212 1 764 823 13 9 drone
213 1 761 823 13 9 drone
214 1 758 822 13 9 drone
215 1 755 822 13 9 drone
216 1 752 821 13 9 drone
217 1 749 820 13 9 drone
218 1 746 820 13 9 drone
219 1 742 819 13 9 drone
220 1 739 818 12 9 drone
221 1 736 818 12 9 drone
222 1 733 817 12 9 drone
223 1 730 816 12 9 drone
224 1 726 816 12 9 drone
225 1 723 815 12 9 drone
226 1 719 814 12 9 drone
227 1 715 813 11 9 drone
228 1 712 813 11 9 drone
229 1 708 812 11 9 drone
230 1 705 811 11 9 drone
231 1 701 810 10 9 drone
232 1 697 810 10 9 drone
233 1 694 809 10 9 drone
234 1 690 808 10 9 drone
235 1 686 807 10 9 drone
236 1 682 807 10 9 drone
237 1 678 806 10 9 drone
238 1 674 805 10 9 drone
239 1 671 804 10 9 drone
240 1 667 803 10 9 drone
241 1 663 803 10 9 drone
242 1 659 802 10 9 drone
243 1 655 801 10 9 drone
244 1 652 800 10 9 drone
245 1 648 799 10 9 drone
246 1 644 798 11 9 drone
247 1 641 797 11 9 drone
248 1 637 796 11 9 drone
249 1 634 795 11 9 drone
250 1 630 794 11 9 drone
251 1 627 793 11 9 drone
252 1 623 792 11 9 drone
253 1 620 791 11 9 drone
254 1 617 790 11 9 drone
255 1 613 789 11 9 drone
256 1 610 788 11 9 drone
257 1 607 787 11 9 drone
258 1 604 786 12 9 drone
259 1 601 785 12 9 drone
260 1 598 784 12 9 drone
261 1 595 783 12 9 drone
262 1 593 782 12 9 drone
263 1 590 781 12 9 drone
264 1 588 780 12 9 drone
265 1 585 779 12 9 drone
266 1 583 779 12 9 drone
267 1 581 778 12 9 drone
268 1 578 777 12 9 drone
269 1 576 776 12 9 drone
270 1 573 775 12 10 drone
271 1 571 775 12 10 drone
272 1 569 774 12 10 drone
273 1 567 773 12 10 drone
274 1 565 772 12 9 drone
275 1 563 772 12 9 drone
276 1 561 771 12 9 drone
277 1 559 771 12 9 drone
278 1 557 770 11 9 drone
279 1 556 769 11 9 drone
280 1 554 769 11 9 drone
281 1 552 768 11 9 drone
282 1 551 768 11 9 drone
283 1 550 768 11 9 drone
284 1 548 767 11 9 drone
285 1 547 767 11 9 drone
286 1 546 766 11 9 drone
287 1 544 766 11 10 drone
288 1 543 765 11 10 drone
289 1 542 765 11 10 drone
290 1 540 765 11 10 drone
291 1 539 764 11 10 drone
292 1 539 764 11 10 drone
293 1 538 763 11 10 drone
294 1 537 763 11 10 drone
295 1 536 762 11 10 drone
296 1 535 762 11 10 drone
297 1 535 761 11 10 drone
298 1 534 761 11 10 drone
299 1 534 760 11 10 drone
300 1 533 760 11 10 drone
301 1 533 760 12 10 drone
302 1 533 759 12 10 drone
303 1 533 759 12 10 drone
304 1 533 759 12 10 drone
305 1 533 758 12 11 drone
306 1 534 758 12 10 drone
307 1 535 758 12 10 drone
308 1 535 758 12 10 drone
309 1 536 758 11 10 drone
310 1 537 758 11 10 drone
311 1 538 758 11 10 drone
312 1 539 758 11 10 drone
313 1 540 758 10 10 drone
314 1 542 758 10 10 drone
315 1 543 758 10 10 drone
316 1 545 758 10 10 drone
317 1 546 758 10 10 drone
318 1 548 758 10 10 drone
319 1 549 758 11 10 drone
320 1 551 758 11 10 drone
321 1 553 758 11 10 drone
322 1 556 758 11 10 drone
323 1 559 758 11 11 drone
324 1 561 758 11 11 drone
325 1 564 758 11 11 drone
326 1 567 758 11 11 drone
327 1 569 758 12 11 drone
328 1 572 758 12 11 drone
329 1 575 758 12 11 drone
330 1 577 758 12 11 drone
331 1 581 759 12 11 drone
332 1 584 759 12 11 drone
333 1 587 759 13 11 drone
334 1 591 760 13 12 drone
335 1 594 760 13 12 drone
336 1 598 760 13 12 drone
337 1 602 761 13 12 drone
338 1 606 761 13 11 drone
339 1 610 762 13 11 drone
340 1 614 762 14 11 drone
341 1 619 763 14 11 drone
342 1 623 763 14 11 drone
343 1 627 763 14 11 drone
344 1 631 764 14 10 drone
345 1 636 764 14 10 drone
346 1 640 765 14 10 drone
347 1 645 765 14 11 drone
348 1 650 765 14 11 drone
349 1 654 766 15 11 drone
350 1 659 766 15 11 drone
351 1 663 766 15 11 drone
352 1 668 767 15 11 drone
353 1 672 767 15 11 drone
354 1 677 767 16 11 drone
355 1 682 768 16 11 drone
356 1 686 767 16 11 drone
357 1 690 767 16 11 drone
358 1 694 767 16 11 drone
359 1 698 767 16 11 drone
360 1 703 767 16 11 drone
361 1 707 767 16 11 drone
362 1 711 766 16 11 drone
363 1 715 766 17 11 drone
364 1 719 765 17 12 drone
365 1 722 765 17 12 drone
366 1 726 764 17 12 drone
367 1 730 763 17 12 drone
368 1 733 762 17 12 drone
369 1 737 761 17 12 drone
370 1 741 760 18 13 drone
371 1 744 760 18 13 drone
372 1 747 758 18 13 drone
373 1 749 757 18 13 drone
374 1 752 756 18 13 drone
375 1 754 754 18 13 drone
376 1 757 753 18 13 drone
377 1 759 752 18 13 drone
378 1 762 751 18 13 drone
379 1 763 748 18 14 drone
380 1 763 746 18 14 drone
381 1 764 744 18 14 drone
382 1 765 742 18 15 drone
383 1 766 740 18 15 drone
384 1 767 738 18 15 drone
385 1 767 736 18 16 drone
386 1 768 734 18 16 drone
387 1 769 731 18 16 drone
388 1 770 729 18 17 drone
389 1 768 727 18 17 drone
390 1 767 725 19 17 drone
391 1 765 723 19 16 drone
392 1 764 721 19 16 drone
393 1 763 719 19 16 drone
394 1 761 716 20 16 drone
395 1 760 714 20 16 drone
396 1 758 712 20 16 drone
397 1 757 710 20 16 drone
398 1 754 707 20 16 drone
399 1 751 705 20 17 drone
400 1 748 702 19 17 drone
401 1 745 699 19 18 drone
402 1 742 697 18 18 drone
403 1 739 694 18 18 drone
404 1 736 692 18 19 drone
405 1 733 689 17 19 drone
406 1 730 686 17 20 drone
407 1 725 685 17 19 drone
408 1 720 683 17 18 drone
409 1 715 681 18 18 drone
410 1 710 679 18 17 drone
411 1 705 678 18 17 drone
412 1 700 676 18 16 drone
413 1 694 674 19 16 drone
414 1 688 673 19 17 drone
415 1 682 671 20 17 drone
416 1 676 670 20 17 drone
417 1 670 668 21 17 drone
418 1 664 666 22 17 drone
419 1 658 665 22 18 drone
420 1 652 663 23 18 drone
421 1 646 662 23 18 drone
422 1 639 661 23 18 drone
423 1 633 660 23 18 drone
424 1 627 659 24 18 drone
425 1 621 657 24 18 drone
426 1 614 656 24 18 drone
427 1 608 655 24 18 drone
428 1 602 654 25 18 drone
429 1 597 653 24 19 drone
430 1 591 652 24 19 drone
431 1 586 650 23 20 drone
432 1 581 649 23 20 drone
433 1 575 648 23 21 drone
434 1 570 647 22 21 drone
435 1 565 645 22 22 drone
436 1 560 644 22 22 drone
437 1 554 643 21 23 drone
438 1 550 643 22 22 drone
439 1 547 643 22 22 drone
440 1 543 643 23 21 drone
441 1 539 643 23 21 drone
442 1 535 643 23 20 drone
443 1 531 644 24 20 drone
444 1 527 644 24 19 drone
445 1 523 644 25 19 drone
446 1 519 644 25 18 drone
447 1 515 644 25 18 drone
448 1 512 644 25 18 drone
449 1 508 644 25 18 drone
450 1 505 644 25 17 drone
451 1 501 643 25 17 drone
452 1 498 643 25 17 drone
453 1 494 643 25 17 drone
454 1 491 643 25 17 drone
455 1 487 643 25 17 drone
456 1 484 643 25 17 drone
457 1 480 643 25 17 drone
458 1 476 643 25 17 drone
459 1 471 643 25 17 drone
460 1 467 643 25 17 drone
461 1 463 643 25 17 drone
462 1 458 643 25 17 drone
463 1 454 643 25 17 drone
464 1 449 643 25 17 drone
465 1 445 643 25 17 drone
466 1 441 643 25 17 drone
467 1 436 643 25 17 drone
468 1 432 643 25 17 drone
469 1 427 642 25 17 drone
470 1 423 642 25 17 drone
471 1 418 642 25 17 drone
472 1 414 641 26 17 drone
473 1 409 641 26 18 drone
474 1 405 641 26 18 drone
475 1 401 640 26 18 drone
476 1 396 640 26 18 drone
477 1 392 640 26 18 drone
478 1 387 639 26 18 drone
479 1 382 638 26 19 drone
480 1 377 638 26 19 drone
481 1 373 637 26 19 drone
482 1 368 636 26 19 drone
483 1 363 635 26 19 drone
484 1 358 634 26 19 drone
485 1 353 634 26 19 drone
486 1 348 633 26 19 drone
487 1 343 632 26 19 drone
488 1 338 631 26 19 drone
489 1 333 630 26 20 drone
490 1 329 629 26 20 drone
491 1 324 629 26 20 drone
492 1 319 628 26 20 drone
493 1 313 626 26 20 drone
494 1 308 624 26 20 drone
495 1 303 622 26 20 drone
496 1 298 620 26 20 drone
497 1 292 619 26 21 drone
498 1 287 617 26 21 drone
499 1 282 615 26 21 drone
500 1 276 613 26 21 drone
501 1 271 611 26 21 drone
502 1 266 609 26 21 drone
503 1 260 607 26 21 drone
504 1 255 606 26 22 drone
505 1 250 604 26 22 drone
506 1 244 600 27 22 drone
507 1 239 597 28 23 drone
508 1 234 594 29 24 drone
509 1 228 591 30 24 drone
510 1 223 588 31 25 drone
511 1 218 584 32 25 drone
512 1 213 581 33 26 drone
513 1 207 578 34 27 drone
514 1 202 575 34 27 drone
515 1 197 571 35 28 drone
516 1 191 566 36 29 drone
517 1 186 561 36 30 drone
518 1 181 556 36 31 drone
519 1 176 551 37 32 drone
520 1 170 546 37 33 drone
521 1 165 541 37 34 drone
522 1 160 535 38 35 drone
523 1 155 530 38 36 drone
524 1 149 525 38 37 drone
525 1 144 520 39 38 drone
526 1 139 515 39 39 drone
527 1 135 510 39 40 drone
528 1 130 505 39 41 drone
529 1 125 500 40 42 drone
530 1 120 495 40 43 drone
531 1 116 490 40 44 drone
532 1 111 485 40 45 drone
533 1 106 480 40 46 drone
534 1 101 474 41 47 drone
535 1 97 469 41 48 drone
536 1 92 464 41 49 drone
537 1 89 463 41 48 drone
538 1 87 461 40 48 drone
539 1 84 459 40 47 drone
540 1 81 457 40 47 drone
541 1 79 455 39 46 drone
542 1 76 454 39 46 drone
543 1 74 452 39 45 drone
544 1 71 450 38 45 drone
545 1 69 452 39 44 drone
546 1 67 454 39 44 drone
547 1 65 455 40 44 drone
548 1 63 457 40 43 drone
549 1 61 459 41 43 drone
550 1 59 461 41 43 drone
551 1 57 463 42 42 drone
552 1 55 464 42 42 drone
553 1 53 466 43 42 drone
554 1 51 468 43 41 drone
555 1 49 470 44 41 drone
556 1 47 473 44 40 drone
557 1 45 477 44 39 drone
558 1 43 480 44 38 drone
559 1 41 484 44 37 drone
560 1 39 488 43 36 drone
561 1 38 491 43 34 drone
562 1 36 495 43 33 drone
563 1 34 498 43 32 drone
564 1 32 502 43 31 drone
565 1 30 505 43 30 drone
566 1 28 507 42 30 drone
567 1 25 508 41 30 drone
568 1 23 510 40 29 drone
569 1 21 511 39 29 drone
570 1 19 513 38 29 drone
571 1 16 514 37 29 drone
572 1 13 514 37 29 drone
573 1 10 515 37 29 drone
574 1 4 513 43 31 drone
575 1 1 512 43 32 drone
576 1 0 512 39 34 drone
577 1 0 512 32 35 drone
578 1 0 512 30 34 drone
579 1 0 518 29 27 drone
580 1 0 517 24 28 drone
581 1 0 517 15 28 drone
582 0
583 0
584 0
585 0
586 0
587 0
588 0
589 0
590 0
591 0
592 0
593 0
594 0
595 0
596 0
597 0
598 0
599 0
600 0
