0 1 231 242 30 14 drone
1 1 233 243 30 14 drone
2 1 232 243 31 14 drone
3 1 232 244 30 14 drone
4 1 231 244 30 14 drone
5 1 231 244 30 14 drone
6 1 230 245 30 14 drone
7 1 230 245 30 14 drone
8 1 229 246 30 14 drone
9 1 228 246 31 14 drone
10 1 228 246 31 14 drone
11 1 227 246 31 14 drone
12 1 227 247 30 14 drone
13 1 226 247 30 14 drone
14 1 225 248 30 14 drone
15 1 225 248 31 14 drone
16 1 225 248 31 14 drone
17 1 224 249 31 14 drone
18 1 223 249 30 14 drone
19 1 223 249 30 14 drone
20 1 222 249 31 15 drone
21 1 222 250 30 14 drone
22 1 221 250 31 14 drone
23 1 221 250 31 14 drone
24 1 220 251 30 14 drone
25 1 221 251 30 14 drone
26 1 222 252 30 14 drone
27 1 221 252 30 14 drone
28 1 222 252 31 14 drone
29 1 224 253 30 14 drone
30 1 226 253 30 14 drone
31 1 231 253 29 14 drone
32 1 246 254 29 14 drone
33 1 267 254 29 13 drone
34 1 286 253 28 13 drone
35 1 300 253 28 13 drone
36 1 311 253 28 13 drone
37 1 320 253 30 14 drone
38 1 329 253 29 14 drone
39 1 336 254 30 14 drone
40 1 344 254 29 13 drone
41 1 352 254 29 14 drone
42 1 360 253 29 14 drone
43 1 367 254 29 14 drone
44 1 375 254 29 14 drone
45 1 382 254 29 14 drone
46 1 388 254 29 14 drone
47 1 395 254 29 14 drone
48 1 402 254 29 14 drone
49 1 409 254 30 14 drone
50 1 417 254 29 14 drone
51 1 424 255 29 14 drone
52 1 430 255 30 14 drone
53 1 437 255 31 14 drone
54 1 444 255 30 14 drone
55 1 451 255 29 14 drone
56 1 457 255 30 14 drone
57 1 465 255 30 14 drone
58 1 472 255 30 14 drone
59 1 479 255 30 14 drone
60 1 483 255 30 14 drone
61 1 484 255 30 14 drone
62 1 484 255 30 14 drone
63 1 485 256 30 14 drone
64 1 485 256 30 14 drone
65 1 485 257 30 14 drone
66 1 485 257 31 14 drone
67 1 484 257 30 14 drone
68 1 484 258 30 14 drone
69 1 484 258 30 14 drone
70 1 483 258 30 14 drone
71 1 483 259 30 14 drone
72 1 483 259 30 14 drone
73 1 482 260 30 14 drone
74 1 482 260 29 14 drone
75 1 481 260 31 14 drone
76 1 480 260 30 14 drone
77 1 480 261 30 14 drone
78 1 480 261 30 14 drone
79 1 479 261 30 14 drone
80 1 478 262 30 14 drone
81 1 478 262 30 14 drone
82 1 477 262 30 14 drone
83 1 477 263 30 14 drone
84 1 476 263 30 14 drone
85 1 476 264 30 14 drone
86 1 475 264 29 14 drone
87 1 475 264 30 14 drone
88 1 474 264 29 14 drone
89 1 474 265 29 14 drone
90 1 473 265 30 14 drone
91 1 473 265 30 14 drone
92 1 472 266 30 14 drone
93 1 471 266 30 14 drone
94 1 471 266 29 14 drone
95 1 470 266 29 14 drone
96 1 470 267 30 14 drone
97 1 470 267 29 13 drone
98 1 469 267 29 14 drone
99 1 469 268 29 14 drone
100 1 468 268 28 13 drone
101 1 468 268 29 14 drone
102 1 467 268 29 14 drone
103 1 467 269 29 13 drone
104 1 466 269 29 14 drone
105 1 465 270 29 14 drone
106 1 465 270 29 14 drone
107 1 464 270 29 14 drone
108 1 464 271 29 14 drone
109 1 463 271 29 14 drone
110 1 462 271 29 14 drone
111 1 462 272 29 13 drone
112 1 463 272 28 13 drone
113 1 461 272 29 14 drone
114 1 461 272 29 14 drone
115 1 460 273 29 14 drone
116 1 460 273 29 14 drone
117 1 459 273 29 14 drone
118 1 458 274 29 14 drone
119 1 458 274 29 14 drone
120 1 457 274 29 14 drone
121 1 457 274 29 14 drone
122 1 457 275 29 14 drone
123 1 456 275 29 13 drone
124 1 455 275 29 14 drone
125 1 455 276 29 14 drone
126 1 454 276 29 13 drone
127 1 454 276 29 14 drone
128 1 453 277 29 14 drone
129 1 453 277 28 13 drone
130 1 452 277 29 14 drone
131 1 452 277 29 14 drone
132 1 452 278 29 14 drone
133 1 451 278 29 14 drone
134 1 451 279 28 13 drone
135 1 450 279 29 13 drone
136 1 449 279 29 14 drone
137 1 449 280 29 14 drone
138 1 449 280 28 13 drone
139 1 448 280 29 14 drone
140 1 448 280 28 13 drone
141 1 447 281 28 13 drone
142 1 446 281 29 14 drone
143 1 446 281 29 13 drone
144 1 445 281 29 13 drone
145 1 445 282 29 14 drone
146 1 444 282 29 14 drone
147 1 443 282 29 14 drone
148 1 443 282 29 14 drone
149 1 443 283 29 13 drone
150 1 442 283 29 13 drone
151 1 442 283 29 13 drone
152 1 441 284 29 13 drone
153 1 441 284 29 14 drone
154 1 441 285 29 13 drone
155 1 440 285 29 14 drone
156 1 439 285 29 13 drone
157 1 439 285 28 13 drone
158 1 439 286 28 13 drone
159 1 438 286 29 13 drone
160 1 437 286 29 13 drone
161 1 437 286 29 14 drone
162 1 437 287 28 13 drone
163 1 436 287 29 13 drone
164 1 435 287 29 13 drone
165 1 435 288 28 13 drone
166 1 435 288 28 13 drone
167 1 434 288 28 13 drone
168 1 433 289 29 13 drone
169 1 433 289 28 13 drone
170 1 432 289 29 13 drone
171 1 432 289 29 13 drone
172 1 432 290 28 13 drone
173 1 431 290 28 13 drone
174 1 431 290 28 13 drone
175 1 430 291 28 13 drone
176 1 430 291 28 13 drone
177 1 429 291 28 13 drone
178 1 428 291 29 13 drone
179 1 428 292 28 13 drone
180 1 428 292 28 13 drone
181 1 427 292 28 13 drone
182 1 427 293 28 13 drone
183 1 426 293 28 13 drone
184 1 426 293 28 13 drone
185 1 425 293 28 13 drone
186 1 425 293 29 13 drone
187 1 424 294 28 13 drone
188 1 424 294 28 13 drone
189 1 424 295 27 13 drone
190 1 423 295 28 13 drone
191 1 423 295 27 13 drone
192 1 422 296 28 13 drone
193 1 421 296 28 13 drone
194 1 421 296 28 13 drone
195 1 420 296 28 13 drone
196 1 420 297 28 13 drone
197 1 419 297 28 13 drone
198 1 419 297 28 13 drone
199 1 419 298 27 13 drone
200 1 418 298 27 13 drone
201 1 417 298 28 13 drone
202 1 417 299 28 13 drone
203 1 416 299 28 13 drone
204 1 416 299 27 13 drone
205 1 416 299 28 13 drone
206 1 415 300 28 13 drone
207 1 414 300 28 13 drone
208 1 414 300 28 13 drone
209 1 413 300 28 13 drone
210 1 413 301 28 13 drone
211 1 413 301 28 13 drone
212 1 412 301 28 13 drone
213 1 411 302 28 13 drone
214 1 411 302 27 13 drone
215 1 411 303 27 13 drone
216 1 410 303 28 13 drone
217 1 410 303 28 13 drone
218 1 409 303 28 13 drone
219 1 409 304 27 13 drone
220 1 408 304 27 13 drone
221 1 408 304 27 13 drone
222 1 408 305 27 13 drone
223 1 407 305 27 13 drone
224 1 407 305 27 13 drone
225 1 406 306 27 13 drone
226 1 405 306 27 13 drone
227 1 405 306 27 13 drone
228 1 405 307 27 13 drone
229 1 404 307 27 13 drone
230 1 403 307 27 13 drone
231 1 403 308 27 13 drone
232 1 403 308 27 13 drone
233 1 402 308 27 13 drone
234 1 402 309 27 13 drone
235 1 401 309 27 13 drone
236 1 401 310 27 12 drone
237 1 400 310 27 12 drone
238 1 400 310 27 13 drone
239 1 399 310 27 13 drone
240 1 399 310 27 13 drone
241 1 399 311 27 12 drone
242 1 398 311 27 13 drone
243 1 397 311 27 13 drone
244 1 397 312 27 12 drone
245 1 396 312 27 12 drone
246 1 396 313 26 12 drone
247 1 396 313 27 13 drone
248 1 395 313 27 13 drone
249 1 394 313 27 12 drone
250 1 394 314 27 13 drone
251 1 393 314 27 13 drone
252 1 393 314 27 13 drone
253 1 392 315 27 13 drone
254 1 392 315 27 12 drone
255 1 392 316 27 12 drone
256 1 391 316 27 12 drone
257 1 391 316 27 13 drone
258 1 390 316 26 12 drone
259 1 390 317 27 12 drone
260 1 389 317 27 13 drone
261 1 389 317 27 12 drone
262 1 388 317 27 13 drone
263 1 387 318 27 12 drone
264 1 387 318 26 12 drone
265 1 387 318 26 12 drone
266 1 386 319 27 13 drone
267 1 386 319 27 12 drone
268 1 385 319 26 12 drone
269 1 385 320 27 12 drone
270 1 384 320 27 13 drone
271 1 384 320 27 13 drone
272 1 383 320 27 13 drone
273 1 383 321 27 13 drone
274 1 382 321 27 13 drone
275 1 382 321 27 13 drone
276 1 381 322 27 12 drone
277 1 381 322 27 12 drone
278 1 380 322 27 12 drone
279 1 380 322 27 13 drone
280 1 380 323 26 12 drone
281 1 379 323 26 12 drone
282 1 378 323 26 12 drone
283 1 378 324 27 13 drone
284 1 377 324 27 13 drone
285 1 377 324 27 12 drone
286 1 377 324 26 12 drone
287 1 376 325 26 12 drone
288 1 375 325 26 12 drone
289 1 375 325 26 12 drone
290 1 375 326 26 12 drone
291 1 374 326 27 12 drone
292 1 374 326 26 12 drone
293 1 373 326 26 12 drone
294 1 373 327 26 12 drone
295 1 372 327 26 12 drone
296 1 371 327 27 12 drone
297 1 371 328 26 12 drone
298 1 371 328 26 12 drone
299 1 370 328 26 12 drone
300 1 370 329 26 12 drone
301 1 369 329 26 12 drone
302 1 369 329 26 12 drone
303 1 368 329 26 12 drone
304 1 368 329 26 12 drone
305 1 367 330 27 13 drone
306 1 367 330 26 12 drone
307 1 366 330 26 12 drone
308 1 366 331 26 12 drone
309 1 365 331 26 12 drone
310 1 365 331 26 12 drone
311 1 364 331 26 12 drone
312 1 363 331 27 13 drone
313 1 363 332 27 13 drone
314 1 363 332 27 12 drone
315 1 362 332 27 12 drone
316 1 362 333 26 12 drone
317 1 361 333 27 13 drone
318 1 360 333 26 12 drone
319 1 360 333 27 13 drone
320 1 360 334 27 13 drone
321 1 359 334 26 12 drone
322 1 359 334 26 12 drone
323 1 358 334 27 12 drone
324 1 358 335 26 12 drone
325 1 357 335 26 12 drone
326 1 356 335 27 13 drone
327 1 356 335 27 13 drone
328 1 356 336 26 12 drone
329 1 355 336 27 13 drone
330 1 355 336 26 12 drone
331 1 354 336 26 12 drone
332 1 354 337 26 12 drone
333 1 354 337 26 12 drone
334 1 353 337 26 12 drone
335 1 352 338 26 12 drone
336 1 352 338 26 12 drone
337 1 351 338 26 12 drone
338 1 351 339 26 12 drone
339 1 350 338 27 12 drone
340 1 350 339 26 12 drone
341 1 350 339 26 12 drone
342 1 349 339 27 12 drone
343 1 348 340 26 12 drone
344 1 348 340 27 12 drone
345 1 348 340 26 12 drone
346 1 347 340 26 12 drone
347 1 347 341 26 12 drone
348 1 346 341 26 12 drone
349 1 346 341 26 12 drone
350 1 345 341 26 12 drone
351 1 345 342 26 12 drone
352 1 344 342 26 12 drone
353 1 344 342 26 12 drone
354 1 343 342 26 12 drone
355 1 343 343 26 12 drone
356 1 342 343 26 12 drone
357 1 342 343 26 12 drone
358 1 341 343 26 12 drone
359 1 340 344 26 12 drone
360 1 340 344 26 12 drone
361 1 340 344 26 12 drone
362 1 339 344 26 12 drone
363 1 339 344 27 12 drone
364 1 338 345 26 12 drone
365 1 338 345 26 12 drone
366 1 338 345 26 12 drone
367 1 337 346 25 12 drone
368 1 336 346 26 12 drone
369 1 336 346 26 12 drone
370 1 336 347 26 12 drone
371 1 335 347 26 12 drone
372 1 335 347 26 12 drone
373 1 334 348 25 12 drone
374 1 333 348 26 12 drone
375 1 333 348 26 12 drone
376 1 332 348 26 12 drone
377 1 332 348 26 12 drone
378 1 332 349 26 12 drone
379 1 331 349 26 12 drone
380 1 331 349 26 12 drone
381 1 330 350 25 12 drone
382 1 330 349 26 12 drone
383 1 329 350 26 12 drone
384 1 329 350 26 12 drone
385 1 328 350 26 12 drone
386 1 328 351 26 12 drone
387 1 327 351 26 12 drone
388 1 327 351 25 12 drone
389 1 326 352 25 12 drone
390 1 326 352 26 12 drone
391 1 325 352 26 12 drone
392 1 325 352 26 12 drone
393 1 324 352 26 12 drone
394 1 324 353 25 12 drone
395 1 323 353 26 12 drone
396 1 323 353 26 12 drone
397 1 323 354 26 12 drone
398 1 322 354 26 12 drone
399 1 321 354 26 12 drone
400 1 321 354 25 12 drone
401 1 321 355 26 12 drone
402 1 320 355 26 12 drone
403 1 320 355 25 12 drone
404 1 319 355 26 12 drone
405 1 319 356 25 12 drone
406 1 318 356 26 12 drone
407 1 318 356 26 12 drone
408 1 317 357 25 12 drone
409 1 317 357 25 12 drone
410 1 316 357 25 12 drone
411 1 316 357 26 12 drone
412 1 315 358 26 12 drone
413 1 315 358 25 12 drone
414 1 314 358 25 12 drone
415 1 314 358 26 12 drone
416 1 313 359 26 12 drone
417 1 313 359 26 12 drone
418 1 312 359 26 12 drone
419 1 312 360 25 12 drone
420 1 312 360 25 12 drone
421 1 311 360 25 12 drone
422 1 311 360 25 12 drone
423 1 310 360 26 12 drone
424 1 309 361 26 12 drone
425 1 309 361 26 12 drone
426 1 309 361 26 12 drone
427 1 308 362 25 12 drone
428 1 307 362 26 12 drone
429 1 307 362 25 12 drone
430 1 307 362 26 12 drone
431 1 306 362 25 12 drone
432 1 306 363 25 12 drone
433 1 305 363 25 12 drone
434 1 305 363 25 12 drone
435 1 303 363 26 12 drone
436 1 303 364 26 12 drone
437 1 303 364 26 12 drone
438 1 303 364 25 12 drone
439 1 302 364 25 12 drone
440 1 302 365 25 12 drone
441 1 301 365 26 12 drone
442 1 301 365 25 12 drone
443 1 300 366 25 12 drone
444 1 300 366 26 12 drone
445 1 300 366 25 12 drone
446 1 299 366 25 12 drone
447 1 299 366 25 12 drone
448 1 298 367 25 12 drone
449 1 298 367 25 12 drone
450 1 296 367 25 12 drone
451 1 297 368 25 11 drone
452 1 296 368 25 12 drone
453 1 296 368 25 12 drone
454 1 295 368 26 12 drone
455 1 294 368 25 12 drone
456 1 294 369 26 12 drone
457 1 294 369 25 12 drone
458 1 293 369 25 12 drone
459 1 293 370 25 12 drone
460 1 292 370 26 12 drone
461 1 292 370 25 12 drone
462 1 291 370 25 12 drone
463 1 291 371 25 12 drone
464 1 290 371 26 12 drone
465 1 289 371 26 12 drone
466 1 289 371 26 12 drone
467 1 289 372 25 12 drone
468 1 288 372 25 12 drone
469 1 288 372 25 12 drone
470 1 287 372 25 12 drone
471 1 287 372 25 12 drone
472 1 286 373 25 12 drone
473 1 286 373 26 12 drone
474 1 285 373 25 12 drone
475 1 285 373 25 12 drone
476 1 284 374 25 12 drone
477 1 284 374 25 12 drone
478 1 283 374 25 12 drone
479 1 283 374 25 12 drone
480 1 282 375 25 12 drone
481 1 282 375 25 12 drone
482 1 282 375 25 12 drone
483 1 281 375 25 12 drone
484 1 281 375 25 12 drone
485 1 280 376 25 12 drone
486 1 280 376 25 12 drone
487 1 279 376 25 12 drone
488 1 279 376 25 12 drone
489 1 278 377 25 12 drone
490 1 278 377 25 12 drone
491 1 277 377 25 12 drone
492 1 277 377 25 12 drone
493 1 277 378 25 11 drone
494 1 276 378 25 12 drone
495 1 276 378 24 11 drone
496 1 275 378 25 12 drone
497 1 275 379 24 11 drone
498 1 274 379 25 12 drone
499 1 274 379 25 12 drone
500 1 273 379 26 12 drone
501 1 273 380 25 11 drone
502 1 272 380 25 12 drone
503 1 272 380 25 12 drone
504 1 272 381 24 11 drone
505 1 271 381 24 11 drone
506 1 270 381 25 12 drone
507 1 270 381 24 11 drone
508 1 270 381 25 11 drone
509 1 269 382 24 11 drone
510 1 269 382 25 11 drone
511 1 268 382 24 11 drone
512 1 268 382 25 12 drone
513 1 267 383 25 12 drone
514 1 267 383 24 11 drone
515 1 267 383 24 11 drone
516 1 266 383 25 12 drone
517 1 266 384 25 11 drone
518 1 265 384 25 12 drone
519 1 265 384 24 11 drone
520 1 264 385 24 11 drone
521 1 264 385 25 12 drone
522 1 263 385 25 11 drone
523 1 263 385 24 11 drone
524 1 262 385 25 12 drone
525 1 262 386 25 12 drone
526 1 261 386 25 12 drone
527 1 261 386 24 11 drone
528 1 261 386 25 11 drone
529 1 260 386 25 12 drone
530 1 260 387 25 12 drone
531 1 259 387 25 12 drone
532 1 259 387 25 12 drone
533 1 258 388 25 11 drone
534 1 258 388 25 12 drone
535 1 257 388 25 12 drone
536 1 257 388 25 12 drone
537 1 256 388 25 12 drone
538 1 256 389 25 12 drone
539 1 255 389 25 12 drone
540 1 255 389 26 12 drone
541 1 254 389 26 12 drone
542 1 254 389 25 12 drone
543 1 254 390 25 12 drone
544 1 253 390 25 12 drone
545 1 253 390 25 12 drone
546 1 252 390 26 12 drone
547 1 251 390 26 12 drone
548 1 251 391 25 12 drone
549 1 251 391 25 12 drone
550 1 250 391 25 12 drone
551 1 250 391 26 12 drone
552 1 249 392 26 12 drone
553 1 249 392 26 12 drone
554 1 248 392 25 12 drone
555 1 249 392 26 12 drone
556 1 249 392 26 12 drone
557 1 249 393 25 12 drone
558 1 251 393 26 12 drone
559 1 252 393 25 12 drone
560 1 255 394 25 12 drone
561 1 259 394 25 12 drone
562 1 271 394 25 12 drone
563 1 290 394 24 11 drone
564 1 309 394 25 11 drone
565 1 323 393 24 11 drone
566 1 333 393 24 11 drone
567 1 342 393 24 11 drone
568 1 350 393 24 11 drone
569 1 358 394 24 11 drone
570 1 365 394 24 11 drone
571 1 372 393 24 11 drone
572 1 379 393 24 11 drone
573 1 386 393 25 12 drone
574 1 393 393 24 11 drone
575 1 399 394 24 11 drone
576 1 405 394 24 11 drone
577 1 411 394 24 11 drone
578 1 418 394 24 11 drone
579 1 424 393 24 11 drone
580 1 431 394 24 11 drone
581 1 438 394 24 11 drone
582 1 444 394 24 11 drone
583 1 451 394 25 11 drone
584 1 458 394 24 11 drone
585 1 462 394 24 11 drone
586 1 463 394 24 11 drone
587 1 464 394 24 11 drone
588 1 464 395 24 11 drone
589 1 465 395 24 11 drone
590 1 464 395 25 12 drone
591 1 464 394 25 11 drone
592 1 464 394 25 12 drone
593 1 464 393 24 11 drone
594 1 464 393 24 11 drone
595 1 463 392 24 11 drone
596 1 463 391 24 11 drone
597 1 462 389 24 11 drone
598 1 462 385 24 11 drone
599 1 461 380 24 11 drone
600 1 460 372 25 11 drone
601 1 460 363 24 11 drone
602 1 459 353 24 11 drone
603 1 458 343 24 11 drone
604 1 458 333 24 11 drone
605 1 457 325 24 11 drone
606 1 456 317 24 11 drone
607 1 456 310 24 11 drone
608 1 455 304 24 11 drone
609 1 454 297 25 12 drone
610 1 454 291 24 11 drone
611 1 453 285 25 12 drone
612 1 452 279 25 12 drone
613 1 451 274 25 12 drone
614 1 451 269 24 11 drone
615 1 450 264 25 12 drone
616 1 450 258 26 12 drone
617 1 449 252 26 12 drone
618 1 448 247 26 12 drone
619 1 448 242 26 12 drone
620 1 447 239 26 12 drone
621 1 446 237 26 12 drone
622 1 446 235 26 12 drone
623 1 445 234 27 12 drone
624 1 445 234 27 12 drone
625 1 444 233 27 12 drone
626 1 444 233 26 12 drone
627 1 444 232 27 12 drone
628 1 443 232 27 12 drone
629 1 442 232 27 13 drone
630 1 442 232 27 12 drone
631 1 441 232 27 13 drone
632 1 441 232 27 13 drone
633 1 441 232 27 13 drone
634 1 440 232 27 13 drone
635 1 440 232 27 13 drone
636 1 439 233 27 12 drone
637 1 439 232 27 13 drone
638 1 439 233 27 12 drone
639 1 438 233 27 13 drone
640 1 438 233 27 13 drone
641 1 437 233 27 13 drone
642 1 436 233 27 12 drone
643 1 436 233 27 13 drone
644 1 436 234 27 13 drone
645 1 435 234 27 13 drone
646 1 435 234 27 13 drone
647 1 434 234 27 13 drone
648 1 434 235 27 12 drone
649 1 434 235 27 13 drone
650 1 433 235 27 12 drone
651 1 433 235 27 12 drone
652 1 432 235 27 12 drone
653 1 432 236 27 13 drone
654 1 431 236 27 13 drone
655 1 431 236 27 13 drone
656 1 431 237 27 12 drone
657 1 430 237 27 12 drone
658 1 429 237 27 13 drone
659 1 430 237 26 12 drone
660 1 428 237 27 13 drone
661 1 428 238 27 13 drone
662 1 428 238 27 13 drone
663 1 427 238 27 13 drone
664 1 427 238 27 12 drone
665 1 426 239 27 13 drone
666 1 426 239 26 12 drone
667 1 426 239 26 12 drone
668 1 425 239 27 13 drone
669 1 425 240 26 12 drone
670 1 425 240 26 12 drone
671 1 424 240 27 13 drone
672 1 424 241 26 12 drone
673 1 423 241 27 12 drone
674 1 423 241 27 12 drone
675 1 422 242 26 12 drone
676 1 422 242 26 12 drone
677 1 422 242 27 12 drone
678 1 421 242 27 12 drone
679 1 420 242 27 13 drone
680 1 420 243 26 12 drone
681 1 420 243 26 12 drone
682 1 419 243 26 12 drone
683 1 419 244 26 12 drone
684 1 419 244 26 12 drone
685 1 418 244 26 12 drone
686 1 417 245 26 12 drone
687 1 417 245 27 12 drone
688 1 417 245 26 12 drone
689 1 416 245 26 12 drone
690 1 416 245 26 12 drone
691 1 416 246 26 12 drone
692 1 415 246 26 12 drone
693 1 415 246 26 12 drone
694 1 414 247 26 12 drone
695 1 414 247 26 12 drone
696 1 413 247 27 12 drone
697 1 413 248 26 12 drone
698 1 413 248 26 12 drone
699 1 412 248 26 12 drone
700 1 411 249 26 12 drone
701 1 411 248 26 12 drone
702 1 411 249 26 12 drone
703 1 410 249 26 12 drone
704 1 410 250 26 12 drone
705 1 409 250 26 12 drone
706 1 409 250 26 12 drone
707 1 409 250 26 12 drone
708 1 408 251 26 12 drone
709 1 408 251 26 12 drone
710 1 407 251 25 12 drone
711 1 407 252 26 12 drone
712 1 407 252 26 12 drone
713 1 406 252 26 12 drone
714 1 406 253 25 12 drone
715 1 405 253 26 12 drone
716 1 405 253 26 12 drone
717 1 405 254 26 12 drone
718 1 404 254 26 12 drone
719 1 404 254 26 12 drone
720 1 403 254 26 12 drone
721 1 402 255 26 12 drone
722 1 403 255 25 12 drone
723 1 402 255 25 12 drone
724 1 401 255 26 12 drone
725 1 401 256 26 12 drone
726 1 400 256 25 12 drone
727 1 400 257 26 12 drone
728 1 400 257 25 12 drone
729 1 399 257 26 12 drone
730 1 399 257 26 12 drone
731 1 398 258 25 12 drone
732 1 398 258 26 12 drone
733 1 398 258 25 12 drone
734 1 397 259 26 12 drone
735 1 397 259 26 12 drone
736 1 396 259 26 12 drone
737 1 396 260 26 12 drone
738 1 396 260 25 12 drone
739 1 395 260 26 12 drone
740 1 395 261 25 12 drone
741 1 394 261 26 12 drone
742 1 394 261 26 12 drone
743 1 393 262 26 12 drone
744 1 393 262 25 12 drone
745 1 392 262 26 12 drone
746 1 392 262 26 12 drone
747 1 392 263 25 12 drone
748 1 392 263 25 12 drone
749 1 391 264 25 12 drone
750 1 390 264 26 12 drone
751 1 390 264 25 12 drone
752 1 390 265 25 12 drone
753 1 389 265 25 12 drone
754 1 389 265 25 12 drone
755 1 389 265 25 12 drone
756 1 388 266 25 12 drone
757 1 388 266 25 12 drone
758 1 387 267 25 12 drone
759 1 387 267 25 12 drone
760 1 387 267 25 12 drone
761 1 386 268 25 12 drone
762 1 386 268 25 12 drone
763 1 385 268 26 12 drone
764 1 385 268 25 12 drone
765 1 385 269 25 12 drone
766 1 384 269 25 12 drone
767 1 384 269 25 12 drone
768 1 383 270 25 12 drone
769 1 383 270 25 11 drone
770 1 383 270 25 12 drone
771 1 382 270 25 12 drone
772 1 381 271 25 12 drone
773 1 381 271 25 11 drone
774 1 381 272 25 12 drone
775 1 380 272 25 12 drone
776 1 380 272 25 12 drone
777 1 379 272 25 12 drone
778 1 379 273 25 12 drone
779 1 379 273 25 12 drone
780 1 378 273 25 12 drone
781 1 378 273 26 12 drone
782 1 377 274 25 12 drone
783 1 377 274 25 12 drone
784 1 377 275 25 12 drone
785 1 377 275 25 12 drone
786 1 376 275 25 12 drone
787 1 376 275 25 12 drone
788 1 375 276 25 12 drone
789 1 375 276 25 12 drone
790 1 374 276 25 12 drone
791 1 374 276 25 12 drone
792 1 373 277 25 12 drone
793 1 373 277 25 12 drone
794 1 373 277 25 12 drone
795 1 372 278 25 12 drone
796 1 372 278 25 12 drone
797 1 371 278 25 12 drone
798 1 371 279 24 11 drone
799 1 371 279 25 12 drone
800 1 370 279 25 11 drone
801 1 370 280 25 12 drone
802 1 369 280 25 12 drone
803 1 369 280 25 12 drone
804 1 369 280 25 11 drone
805 1 368 281 25 12 drone
806 1 368 281 25 12 drone
807 1 367 281 25 12 drone
808 1 367 282 25 12 drone
809 1 367 282 24 11 drone
810 1 367 282 24 11 drone
811 1 366 282 24 11 drone
812 1 365 283 25 12 drone
813 1 365 283 25 11 drone
814 1 365 283 25 11 drone
815 1 364 284 25 11 drone
816 1 364 284 25 11 drone
817 1 363 284 25 12 drone
818 1 363 285 24 11 drone
819 1 363 285 24 11 drone
820 1 362 285 25 12 drone
821 1 362 285 25 12 drone
822 1 362 286 24 11 drone
823 1 361 286 24 11 drone
824 1 361 286 24 11 drone
825 1 361 287 24 11 drone
826 1 360 287 24 11 drone
827 1 360 287 24 11 drone
828 1 359 288 24 11 drone
829 1 359 288 24 11 drone
830 1 359 288 24 11 drone
831 1 358 288 24 11 drone
832 1 358 289 24 11 drone
833 1 358 289 24 11 drone
834 1 357 289 24 11 drone
835 1 356 289 24 11 drone
836 1 356 290 24 11 drone
837 1 356 290 25 11 drone
838 1 356 290 24 11 drone
839 1 355 291 24 11 drone
840 1 355 291 24 11 drone
841 1 354 291 24 11 drone
842 1 354 291 24 11 drone
843 1 353 292 24 11 drone
844 1 353 292 24 11 drone
845 1 353 293 24 11 drone
846 1 352 293 24 11 drone
847 1 352 293 24 11 drone
848 1 351 293 24 11 drone
849 1 351 294 24 11 drone
850 1 351 294 24 11 drone
851 1 350 294 24 11 drone
852 1 350 294 24 11 drone
853 1 349 295 25 12 drone
854 1 349 295 24 11 drone
855 1 349 296 24 11 drone
856 1 348 296 24 11 drone
857 1 348 296 24 11 drone
858 1 347 296 24 11 drone
859 1 347 297 24 11 drone
860 1 346 297 25 11 drone
861 1 346 297 24 11 drone
862 1 346 298 24 11 drone
863 1 346 298 24 11 drone
864 1 345 298 24 11 drone
865 1 345 298 24 11 drone
866 1 344 299 24 11 drone
867 1 344 299 24 11 drone
868 1 344 300 24 11 drone
869 1 343 300 24 11 drone
870 1 343 300 24 11 drone
871 1 342 300 24 11 drone
872 1 342 301 23 11 drone
873 1 341 301 24 11 drone
874 1 341 301 24 11 drone
875 1 340 301 24 11 drone
876 1 340 302 24 11 drone
877 1 340 302 24 11 drone
878 1 340 303 24 11 drone
879 1 339 303 24 11 drone
880 1 339 303 24 11 drone
881 1 338 303 24 11 drone
882 1 338 304 24 11 drone
883 1 338 304 23 11 drone
884 1 337 304 24 11 drone
885 1 337 304 24 11 drone
886 1 336 305 24 11 drone
887 1 336 305 23 11 drone
888 1 336 306 24 11 drone
889 1 335 306 23 11 drone
890 1 335 306 24 11 drone
891 1 334 306 24 11 drone
892 1 334 307 24 11 drone
893 1 333 307 24 11 drone
894 1 333 307 24 11 drone
895 1 333 308 24 11 drone
896 1 332 308 24 11 drone
897 1 332 308 24 11 drone
898 1 331 308 24 11 drone
899 1 331 309 24 11 drone
900 1 330 309 24 11 drone
901 1 330 309 24 11 drone
902 1 329 310 24 11 drone
903 1 329 310 24 11 drone
904 1 329 310 24 11 drone
905 1 328 310 24 11 drone
906 1 328 311 24 11 drone
907 1 328 311 24 11 drone
908 1 327 311 24 11 drone
909 1 327 312 24 11 drone
910 1 326 312 24 11 drone
911 1 326 312 24 11 drone
912 1 325 312 24 11 drone
913 1 325 313 24 11 drone
914 1 325 313 24 11 drone
915 1 324 313 24 11 drone
916 1 324 314 24 11 drone
917 1 324 314 23 11 drone
918 1 323 314 23 11 drone
919 1 323 314 24 11 drone
920 1 322 315 24 11 drone
921 1 322 315 24 11 drone
922 1 321 315 24 11 drone
923 1 321 315 24 11 drone
924 1 321 316 24 11 drone
925 1 320 316 24 11 drone
926 1 320 316 24 11 drone
927 1 320 317 24 11 drone
928 1 319 317 24 11 drone
929 1 319 317 24 11 drone
930 1 318 317 24 11 drone
931 1 318 318 24 11 drone
932 1 317 318 24 11 drone
933 1 317 318 24 11 drone
934 1 317 318 24 11 drone
935 1 316 319 24 11 drone
936 1 316 319 24 11 drone
937 1 315 319 24 11 drone
938 1 315 320 23 11 drone
939 1 315 320 23 11 drone
940 1 314 320 24 11 drone
941 1 314 321 24 11 drone
942 1 314 321 23 11 drone
943 1 313 321 24 11 drone
944 1 313 321 24 11 drone
945 1 312 322 24 11 drone
946 1 312 322 24 11 drone
947 1 312 322 24 11 drone
948 1 311 323 23 11 drone
949 1 311 323 24 11 drone
950 1 310 323 24 11 drone
951 1 310 323 24 11 drone
952 1 309 323 24 11 drone
953 1 309 324 23 11 drone
954 1 309 324 24 11 drone
955 1 308 324 24 11 drone
956 1 308 325 24 11 drone
957 1 307 325 24 11 drone
958 1 307 325 24 11 drone
959 1 307 325 24 11 drone
960 1 306 325 24 11 drone
961 1 306 325 24 11 drone
962 1 305 325 24 11 drone
963 1 305 325 23 11 drone
964 1 305 325 23 11 drone
965 1 304 324 24 11 drone
966 1 304 323 24 11 drone
967 1 303 322 24 11 drone
968 1 303 320 23 11 drone
969 1 303 318 23 11 drone
970 1 302 312 23 11 drone
971 1 302 303 23 11 drone
972 1 301 291 23 11 drone
973 1 300 280 23 11 drone
974 1 299 270 23 11 drone
975 1 299 263 23 11 drone
976 1 298 259 24 11 drone
977 1 297 256 23 11 drone
978 1 297 254 24 11 drone
979 1 296 252 24 11 drone
980 1 296 251 24 11 drone
981 1 296 250 24 11 drone
982 1 295 249 24 11 drone
983 1 294 248 25 11 drone
984 1 294 248 25 11 drone
985 1 294 248 25 12 drone
986 1 293 247 25 12 drone
987 1 292 247 25 12 drone
988 1 292 247 25 12 drone
989 1 292 247 25 12 drone
990 1 291 246 25 12 drone
991 1 291 245 25 12 drone
992 1 290 244 26 12 drone
993 1 290 242 25 12 drone
994 1 289 239 25 12 drone
995 1 289 238 25 12 drone
996 1 288 236 25 12 drone
997 1 288 234 26 12 drone
998 1 287 233 25 12 drone
999 1 287 232 25 12 drone
1000 1 287 231 25 12 drone
1001 1 286 230 25 12 drone
1002 1 286 229 26 12 drone
1003 1 285 229 25 12 drone
1004 1 285 228 26 12 drone
1005 1 284 228 26 12 drone
1006 1 284 228 26 12 drone
1007 1 284 228 26 12 drone
1008 1 283 227 26 12 drone
1009 1 283 227 26 12 drone
1010 1 282 227 26 12 drone
1011 1 282 227 26 12 drone
1012 1 281 227 26 12 drone
1013 1 281 227 26 12 drone
1014 1 281 227 25 12 drone
1015 1 280 227 26 12 drone
1016 1 280 227 26 12 drone
1017 1 280 227 26 12 drone
1018 1 279 227 26 12 drone
1019 1 279 227 25 12 drone
1020 1 279 227 25 12 drone
1021 1 278 227 26 12 drone
1022 1 278 227 25 12 drone
1023 1 277 227 26 12 drone
1024 1 277 227 26 12 drone
1025 1 276 228 26 12 drone
1026 1 276 228 26 12 drone
1027 1 275 228 26 12 drone
1028 1 275 228 26 12 drone
1029 1 275 228 26 12 drone
1030 1 274 228 26 12 drone
1031 1 274 228 26 12 drone
1032 1 274 228 26 12 drone
1033 1 273 229 26 12 drone
1034 1 273 229 26 12 drone
1035 1 273 229 26 12 drone
1036 1 272 229 26 12 drone
1037 1 272 229 27 12 drone
1038 1 272 230 26 12 drone
1039 1 271 230 26 12 drone
1040 1 271 230 26 12 drone
1041 1 271 230 25 12 drone
1042 1 271 231 25 12 drone
1043 1 270 231 26 12 drone
1044 1 270 231 25 12 drone
1045 1 269 231 25 12 drone
1046 1 269 231 25 12 drone
1047 1 269 232 25 12 drone
1048 1 268 232 26 12 drone
1049 1 268 232 26 12 drone
1050 1 267 232 25 12 drone
1051 1 266 232 26 12 drone
1052 1 267 233 26 12 drone
1053 1 266 233 25 12 drone
1054 1 266 233 25 12 drone
1055 1 266 233 25 12 drone
1056 1 265 233 26 12 drone
1057 1 265 233 26 12 drone
1058 1 265 234 25 12 drone
1059 1 264 234 26 12 drone
1060 1 264 234 26 12 drone
1061 1 263 234 25 12 drone
1062 1 263 235 25 12 drone
1063 1 263 235 25 12 drone
1064 1 262 235 26 12 drone
1065 1 262 235 25 12 drone
1066 1 262 235 26 12 drone
1067 1 261 236 25 12 drone
1068 1 261 236 25 12 drone
1069 1 261 236 25 12 drone
1070 1 260 236 26 12 drone
1071 1 260 236 25 12 drone
1072 1 259 237 25 12 drone
1073 1 259 237 25 12 drone
1074 1 259 237 25 12 drone
1075 1 258 237 25 12 drone
1076 1 258 237 26 12 drone
1077 1 258 238 25 12 drone
1078 1 257 238 26 12 drone
1079 1 256 238 26 12 drone
1080 1 257 238 25 12 drone
1081 1 256 238 26 12 drone
1082 1 256 239 25 12 drone
1083 1 256 239 25 12 drone
1084 1 255 239 25 12 drone
1085 1 255 239 26 12 drone
1086 1 255 240 25 12 drone
1087 1 254 240 25 12 drone
1088 1 253 240 26 12 drone
1089 1 253 240 25 12 drone
1090 1 253 240 26 12 drone
1091 1 253 241 25 12 drone
1092 1 252 241 25 12 drone
1093 1 252 241 25 12 drone
1094 1 251 241 26 12 drone
1095 1 251 242 25 12 drone
1096 1 251 242 25 12 drone
1097 1 250 242 25 12 drone
1098 1 250 242 25 12 drone
1099 1 250 242 25 12 drone
1100 1 249 243 26 12 drone
1101 1 249 243 25 12 drone
1102 1 249 243 25 12 drone
1103 1 248 243 26 12 drone
1104 1 248 244 25 12 drone
1105 1 249 244 25 12 drone
1106 1 249 244 25 12 drone
1107 1 248 244 25 12 drone
1108 1 250 245 25 12 drone
1109 1 251 245 25 12 drone
1110 1 252 245 26 12 drone
1111 1 255 245 25 12 drone
1112 1 259 245 25 12 drone
1113 1 271 245 25 12 drone
1114 1 290 245 25 12 drone
1115 1 309 245 24 11 drone
1116 1 323 244 25 12 drone
1117 1 333 244 24 11 drone
1118 1 341 244 25 11 drone
1119 1 348 245 24 11 drone
1120 1 356 245 24 11 drone
1121 1 362 245 24 11 drone
1122 1 369 245 25 11 drone
1123 1 376 244 24 11 drone
1124 1 383 244 24 11 drone
1125 1 389 244 24 11 drone
1126 1 396 245 24 11 drone
1127 1 403 245 24 11 drone
1128 1 409 245 24 11 drone
1129 1 415 244 25 11 drone
1130 1 421 244 25 12 drone
1131 1 428 244 25 11 drone
1132 1 434 245 25 12 drone
1133 1 441 245 25 11 drone
1134 1 447 245 25 12 drone
1135 1 452 245 24 11 drone
1136 1 452 245 24 11 drone
1137 1 452 245 25 12 drone
1138 1 453 245 25 11 drone
1139 1 453 246 24 11 drone
1140 1 453 246 25 12 drone
1141 1 452 246 25 12 drone
1142 1 452 246 25 12 drone
1143 1 452 246 25 12 drone
1144 1 452 246 25 12 drone
1145 1 451 247 25 12 drone
1146 1 451 247 25 12 drone
1147 1 451 248 24 11 drone
1148 1 450 247 25 12 drone
1149 1 450 247 25 12 drone
1150 1 449 247 25 12 drone
1151 1 449 248 25 12 drone
1152 1 448 248 25 12 drone
1153 1 448 249 25 11 drone
1154 1 448 249 25 12 drone
1155 1 448 249 24 11 drone
1156 1 447 249 24 11 drone
1157 1 447 249 24 11 drone
1158 1 446 250 25 11 drone
1159 1 446 250 24 11 drone
1160 1 446 250 24 11 drone
1161 1 445 251 24 11 drone
1162 1 445 251 24 11 drone
1163 1 444 251 25 12 drone
1164 1 444 251 24 11 drone
1165 1 444 252 24 11 drone
1166 1 443 252 24 11 drone
1167 1 443 252 24 11 drone
1168 1 443 252 24 11 drone
1169 1 442 252 24 11 drone
1170 1 442 253 24 11 drone
1171 1 441 253 24 11 drone
1172 1 441 253 25 11 drone
1173 1 441 253 25 11 drone
1174 1 440 254 24 11 drone
1175 1 440 254 24 11 drone
1176 1 439 254 24 11 drone
1177 1 439 254 25 11 drone
1178 1 439 255 24 11 drone
1179 1 438 255 24 11 drone
1180 1 438 255 24 11 drone
1181 1 438 255 23 11 drone
1182 1 437 255 24 11 drone
1183 1 437 256 24 11 drone
1184 1 437 256 24 11 drone
1185 1 436 256 24 11 drone
1186 1 436 257 24 11 drone
1187 1 436 257 24 11 drone
1188 1 435 257 24 11 drone
1189 1 435 257 24 11 drone
1190 1 434 257 25 12 drone
1191 1 434 258 25 11 drone
1192 1 434 258 24 11 drone
1193 1 433 258 25 12 drone
1194 1 433 258 25 11 drone
1195 1 433 259 24 11 drone
1196 1 432 259 24 11 drone
1197 1 432 260 23 11 drone
1198 1 432 260 23 11 drone
1199 1 432 260 24 11 drone
1200 1 431 260 24 11 drone
1201 1 431 260 24 11 drone
1202 1 430 260 24 11 drone
1203 1 430 261 24 11 drone
1204 1 430 261 24 11 drone
1205 1 429 262 24 11 drone
1206 1 429 261 24 11 drone
1207 1 428 262 24 11 drone
1208 1 428 262 24 11 drone
1209 1 428 262 24 11 drone
1210 1 428 263 24 11 drone
1211 1 427 263 24 11 drone
1212 1 427 263 24 11 drone
1213 1 427 263 24 11 drone
1214 1 426 264 24 11 drone
1215 1 426 264 24 11 drone
1216 1 426 264 24 11 drone
1217 1 425 264 24 11 drone
1218 1 425 265 24 11 drone
1219 1 425 265 24 11 drone
1220 1 424 265 24 11 drone
1221 1 424 266 23 11 drone
1222 1 423 266 24 11 drone
1223 1 423 266 24 11 drone
1224 1 423 266 23 11 drone
1225 1 423 267 23 11 drone
1226 1 422 267 23 11 drone
1227 1 422 267 23 11 drone
1228 1 421 267 24 11 drone
1229 1 421 268 23 11 drone
1230 1 421 268 24 11 drone
1231 1 420 268 24 11 drone
1232 1 420 268 24 11 drone
1233 1 420 268 24 11 drone
1234 1 419 269 24 11 drone
1235 1 419 269 24 11 drone
1236 1 419 269 23 11 drone
1237 1 419 270 23 11 drone
1238 1 418 270 23 11 drone
1239 1 418 270 23 11 drone
1240 1 417 270 23 11 drone
1241 1 417 270 23 11 drone
1242 1 417 271 23 11 drone
1243 1 416 271 23 11 drone
1244 1 416 271 24 11 drone
1245 1 416 271 23 11 drone
1246 1 415 272 24 11 drone
1247 1 415 272 23 11 drone
1248 1 415 272 23 11 drone
1249 1 415 273 22 10 drone
1250 1 414 273 23 11 drone
1251 1 414 273 23 11 drone
1252 1 414 273 23 11 drone
1253 1 413 273 23 11 drone
1254 1 413 273 23 11 drone
1255 1 413 274 23 11 drone
1256 1 412 274 23 11 drone
1257 1 412 274 23 11 drone
1258 1 412 274 23 11 drone
1259 1 411 274 23 11 drone
1260 1 411 275 22 10 drone
1261 1 411 275 23 11 drone
1262 1 410 275 24 11 drone
1263 1 410 275 23 11 drone
1264 1 410 276 23 11 drone
1265 1 409 276 23 11 drone
1266 1 409 276 24 11 drone
1267 1 408 276 23 11 drone
1268 1 408 276 23 11 drone
1269 1 408 277 23 11 drone
1270 1 408 277 23 11 drone
1271 1 408 277 23 11 drone
1272 1 407 277 23 11 drone
1273 1 407 277 23 11 drone
1274 1 407 277 23 11 drone
1275 1 406 277 23 11 drone
1276 1 406 278 23 11 drone
1277 1 406 278 23 11 drone
1278 1 405 278 23 11 drone
1279 1 405 278 23 11 drone
1280 1 405 278 23 11 drone
1281 1 404 279 23 11 drone
1282 1 404 279 23 11 drone
1283 1 404 279 23 11 drone
1284 1 404 279 23 11 drone
1285 1 403 280 23 11 drone
1286 1 403 279 25 11 drone
1287 1 404 280 25 11 drone
1288 1 404 280 24 11 drone
1289 1 404 280 25 12 drone
1290 1 404 280 25 12 drone
1291 1 403 280 25 12 drone
1292 1 403 280 25 12 drone
1293 1 403 281 25 12 drone
1294 1 402 281 25 12 drone
1295 1 402 281 25 11 drone
1296 1 402 281 25 12 drone
1297 1 402 281 25 12 drone
1298 1 401 281 25 12 drone
1299 1 401 282 25 12 drone
1300 1 401 282 25 12 drone
1301 1 400 282 25 11 drone
1302 1 400 282 25 11 drone
1303 1 399 282 25 12 drone
1304 1 400 282 25 12 drone
1305 1 399 282 25 12 drone
1306 1 399 283 25 12 drone
1307 1 398 283 25 12 drone
1308 1 398 283 25 12 drone
1309 1 398 283 25 12 drone
1310 1 397 283 25 12 drone
1311 1 397 284 25 11 drone
1312 1 397 283 25 12 drone
1313 1 397 284 25 12 drone
1314 1 396 284 25 12 drone
1315 1 396 284 26 12 drone
1316 1 396 284 25 11 drone
1317 1 396 284 25 12 drone
1318 1 395 284 25 12 drone
1319 1 395 284 25 12 drone
1320 1 395 285 24 11 drone
1321 1 394 285 25 12 drone
1322 1 394 285 25 12 drone
1323 1 394 285 25 12 drone
1324 1 394 285 25 11 drone
1325 1 394 285 24 11 drone
1326 1 393 285 25 12 drone
1327 1 393 285 25 12 drone
1328 1 393 286 25 11 drone
1329 1 392 286 25 12 drone
1330 1 392 286 25 11 drone
1331 1 392 286 24 11 drone
1332 1 391 286 25 12 drone
1333 1 392 286 24 11 drone
1334 1 391 286 24 11 drone
1335 1 391 286 25 12 drone
1336 1 391 287 24 11 drone
1337 1 390 286 24 11 drone
1338 1 390 287 25 11 drone
1339 1 390 287 24 11 drone
1340 1 390 287 24 11 drone
1341 1 390 287 24 11 drone
1342 1 389 287 25 11 drone
1343 1 389 287 24 11 drone
1344 1 388 287 24 11 drone
1345 1 388 287 25 12 drone
1346 1 388 287 25 11 drone
1347 1 387 288 25 12 drone
1348 1 387 288 25 12 drone
1349 1 387 288 25 12 drone
1350 1 387 288 24 11 drone
1351 1 387 288 25 12 drone
1352 1 386 288 24 11 drone
1353 1 386 288 24 11 drone
1354 1 385 288 25 12 drone
1355 1 385 288 25 12 drone
1356 1 385 289 25 12 drone
1357 1 385 289 24 11 drone
1358 1 385 289 25 11 drone
1359 1 385 289 25 12 drone
1360 1 384 289 25 11 drone
1361 1 384 289 24 11 drone
1362 1 384 289 24 11 drone
1363 1 384 289 24 11 drone
1364 1 384 289 24 11 drone
1365 1 383 289 24 11 drone
1366 1 383 289 25 12 drone
1367 1 383 290 25 11 drone
1368 1 382 289 25 12 drone
1369 1 382 290 24 11 drone
1370 1 382 290 25 11 drone
1371 1 382 290 25 11 drone
1372 1 381 290 25 12 drone
1373 1 381 290 25 12 drone
1374 1 381 290 24 11 drone
1375 1 380 290 25 12 drone
1376 1 380 290 25 12 drone
1377 1 380 290 25 12 drone
1378 1 380 291 24 11 drone
1379 1 380 290 24 11 drone
1380 1 380 291 25 11 drone
1381 1 379 290 24 11 drone
1382 1 379 291 24 11 drone
1383 1 379 290 25 12 drone
1384 1 379 291 24 11 drone
1385 1 379 291 24 11 drone
1386 1 378 291 24 11 drone
1387 1 378 291 24 11 drone
1388 1 377 291 25 12 drone
1389 1 378 291 24 11 drone
1390 1 377 291 24 11 drone
1391 1 377 292 24 11 drone
1392 1 377 291 24 11 drone
1393 1 377 292 24 11 drone
1394 1 376 292 24 11 drone
1395 1 376 292 24 11 drone
1396 1 376 292 24 11 drone
1397 1 376 292 23 11 drone
1398 1 376 292 24 11 drone
1399 1 375 292 23 11 drone
1400 1 375 292 23 11 drone
1401 1 375 292 24 11 drone
1402 1 375 292 23 11 drone
1403 1 374 292 24 11 drone
1404 1 374 293 23 11 drone
1405 1 374 292 24 11 drone
1406 1 374 293 23 11 drone
1407 1 373 293 24 11 drone
1408 1 373 293 24 11 drone
1409 1 373 293 24 11 drone
1410 1 373 293 24 11 drone
1411 1 372 293 24 11 drone
1412 1 372 293 24 11 drone
1413 1 372 293 24 11 drone
1414 1 371 293 24 11 drone
1415 1 371 293 24 11 drone
1416 1 371 293 24 11 drone
1417 1 371 293 24 11 drone
1418 1 370 293 24 11 drone
1419 1 371 293 24 11 drone
1420 1 370 293 24 11 drone
1421 1 371 293 23 11 drone
1422 1 370 294 24 11 drone
1423 1 370 293 24 11 drone
1424 1 369 293 24 11 drone
1425 1 370 294 24 11 drone
1426 1 369 293 24 11 drone
1427 1 369 294 24 11 drone
1428 1 369 294 24 11 drone
1429 1 369 294 24 11 drone
1430 1 368 293 24 11 drone
1431 1 369 294 24 11 drone
1432 1 368 294 24 11 drone
1433 1 368 294 24 11 drone
1434 1 368 294 24 11 drone
1435 1 368 294 23 11 drone
1436 1 367 293 24 11 drone
1437 1 368 294 24 11 drone
1438 1 367 294 24 11 drone
1439 1 367 294 24 11 drone
1440 1 367 294 24 11 drone
1441 1 367 294 24 11 drone
1442 1 367 294 25 11 drone
1443 1 367 294 24 11 drone
1444 1 367 294 24 11 drone
1445 1 367 294 24 11 drone
1446 1 366 294 24 11 drone
1447 1 366 294 24 11 drone
1448 1 366 294 24 11 drone
1449 1 366 294 24 11 drone
1450 1 366 294 24 11 drone
1451 1 366 294 24 11 drone
1452 1 366 294 24 11 drone
1453 1 366 294 23 11 drone
1454 1 366 294 24 11 drone
1455 1 366 294 24 11 drone
1456 1 365 294 24 11 drone
1457 1 366 294 24 11 drone
1458 1 365 294 24 11 drone
1459 1 366 294 23 11 drone
1460 1 365 294 24 11 drone
1461 1 366 294 24 11 drone
1462 1 365 294 24 11 drone
1463 1 365 294 24 11 drone
1464 1 365 294 24 11 drone
1465 1 366 294 23 11 drone
1466 1 365 294 24 11 drone
1467 1 365 294 24 11 drone
1468 1 365 293 24 11 drone
1469 1 365 294 23 11 drone
1470 1 365 294 24 11 drone
1471 1 366 294 23 11 drone
1472 1 365 293 24 11 drone
1473 1 365 293 24 11 drone
1474 1 365 293 24 11 drone
1475 1 365 293 23 11 drone
1476 1 365 293 24 11 drone
1477 1 365 293 23 11 drone
1478 1 365 293 24 11 drone
1479 1 365 293 24 11 drone
1480 1 365 293 24 11 drone
1481 1 365 293 23 11 drone
1482 1 365 293 23 11 drone
1483 1 365 293 23 11 drone
1484 1 365 293 24 11 drone
1485 1 365 293 24 11 drone
1486 1 365 293 23 11 drone
1487 1 365 292 24 11 drone
1488 1 365 293 24 11 drone
1489 1 365 293 24 11 drone
1490 1 365 293 24 11 drone
1491 1 365 292 24 11 drone
1492 1 365 292 24 11 drone
1493 1 364 292 24 11 drone
1494 1 364 292 24 11 drone
1495 1 365 292 24 11 drone
1496 1 365 292 24 11 drone
1497 1 365 292 24 11 drone
1498 1 365 292 24 11 drone
1499 1 365 292 23 11 drone
1500 1 365 292 24 11 drone
1501 1 365 292 24 11 drone
1502 1 365 292 24 11 drone
1503 1 365 292 23 11 drone
1504 1 365 292 24 11 drone
1505 1 365 291 24 11 drone
1506 1 365 291 24 11 drone
1507 1 365 291 24 11 drone
1508 1 365 291 24 11 drone
1509 1 365 291 23 11 drone
1510 1 366 291 23 11 drone
1511 1 365 291 24 11 drone
1512 1 366 291 23 11 drone
1513 1 366 291 23 11 drone
1514 1 366 291 23 11 drone
1515 1 366 291 23 11 drone
1516 1 366 291 23 11 drone
1517 1 366 291 23 11 drone
1518 1 366 290 23 11 drone
1519 1 366 290 23 11 drone
1520 1 366 290 23 11 drone
1521 1 366 290 22 10 drone
1522 1 366 290 23 11 drone
1523 1 366 290 22 10 drone
1524 1 366 290 23 11 drone
1525 1 366 290 24 11 drone
1526 1 366 290 24 11 drone
1527 1 366 290 23 11 drone
1528 1 366 290 22 10 drone
1529 1 366 290 22 10 drone
1530 1 366 289 23 11 drone
1531 1 366 289 23 11 drone
1532 1 366 289 23 11 drone
1533 1 366 289 22 10 drone
1534 1 366 289 22 10 drone
1535 1 366 289 23 11 drone
1536 1 367 289 22 10 drone
1537 1 367 289 22 10 drone
1538 1 367 289 22 10 drone
1539 1 366 289 22 10 drone
1540 1 367 288 22 10 drone
1541 1 367 289 22 10 drone
1542 1 367 288 22 10 drone
1543 1 367 289 22 10 drone
1544 1 367 288 23 11 drone
1545 1 367 288 22 10 drone
1546 1 367 288 22 10 drone
1547 1 367 288 22 10 drone
1548 1 367 287 23 11 drone
1549 1 366 287 23 11 drone
1550 1 367 287 23 11 drone
1551 1 366 287 24 11 drone
1552 1 366 287 24 11 drone
1553 1 366 286 25 11 drone
1554 1 366 287 24 11 drone
1555 1 366 286 25 11 drone
1556 1 366 287 23 11 drone
1557 1 366 286 25 12 drone
1558 1 366 286 25 12 drone
1559 1 366 286 25 12 drone
1560 1 366 285 25 12 drone
1561 1 366 286 25 12 drone
1562 1 366 285 24 11 drone
1563 1 366 285 25 12 drone
1564 1 366 285 25 11 drone
1565 1 366 285 24 11 drone
1566 1 367 285 24 11 drone
1567 1 366 285 25 12 drone
1568 1 366 285 24 11 drone
1569 1 366 284 25 12 drone
1570 1 366 284 25 12 drone
1571 1 366 284 25 11 drone
1572 1 367 284 24 11 drone
1573 1 367 284 24 11 drone
1574 1 366 284 26 12 drone
1575 1 367 284 23 11 drone
1576 1 367 284 24 11 drone
1577 1 367 284 24 11 drone
1578 1 366 283 25 12 drone
1579 1 366 283 24 11 drone
1580 1 367 283 25 11 drone
1581 1 366 283 25 12 drone
1582 1 367 283 24 11 drone
1583 1 367 283 23 11 drone
1584 1 367 283 23 11 drone
1585 1 366 283 24 11 drone
1586 1 367 283 25 12 drone
1587 1 367 282 24 11 drone
1588 1 367 282 25 12 drone
1589 1 367 282 25 11 drone
1590 1 368 283 23 11 drone
1591 1 367 282 23 11 drone
1592 1 367 282 24 11 drone
1593 1 368 282 23 11 drone
1594 1 367 282 23 11 drone
1595 1 368 282 23 11 drone
1596 1 367 281 24 11 drone
1597 1 368 282 23 11 drone
1598 1 367 281 24 11 drone
1599 1 368 281 22 10 drone
1600 1 367 281 24 11 drone
1601 1 367 280 24 11 drone
1602 1 367 281 24 11 drone
1603 1 367 281 24 11 drone
1604 1 368 281 22 10 drone
1605 1 367 280 24 11 drone
1606 1 367 280 24 11 drone
1607 1 368 280 22 10 drone
1608 1 367 280 23 11 drone
1609 1 367 279 24 11 drone
1610 1 368 280 23 11 drone
1611 1 367 279 24 11 drone
1612 1 367 279 23 11 drone
1613 1 367 279 24 11 drone
1614 1 367 278 25 12 drone
1615 1 367 279 24 11 drone
1616 1 367 278 23 11 drone
1617 1 367 278 24 11 drone
1618 1 367 278 24 11 drone
1619 1 367 278 23 11 drone
1620 1 368 278 22 10 drone
1621 1 367 278 23 11 drone
1622 1 367 277 24 11 drone
1623 1 367 277 24 11 drone
1624 1 366 276 25 12 drone
1625 1 367 276 24 11 drone
1626 1 366 277 23 11 drone
1627 1 367 276 24 11 drone
1628 1 366 277 23 11 drone
1629 1 366 276 24 11 drone
1630 1 366 276 22 10 drone
1631 1 366 276 21 10 drone
1632 1 366 276 21 10 drone
1633 1 366 276 21 10 drone
1634 1 366 276 21 10 drone
1635 1 366 275 21 10 drone
1636 1 365 275 21 10 drone
1637 1 365 275 22 10 drone
1638 1 365 275 22 10 drone
1639 1 365 275 21 10 drone
1640 1 364 274 22 10 drone
1641 1 364 274 21 10 drone
1642 1 364 274 21 10 drone
1643 1 364 273 21 10 drone
1644 1 364 273 21 10 drone
1645 1 363 273 21 10 drone
1646 1 363 273 21 10 drone
1647 1 363 272 21 10 drone
1648 1 363 272 21 10 drone
1649 1 362 271 22 10 drone
1650 1 362 271 22 10 drone
1651 1 362 271 21 10 drone
1652 1 361 271 21 10 drone
1653 1 361 271 21 10 drone
1654 1 361 270 22 10 drone
1655 1 360 270 22 10 drone
1656 1 360 270 21 10 drone
1657 1 360 269 22 10 drone
1658 1 359 269 22 10 drone
1659 1 359 269 22 10 drone
1660 1 359 268 22 10 drone
1661 1 358 268 22 10 drone
1662 1 357 268 21 10 drone
1663 1 357 267 22 10 drone
1664 1 357 267 22 10 drone
1665 1 356 266 21 10 drone
1666 1 356 266 22 10 drone
1667 1 356 265 22 10 drone
1668 1 355 265 21 10 drone
1669 1 355 265 21 10 drone
1670 1 355 264 22 10 drone
1671 1 354 264 22 10 drone
1672 1 353 264 22 10 drone
1673 1 353 263 22 10 drone
1674 1 352 263 21 10 drone
1675 1 352 263 22 10 drone
1676 1 351 262 22 10 drone
1677 1 351 261 22 10 drone
1678 1 350 261 22 10 drone
1679 1 350 261 22 10 drone
1680 1 350 260 22 10 drone
1681 1 349 260 22 10 drone
1682 1 348 260 22 10 drone
1683 1 348 259 22 10 drone
1684 1 348 259 22 10 drone
1685 1 347 258 22 10 drone
1686 1 346 258 23 11 drone
1687 1 346 257 22 10 drone
1688 1 345 257 22 10 drone
1689 1 345 257 23 11 drone
1690 1 344 256 23 11 drone
1691 1 344 256 22 10 drone
1692 1 343 255 22 10 drone
1693 1 343 255 23 11 drone
1694 1 342 255 23 11 drone
1695 1 341 254 23 11 drone
1696 1 341 254 22 10 drone
1697 1 341 253 23 11 drone
1698 1 340 253 22 10 drone
1699 1 339 253 23 11 drone
1700 1 339 252 23 11 drone
1701 1 338 251 23 11 drone
1702 1 338 251 22 10 drone
1703 1 337 251 23 11 drone
1704 1 337 250 23 11 drone
1705 1 336 250 22 10 drone
1706 1 336 250 23 11 drone
1707 1 335 249 23 11 drone
1708 1 335 249 23 11 drone
1709 1 334 249 23 11 drone
1710 1 334 248 22 10 drone
1711 1 333 248 23 11 drone
1712 1 332 247 23 11 drone
1713 1 332 247 23 11 drone
1714 1 331 246 23 11 drone
1715 1 331 246 22 10 drone
1716 1 330 246 23 11 drone
1717 1 329 245 23 11 drone
1718 1 329 245 23 11 drone
1719 1 328 244 23 11 drone
1720 1 328 244 23 11 drone
1721 1 327 244 23 11 drone
1722 1 327 243 23 11 drone
1723 1 326 243 23 11 drone
1724 1 326 243 23 11 drone
1725 1 325 242 22 10 drone
1726 1 324 242 23 11 drone
1727 1 324 241 24 11 drone
1728 1 323 241 23 11 drone
1729 1 323 240 23 11 drone
1730 1 322 240 23 11 drone
1731 1 322 240 23 11 drone
1732 1 321 239 23 11 drone
1733 1 321 239 23 11 drone
1734 1 320 238 23 11 drone
1735 1 319 238 23 11 drone
1736 1 319 238 23 11 drone
1737 1 319 237 23 11 drone
1738 1 318 237 23 11 drone
1739 1 317 237 23 11 drone
1740 1 317 236 23 11 drone
1741 1 316 236 23 11 drone
1742 1 316 235 23 11 drone
1743 1 315 235 23 11 drone
1744 1 314 235 23 11 drone
1745 1 314 234 23 11 drone
1746 1 313 234 24 11 drone
1747 1 313 233 24 11 drone
1748 1 312 233 23 11 drone
1749 1 312 233 23 11 drone
1750 1 311 232 23 11 drone
1751 1 311 232 23 11 drone
1752 1 310 231 23 11 drone
1753 1 309 231 23 11 drone
1754 1 309 231 23 11 drone
1755 1 308 230 24 11 drone
1756 1 307 229 24 11 drone
1757 1 307 229 24 11 drone
1758 1 307 229 23 11 drone
1759 1 306 228 23 11 drone
1760 1 305 228 24 11 drone
1761 1 305 228 24 11 drone
1762 1 304 227 23 11 drone
1763 1 304 227 23 11 drone
1764 1 303 226 24 11 drone
1765 1 303 226 24 11 drone
1766 1 302 226 24 11 drone
1767 1 301 226 24 11 drone
1768 1 301 226 23 11 drone
1769 1 300 226 24 11 drone
1770 1 300 226 23 11 drone
1771 1 299 226 23 11 drone
1772 1 298 226 24 11 drone
1773 1 298 226 24 11 drone
1774 1 297 226 24 11 drone
1775 1 296 225 24 11 drone
1776 1 296 225 24 11 drone
1777 1 296 226 23 11 drone
1778 1 295 226 23 11 drone
1779 1 294 225 24 11 drone
1780 1 294 225 23 11 drone
1781 1 293 225 24 11 drone
1782 1 293 225 24 11 drone
1783 1 292 225 24 11 drone
1784 1 291 225 24 11 drone
1785 1 291 225 24 11 drone
1786 1 290 225 24 11 drone
1787 1 289 225 24 11 drone
1788 1 289 225 24 11 drone
1789 1 289 225 24 11 drone
1790 1 288 225 24 11 drone
1791 1 287 225 24 11 drone
1792 1 286 226 24 11 drone
1793 1 286 226 24 11 drone
1794 1 286 226 24 11 drone
1795 1 285 226 24 11 drone
1796 1 284 226 24 11 drone
1797 1 283 227 25 11 drone
1798 1 283 227 24 11 drone
1799 1 282 228 24 11 drone
1800 1 282 229 24 11 drone
1801 1 281 230 24 11 drone
1802 1 281 232 24 11 drone
1803 1 280 235 24 11 drone
1804 1 280 239 24 11 drone
1805 1 279 244 24 11 drone
1806 1 279 248 24 11 drone
1807 1 278 253 24 11 drone
1808 1 278 256 24 11 drone
1809 1 277 259 24 11 drone
1810 1 276 262 24 11 drone
1811 1 276 264 24 11 drone
1812 1 276 266 24 11 drone
1813 1 275 267 24 11 drone
1814 1 275 268 24 11 drone
1815 1 274 269 24 11 drone
1816 1 273 270 24 11 drone
1817 1 273 270 24 11 drone
1818 1 272 271 24 11 drone
1819 1 272 271 24 11 drone
1820 1 271 271 24 11 drone
1821 1 270 272 24 11 drone
1822 1 270 272 24 11 drone
1823 1 269 272 24 11 drone
1824 1 269 272 24 11 drone
1825 1 268 272 24 11 drone
1826 1 267 272 24 11 drone
1827 1 267 272 24 11 drone
1828 1 267 272 24 11 drone
1829 1 266 272 24 11 drone
1830 1 266 272 24 11 drone
1831 1 265 272 24 11 drone
1832 1 265 272 24 11 drone
1833 1 264 272 24 11 drone
1834 1 263 272 24 11 drone
1835 1 263 272 24 11 drone
1836 1 262 272 24 11 drone
1837 1 261 271 25 11 drone
1838 1 261 271 24 11 drone
1839 1 260 271 24 11 drone
1840 1 260 271 24 11 drone
1841 1 259 271 24 11 drone
1842 1 258 271 24 11 drone
1843 1 258 271 24 11 drone
1844 1 257 270 24 11 drone
1845 1 257 270 24 11 drone
1846 1 256 270 24 11 drone
1847 1 256 270 24 11 drone
1848 1 255 270 24 11 drone
1849 1 254 269 25 11 drone
1850 1 254 269 24 11 drone
1851 1 253 269 25 12 drone
1852 1 252 269 25 11 drone
1853 1 252 268 25 12 drone
1854 1 251 268 24 11 drone
1855 1 252 268 25 12 drone
1856 1 253 268 24 11 drone
1857 1 251 268 24 11 drone
1858 1 253 267 24 11 drone
1859 1 252 267 24 11 drone
1860 1 252 267 24 11 drone
1861 1 254 267 24 11 drone
1862 1 254 267 25 11 drone
1863 1 255 266 24 11 drone
1864 1 258 266 24 11 drone
1865 1 262 266 24 11 drone
1866 1 274 265 25 11 drone
1867 1 295 265 23 11 drone
1868 1 315 264 24 11 drone
1869 1 329 263 24 11 drone
1870 1 340 262 24 11 drone
1871 1 348 262 24 11 drone
1872 1 356 262 24 11 drone
1873 1 363 262 24 11 drone
1874 1 370 261 25 11 drone
1875 1 376 261 24 11 drone
1876 1 382 260 24 11 drone
1877 1 389 259 24 11 drone
1878 1 396 259 24 11 drone
1879 1 402 259 24 11 drone
1880 1 409 259 24 11 drone
1881 1 415 258 24 11 drone
1882 1 419 257 24 11 drone
1883 1 419 257 24 11 drone
1884 1 420 257 24 11 drone
1885 1 420 257 24 11 drone
1886 1 420 257 24 11 drone
1887 1 419 257 25 12 drone
1888 1 419 256 24 11 drone
1889 1 419 256 24 11 drone
1890 1 418 255 24 11 drone
1891 1 418 255 25 11 drone
1892 1 418 255 24 11 drone
1893 1 417 255 24 11 drone
1894 1 416 255 24 11 drone
1895 1 416 254 24 11 drone
1896 1 415 254 24 11 drone
1897 1 415 254 24 11 drone
1898 1 414 254 24 11 drone
1899 1 414 254 24 11 drone
1900 1 413 253 25 12 drone
1901 1 412 253 25 12 drone
1902 1 412 252 24 11 drone
1903 1 412 252 24 11 drone
1904 1 411 252 24 11 drone
1905 1 410 252 24 11 drone
1906 1 409 252 24 11 drone
1907 1 409 251 24 11 drone
1908 1 409 251 24 11 drone
1909 1 408 250 25 11 drone
1910 1 407 250 25 12 drone
1911 1 407 250 24 11 drone
1912 1 406 250 25 11 drone
1913 1 405 250 24 11 drone
1914 1 405 249 24 11 drone
1915 1 404 249 25 12 drone
1916 1 404 248 24 11 drone
1917 1 403 248 24 11 drone
1918 1 402 248 25 12 drone
1919 1 402 248 25 11 drone
1920 1 401 247 25 12 drone
1921 1 401 247 24 11 drone
1922 1 400 247 25 11 drone
1923 1 400 246 24 11 drone
1924 1 399 246 25 11 drone
1925 1 399 246 25 11 drone
1926 1 398 246 25 12 drone
1927 1 397 245 25 12 drone
1928 1 397 245 25 12 drone
1929 1 396 245 25 12 drone
1930 1 396 245 24 11 drone
1931 1 395 244 25 11 drone
1932 1 394 244 25 11 drone
1933 1 394 244 24 11 drone
1934 1 393 243 25 12 drone
1935 1 393 243 25 12 drone
1936 1 392 243 25 12 drone
1937 1 391 243 25 12 drone
1938 1 391 243 25 11 drone
1939 1 390 242 25 12 drone
1940 1 390 242 25 12 drone
1941 1 389 241 25 12 drone
1942 1 389 241 25 12 drone
1943 1 388 241 25 11 drone
1944 1 388 241 25 12 drone
1945 1 387 241 25 12 drone
1946 1 386 240 25 12 drone
1947 1 386 240 25 12 drone
1948 1 385 240 25 12 drone
1949 1 385 239 25 12 drone
1950 1 384 239 25 12 drone
1951 1 383 239 25 12 drone
1952 1 383 239 25 12 drone
1953 1 382 238 25 12 drone
1954 1 382 238 25 12 drone
1955 1 381 238 25 12 drone
1956 1 380 237 25 12 drone
1957 1 380 238 25 11 drone
1958 1 379 237 25 12 drone
1959 1 379 237 25 12 drone
1960 1 379 237 25 12 drone
1961 1 378 236 25 12 drone
1962 1 377 236 25 12 drone
1963 1 377 236 25 12 drone
1964 1 376 235 25 12 drone
1965 1 376 235 25 11 drone
1966 1 375 235 25 12 drone
1967 1 375 235 24 11 drone
1968 1 374 234 24 11 drone
1969 1 373 234 25 12 drone
1970 1 373 234 25 12 drone
1971 1 372 234 24 11 drone
1972 1 372 233 25 12 drone
1973 1 371 233 25 12 drone
1974 1 370 233 25 12 drone
1975 1 370 232 25 12 drone
1976 1 369 232 25 11 drone
1977 1 369 232 24 11 drone
1978 1 368 231 25 12 drone
1979 1 368 231 25 12 drone
1980 1 367 231 25 12 drone
1981 1 366 231 25 12 drone
1982 1 366 230 25 12 drone
1983 1 365 230 26 12 drone
1984 1 365 230 25 12 drone
1985 1 364 229 25 12 drone
1986 1 364 229 25 11 drone
1987 1 363 229 25 12 drone
1988 1 362 228 25 12 drone
1989 1 361 228 25 12 drone
1990 1 361 228 25 12 drone
1991 1 361 228 25 11 drone
1992 1 360 227 25 12 drone
1993 1 359 227 25 12 drone
1994 1 359 227 25 11 drone
1995 1 358 227 25 12 drone
1996 1 358 227 25 12 drone
1997 1 357 227 25 12 drone
1998 1 356 227 25 12 drone
1999 1 356 227 25 12 drone
2000 1 356 227 25 12 drone
2001 1 355 227 25 12 drone
2002 1 354 227 25 12 drone
2003 1 354 227 25 12 drone
2004 1 353 228 25 12 drone
2005 1 353 228 25 12 drone
2006 1 352 229 25 12 drone
2007 1 351 230 25 12 drone
2008 1 351 233 25 12 drone
2009 1 351 236 25 12 drone
2010 1 350 242 25 12 drone
2011 1 350 251 25 12 drone
2012 1 349 262 25 12 drone
2013 1 349 273 25 12 drone
2014 1 349 282 25 12 drone
2015 1 349 291 25 12 drone
2016 1 348 299 25 12 drone
2017 1 348 306 25 12 drone
2018 1 347 313 25 12 drone
2019 1 347 320 25 12 drone
2020 1 347 327 25 12 drone
2021 1 346 333 25 12 drone
2022 1 346 339 25 12 drone
2023 1 345 344 25 12 drone
2024 1 345 350 25 12 drone
2025 1 344 355 25 12 drone
2026 1 344 360 25 12 drone
2027 1 344 365 25 12 drone
2028 1 343 371 25 12 drone
2029 1 343 376 24 11 drone
2030 1 343 382 24 11 drone
2031 1 342 388 24 11 drone
2032 1 342 393 25 12 drone
2033 1 341 398 25 11 drone
2034 1 341 403 25 11 drone
2035 1 341 405 25 12 drone
2036 1 340 407 25 12 drone
2037 1 340 408 24 11 drone
2038 1 339 409 24 11 drone
2039 1 338 410 24 11 drone
2040 1 338 410 25 12 drone
2041 1 337 411 24 11 drone
2042 1 337 411 25 12 drone
2043 1 336 411 24 11 drone
2044 1 336 411 24 11 drone
2045 1 335 411 24 11 drone
2046 1 335 411 24 11 drone
2047 1 334 411 24 11 drone
2048 1 333 411 24 11 drone
2049 1 333 411 24 11 drone
2050 1 332 411 24 11 drone
2051 1 332 410 25 11 drone
2052 1 331 410 25 11 drone
2053 1 331 410 25 11 drone
2054 1 330 410 25 12 drone
2055 1 330 410 25 11 drone
2056 1 329 410 25 11 drone
2057 1 329 410 24 11 drone
2058 1 328 409 24 11 drone
2059 1 327 409 24 11 drone
2060 1 327 409 24 11 drone
2061 1 327 409 25 12 drone
2062 1 326 409 24 11 drone
2063 1 325 408 25 12 drone
2064 1 325 408 24 11 drone
2065 1 324 408 24 11 drone
2066 1 324 408 25 12 drone
2067 1 323 407 25 12 drone
2068 1 323 407 24 11 drone
2069 1 322 407 24 11 drone
2070 1 322 407 24 11 drone
2071 1 321 407 25 11 drone
2072 1 320 406 25 12 drone
2073 1 320 406 24 11 drone
2074 1 319 406 24 11 drone
2075 1 319 406 24 11 drone
2076 1 318 405 25 12 drone
2077 1 317 405 25 12 drone
2078 1 317 405 25 11 drone
2079 1 317 405 25 12 drone
2080 1 316 404 25 12 drone
2081 1 316 404 25 11 drone
2082 1 315 403 25 11 drone
2083 1 314 403 25 12 drone
2084 1 313 402 25 12 drone
2085 1 313 402 25 12 drone
2086 1 313 402 24 11 drone
2087 1 312 401 25 12 drone
2088 1 312 401 24 11 drone
2089 1 311 400 24 11 drone
2090 1 310 399 25 12 drone
2091 1 310 399 25 12 drone
2092 1 309 398 24 11 drone
2093 1 309 398 25 12 drone
2094 1 308 397 25 12 drone
2095 1 309 397 25 12 drone
2096 1 310 397 24 11 drone
2097 1 309 396 24 11 drone
2098 1 310 396 24 11 drone
2099 1 310 396 25 12 drone
2100 1 311 395 25 11 drone
2101 1 314 395 24 11 drone
2102 1 318 395 24 11 drone
2103 1 329 394 25 11 drone
2104 1 346 393 25 11 drone
2105 1 363 393 23 11 drone
2106 1 375 392 24 11 drone
2107 1 384 391 24 11 drone
2108 1 393 391 24 11 drone
2109 1 401 390 24 11 drone
2110 1 409 390 24 11 drone
2111 1 416 390 23 11 drone
2112 1 423 389 24 11 drone
2113 1 430 388 24 11 drone
2114 1 437 387 24 11 drone
2115 1 444 387 24 11 drone
2116 1 451 387 24 11 drone
2117 1 458 386 24 11 drone
2118 1 465 386 24 11 drone
2119 1 472 385 24 11 drone
2120 1 479 384 24 11 drone
2121 1 486 384 25 11 drone
2122 1 493 383 25 12 drone
2123 1 500 383 24 11 drone
2124 1 508 382 24 11 drone
2125 1 513 381 24 11 drone
2126 1 513 380 25 11 drone
2127 1 514 380 25 12 drone
2128 1 514 379 25 12 drone
2129 1 515 378 25 12 drone
2130 1 514 378 25 12 drone
2131 1 515 377 25 11 drone
2132 1 514 377 25 12 drone
2133 1 514 376 25 12 drone
2134 1 513 375 25 12 drone
2135 1 513 375 24 11 drone
2136 1 512 375 25 12 drone
2137 1 511 374 25 12 drone
2138 1 511 374 25 11 drone
2139 1 511 373 25 12 drone
2140 1 510 373 25 12 drone
2141 1 509 373 25 12 drone
2142 1 509 373 25 12 drone
2143 1 508 372 25 12 drone
2144 1 507 372 25 12 drone
2145 1 507 371 25 12 drone
2146 1 506 371 25 12 drone
2147 1 506 370 25 12 drone
2148 1 505 370 25 12 drone
2149 1 504 370 25 12 drone
2150 1 504 369 24 11 drone
2151 1 503 369 25 12 drone
2152 1 503 368 25 12 drone
2153 1 502 368 25 12 drone
2154 1 501 368 25 12 drone
2155 1 501 367 25 12 drone
2156 1 500 367 25 12 drone
2157 1 499 367 25 12 drone
2158 1 499 366 25 12 drone
2159 1 499 366 25 11 drone
2160 1 498 366 25 12 drone
2161 1 497 365 25 12 drone
2162 1 496 365 25 12 drone
2163 1 496 364 25 12 drone
2164 1 495 364 25 12 drone
2165 1 495 364 25 12 drone
2166 1 494 363 25 12 drone
2167 1 493 363 26 12 drone
2168 1 493 363 26 12 drone
2169 1 492 362 25 12 drone
2170 1 492 361 25 12 drone
2171 1 491 361 25 12 drone
2172 1 490 360 26 12 drone
2173 1 490 358 26 12 drone
2174 1 489 358 25 12 drone
2175 1 489 357 25 12 drone
2176 1 488 356 25 12 drone
2177 1 488 355 25 12 drone
2178 1 487 354 25 12 drone
2179 1 486 353 25 12 drone
2180 1 486 352 25 12 drone
2181 1 485 351 25 12 drone
2182 1 485 350 25 12 drone
2183 1 484 349 25 12 drone
2184 1 483 348 25 12 drone
2185 1 482 347 25 12 drone
2186 1 482 346 25 12 drone
2187 1 481 345 25 12 drone
2188 1 480 344 26 12 drone
2189 1 480 343 25 12 drone
2190 1 479 342 25 12 drone
2191 1 479 341 25 12 drone
2192 1 478 340 25 12 drone
2193 1 478 339 25 12 drone
2194 1 477 338 25 12 drone
2195 1 477 337 25 12 drone
2196 1 476 337 25 12 drone
2197 1 475 336 25 12 drone
2198 1 475 335 25 12 drone
2199 1 474 334 25 12 drone
2200 1 473 333 25 12 drone
2201 1 473 332 26 12 drone
2202 1 473 332 25 12 drone
2203 1 472 331 25 12 drone
2204 1 472 330 25 12 drone
2205 1 471 330 25 12 drone
2206 1 470 329 25 12 drone
2207 1 469 328 26 12 drone
2208 1 469 328 25 12 drone
2209 1 469 327 25 12 drone
2210 1 468 327 25 12 drone
2211 1 467 326 25 12 drone
2212 1 467 325 25 12 drone
2213 1 466 325 25 12 drone
2214 1 465 324 25 12 drone
2215 1 465 324 25 12 drone
2216 1 464 323 25 12 drone
2217 1 464 323 25 12 drone
2218 1 463 322 25 12 drone
2219 1 463 322 25 12 drone
2220 1 462 321 26 12 drone
2221 1 461 321 26 12 drone
2222 1 461 320 25 12 drone
2223 1 461 320 25 12 drone
2224 1 459 319 26 12 drone
2225 1 459 319 25 12 drone
2226 1 459 318 25 12 drone
2227 1 458 318 25 12 drone
2228 1 457 317 26 12 drone
2229 1 457 317 26 12 drone
2230 1 456 316 25 12 drone
2231 1 455 316 25 12 drone
2232 1 455 315 26 12 drone
2233 1 455 315 25 12 drone
2234 1 454 314 25 12 drone
2235 1 454 314 25 12 drone
2236 1 453 313 25 12 drone
2237 1 452 313 25 12 drone
2238 1 452 313 25 12 drone
2239 1 451 312 25 12 drone
2240 1 451 312 25 12 drone
2241 1 450 311 26 12 drone
2242 1 449 311 25 12 drone
2243 1 449 310 25 12 drone
2244 1 448 310 25 12 drone
2245 1 447 309 26 12 drone
2246 1 447 309 25 12 drone
2247 1 446 309 26 12 drone
2248 1 445 308 26 12 drone
2249 1 445 308 26 12 drone
2250 1 444 307 26 12 drone
2251 1 444 307 25 12 drone
2252 1 443 307 26 12 drone
2253 1 443 306 25 12 drone
2254 1 442 306 25 12 drone
2255 1 442 305 25 12 drone
2256 1 441 305 26 12 drone
2257 1 440 304 26 12 drone
2258 1 440 304 26 12 drone
2259 1 439 304 25 12 drone
2260 1 439 303 26 12 drone
2261 1 438 303 25 12 drone
2262 1 437 303 26 12 drone
2263 1 437 302 26 12 drone
2264 1 436 302 25 12 drone
2265 1 435 301 26 12 drone
2266 1 435 301 26 12 drone
2267 1 435 301 25 12 drone
2268 1 434 300 25 12 drone
2269 1 433 300 26 12 drone
2270 1 433 299 25 12 drone
2271 1 432 299 25 12 drone
2272 1 432 299 25 12 drone
2273 1 431 298 26 12 drone
2274 1 431 298 26 12 drone
2275 1 430 297 25 12 drone
2276 1 429 297 26 12 drone
2277 1 429 297 26 12 drone
2278 1 429 296 25 12 drone
2279 1 428 296 26 12 drone
2280 1 427 295 25 12 drone
2281 1 427 295 25 12 drone
2282 1 426 295 25 12 drone
2283 1 426 294 25 12 drone
2284 1 425 294 25 12 drone
2285 1 424 293 26 12 drone
2286 1 424 293 25 12 drone
2287 1 424 293 25 12 drone
2288 1 423 293 25 12 drone
2289 1 423 292 25 12 drone
2290 1 422 292 25 12 drone
2291 1 422 291 25 12 drone
2292 1 421 291 25 12 drone
2293 1 420 290 25 12 drone
2294 1 419 290 26 12 drone
2295 1 419 290 26 12 drone
2296 1 418 289 25 12 drone
2297 1 417 289 26 12 drone
2298 1 417 289 25 12 drone
2299 1 417 288 25 12 drone
2300 1 416 288 25 12 drone
2301 1 416 287 25 12 drone
2302 1 415 287 25 12 drone
2303 1 414 286 25 12 drone
2304 1 414 286 26 12 drone
2305 1 413 286 26 12 drone
2306 1 413 285 26 12 drone
2307 1 412 285 25 12 drone
2308 1 412 285 25 12 drone
2309 1 411 284 25 12 drone
2310 1 410 284 25 12 drone
2311 1 410 283 26 12 drone
2312 1 409 283 26 12 drone
2313 1 409 283 25 12 drone
2314 1 408 282 26 12 drone
2315 1 407 282 26 12 drone
2316 1 407 281 26 12 drone
2317 1 406 281 26 12 drone
2318 1 406 281 25 12 drone
2319 1 405 280 26 12 drone
2320 1 405 280 25 12 drone
2321 1 404 280 25 12 drone
2322 1 403 279 26 12 drone
2323 1 403 279 25 12 drone
2324 1 402 278 26 12 drone
2325 1 402 278 25 12 drone
2326 1 401 277 26 12 drone
2327 1 401 277 26 12 drone
2328 1 400 277 26 12 drone
2329 1 399 276 26 12 drone
2330 1 399 276 26 12 drone
2331 1 398 275 26 12 drone
2332 1 398 275 26 12 drone
2333 1 397 275 26 12 drone
2334 1 396 274 26 12 drone
2335 1 396 274 26 12 drone
2336 1 395 274 25 12 drone
2337 1 395 273 25 12 drone
2338 1 394 273 26 12 drone
2339 1 393 272 26 12 drone
2340 1 393 272 26 12 drone
2341 1 392 272 26 12 drone
2342 1 392 271 26 12 drone
2343 1 391 271 26 12 drone
2344 1 391 271 26 12 drone
2345 1 390 270 26 12 drone
2346 1 389 270 25 12 drone
2347 1 389 269 26 12 drone
2348 1 388 269 26 12 drone
2349 1 387 269 26 12 drone
2350 1 387 268 26 12 drone
2351 1 386 268 26 12 drone
2352 1 386 267 26 12 drone
2353 1 385 267 26 12 drone
2354 1 384 267 26 12 drone
2355 1 384 266 26 12 drone
2356 1 384 266 25 12 drone
2357 1 383 265 26 12 drone
2358 1 382 265 26 12 drone
2359 1 382 265 26 12 drone
2360 1 381 264 26 12 drone
2361 1 380 264 26 12 drone
2362 1 380 264 26 12 drone
2363 1 379 263 25 12 drone
2364 1 378 263 26 12 drone
2365 1 378 262 26 12 drone
2366 1 377 262 26 12 drone
2367 1 377 262 26 12 drone
2368 1 376 261 26 12 drone
2369 1 375 261 26 12 drone
2370 1 375 261 26 12 drone
2371 1 374 260 26 12 drone
2372 1 373 260 26 12 drone
2373 1 373 260 25 12 drone
2374 1 372 259 26 12 drone
2375 1 371 258 26 12 drone
2376 1 371 258 26 12 drone
2377 1 370 258 26 12 drone
2378 1 369 257 26 12 drone
2379 1 369 257 26 12 drone
2380 1 368 256 26 12 drone
2381 1 367 256 26 12 drone
2382 1 367 256 26 12 drone
2383 1 367 256 26 12 drone
2384 1 365 255 26 12 drone
2385 1 365 255 26 12 drone
2386 1 365 254 26 12 drone
2387 1 364 254 26 12 drone
2388 1 363 253 26 12 drone
2389 1 362 253 26 12 drone
2390 1 362 253 26 12 drone
2391 1 361 252 26 12 drone
2392 1 361 252 26 12 drone
2393 1 360 252 26 12 drone
2394 1 360 251 26 12 drone
2395 1 359 251 26 12 drone
2396 1 358 250 26 12 drone
2397 1 357 250 26 12 drone
2398 1 357 250 26 12 drone
2399 1 356 249 26 12 drone
2400 1 356 249 26 12 drone
2401 1 355 248 27 12 drone
2402 1 354 248 27 12 drone
2403 1 353 248 26 12 drone
2404 1 353 248 26 12 drone
2405 1 352 247 26 12 drone
2406 1 351 246 27 12 drone
2407 1 351 246 27 12 drone
2408 1 350 246 26 12 drone
2409 1 350 246 26 12 drone
2410 1 349 245 27 12 drone
2411 1 348 245 27 12 drone
2412 1 348 244 27 12 drone
2413 1 347 244 26 12 drone
2414 1 347 244 26 12 drone
2415 1 346 243 26 12 drone
2416 1 345 243 27 12 drone
2417 1 344 242 26 12 drone
2418 1 344 242 27 12 drone
2419 1 343 242 27 12 drone
2420 1 343 241 27 12 drone
2421 1 342 241 27 12 drone
2422 1 342 241 26 12 drone
2423 1 341 240 27 13 drone
2424 1 340 240 26 12 drone
2425 1 339 239 27 12 drone
2426 1 339 239 26 12 drone
2427 1 338 239 26 12 drone
2428 1 338 238 26 12 drone
2429 1 337 238 27 12 drone
2430 1 337 238 26 12 drone
2431 1 336 237 26 12 drone
2432 1 335 237 27 13 drone
2433 1 335 237 26 12 drone
2434 1 334 236 27 12 drone
2435 1 333 236 27 12 drone
2436 1 333 235 26 12 drone
2437 1 332 235 27 12 drone
2438 1 331 235 27 12 drone
2439 1 330 234 27 13 drone
2440 1 330 234 26 12 drone
2441 1 330 233 27 12 drone
2442 1 329 233 27 12 drone
2443 1 328 233 27 13 drone
2444 1 328 232 27 12 drone
2445 1 327 232 27 12 drone
2446 1 326 232 27 13 drone
2447 1 326 231 26 12 drone
2448 1 325 231 27 13 drone
2449 1 325 231 27 12 drone
2450 1 324 230 27 12 drone
2451 1 323 230 27 12 drone
2452 1 322 229 26 12 drone
2453 1 321 229 27 13 drone
2454 1 321 229 26 12 drone
2455 1 320 228 27 12 drone
2456 1 320 228 26 12 drone
2457 1 319 228 27 12 drone
2458 1 318 227 27 13 drone
2459 1 318 227 27 13 drone
2460 1 317 226 27 13 drone
2461 1 317 226 27 13 drone
2462 1 316 226 26 12 drone
2463 1 316 225 27 13 drone
2464 1 315 225 27 13 drone
2465 1 314 224 27 13 drone
2466 1 314 224 27 12 drone
2467 1 313 223 27 13 drone
2468 1 312 223 27 12 drone
2469 1 311 223 27 13 drone
2470 1 311 222 27 13 drone
2471 1 310 222 27 12 drone
2472 1 309 222 27 12 drone
2473 1 309 221 27 12 drone
2474 1 308 221 27 12 drone
2475 1 307 220 27 13 drone
2476 1 307 220 27 13 drone
2477 1 306 220 27 13 drone
2478 1 305 219 27 13 drone
2479 1 305 219 27 13 drone
2480 1 304 218 27 13 drone
2481 1 304 218 27 13 drone
2482 1 303 218 27 13 drone
2483 1 302 217 27 13 drone
2484 1 301 217 27 13 drone
2485 1 301 217 27 13 drone
2486 1 300 216 27 13 drone
2487 1 300 216 27 13 drone
2488 1 299 215 27 13 drone
2489 1 298 215 27 13 drone
2490 1 298 215 27 13 drone
2491 1 297 214 27 13 drone
2492 1 296 214 27 13 drone
2493 1 295 213 27 13 drone
2494 1 295 213 28 13 drone
2495 1 294 213 27 13 drone
2496 1 294 212 27 13 drone
2497 1 293 212 28 13 drone
2498 1 292 212 27 12 drone
2499 1 292 211 27 13 drone
2500 1 291 211 27 13 drone
2501 1 290 211 27 13 drone
2502 1 290 210 27 13 drone
2503 1 289 210 28 13 drone
2504 1 288 209 27 13 drone
2505 1 288 209 27 13 drone
2506 1 287 209 27 13 drone
2507 1 286 208 27 13 drone
2508 1 286 208 27 13 drone
2509 1 285 207 27 13 drone
2510 1 284 207 28 13 drone
2511 1 284 207 27 13 drone
2512 1 283 206 27 13 drone
2513 1 282 206 28 13 drone
2514 1 282 205 27 13 drone
2515 1 281 205 27 13 drone
2516 1 280 205 28 13 drone
2517 1 280 204 27 13 drone
2518 1 279 204 28 13 drone
2519 1 279 204 27 13 drone
2520 1 278 203 27 13 drone
2521 1 277 203 28 13 drone
2522 1 276 202 28 13 drone
2523 1 276 202 27 13 drone
2524 1 275 202 28 13 drone
2525 1 274 201 28 13 drone
2526 1 273 201 28 13 drone
2527 1 273 200 28 13 drone
2528 1 272 200 28 13 drone
2529 1 271 200 28 13 drone
2530 1 271 199 28 13 drone
2531 1 270 199 27 13 drone
2532 1 269 198 28 13 drone
2533 1 269 198 28 13 drone
2534 1 268 198 28 13 drone
2535 1 267 197 28 13 drone
2536 1 267 196 28 13 drone
2537 1 266 195 28 13 drone
2538 1 265 194 28 13 drone
2539 1 264 193 28 13 drone
2540 1 264 192 28 13 drone
2541 1 263 190 28 13 drone
2542 1 262 188 28 13 drone
2543 1 262 186 28 13 drone
2544 1 261 182 28 13 drone
2545 1 260 176 28 13 drone
2546 1 259 167 27 13 drone
2547 1 258 156 28 13 drone
2548 1 257 144 28 13 drone
2549 1 256 132 28 13 drone
2550 1 255 122 28 13 drone
2551 1 254 114 28 13 drone
2552 1 253 105 29 13 drone
2553 1 252 98 29 14 drone
2554 1 251 90 29 14 drone
2555 1 250 82 29 14 drone
2556 1 249 76 29 13 drone
2557 1 248 69 29 14 drone
2558 1 247 62 29 14 drone
2559 1 246 56 30 14 drone
2560 1 245 50 30 14 drone
2561 1 244 44 30 14 drone
2562 1 243 37 30 14 drone
2563 1 242 31 31 14 drone
2564 1 241 25 31 14 drone
2565 1 241 20 31 14 drone
2566 1 239 18 31 14 drone
2567 1 239 16 31 15 drone
2568 1 238 14 31 14 drone
2569 1 237 12 32 15 drone
2570 1 236 11 32 15 drone
2571 1 236 10 32 15 drone
2572 1 236 10 32 15 drone
2573 1 234 8 32 15 drone
2574 1 234 8 32 15 drone
2575 1 233 7 32 15 drone
2576 1 233 7 32 15 drone
2577 1 231 5 32 15 drone
2578 1 231 5 32 15 drone
2579 1 230 4 32 15 drone
2580 1 230 4 32 15 drone
2581 1 228 3 32 15 drone
2582 1 228 3 32 15 drone
2583 1 227 1 33 15 drone
2584 1 227 1 33 15 drone
2585 1 225 0 33 16 drone
2586 1 225 0 33 16 drone
2587 1 224 -1 33 15 drone
2588 1 224 -1 33 15 drone
2589 1 223 -2 33 15 drone
2590 1 223 -2 33 15 drone
2591 1 222 -2 33 15 drone
2592 1 222 -2 33 15 drone
2593 1 220 -4 34 16 drone
2594 1 220 -4 34 16 drone
2595 1 219 -5 33 16 drone
2596 1 219 -5 33 16 drone
2597 1 217 -6 33 16 drone
2598 1 217 -6 33 16 drone
2599 1 216 -7 34 16 drone
2600 1 216 -7 34 16 drone
2601 1 214 -8 35 16 drone
2602 1 214 -8 35 16 drone
2603 0
2604 0
2605 0
2606 0
2607 0
2608 0
2609 0
2610 0
2611 0
2612 0
2613 0
2614 0
2615 0
2616 0
2617 0
2618 0
2619 0
2620 0
2621 0
2622 0
2623 0
2624 0
2625 0
2626 0
2627 0
2628 0
2629 0
2630 0
2631 0
2632 0
2633 0
2634 0
2635 0
2636 0
2637 0
2638 0
2639 0
2640 0
2641 0
2642 0
2643 0
2644 0
2645 0
2646 0
2647 0
2648 0
2649 1 188 1 20 10 drone
2650 1 184 6 27 11 drone
2651 1 182 12 29 16 drone
2652 1 182 20 28 16 drone
2653 1 181 27 29 16 drone
2654 1 181 34 28 16 drone
2655 1 181 41 29 16 drone
2656 1 180 47 28 16 drone
2657 1 180 52 28 16 drone
2658 1 179 58 28 15 drone
2659 1 178 63 28 16 drone
2660 1 178 68 28 16 drone
2661 1 178 73 28 15 drone
2662 1 177 78 28 16 drone
2663 1 176 83 28 15 drone
2664 1 176 89 27 15 drone
2665 1 176 93 27 15 drone
2666 1 175 98 28 15 drone
2667 1 175 103 28 15 drone
2668 1 174 108 28 15 drone
2669 1 174 113 28 15 drone
2670 1 173 119 28 15 drone
2671 1 172 124 27 15 drone
2672 1 172 129 28 15 drone
2673 1 171 134 27 15 drone
2674 1 171 140 28 15 drone
2675 1 170 145 28 15 drone
2676 1 170 150 28 15 drone
2677 1 169 156 28 15 drone
2678 1 168 161 28 15 drone
2679 1 168 166 27 15 drone
2680 1 168 169 28 15 drone
2681 1 167 171 27 15 drone
2682 1 167 172 27 15 drone
2683 1 166 173 27 15 drone
2684 1 165 173 27 15 drone
2685 1 165 174 27 15 drone
2686 1 167 174 26 15 drone
2687 1 166 174 27 15 drone
2688 1 166 174 27 15 drone
2689 1 167 174 26 15 drone
2690 1 167 174 27 15 drone
2691 1 168 174 26 15 drone
2692 1 172 174 27 15 drone
2693 1 175 174 27 15 drone
2694 1 188 174 26 14 drone
2695 1 208 173 26 14 drone
2696 1 229 173 25 14 drone
2697 1 244 172 26 14 drone
2698 1 257 171 26 14 drone
2699 1 267 171 26 14 drone
2700 1 277 171 26 14 drone
2701 1 287 170 26 14 drone
2702 1 296 170 26 14 drone
2703 1 304 169 26 14 drone
2704 1 313 168 25 14 drone
2705 1 322 168 25 14 drone
2706 1 330 167 26 14 drone
2707 1 339 167 26 14 drone
2708 1 347 167 26 14 drone
2709 1 356 166 26 14 drone
2710 1 364 165 26 14 drone
2711 1 373 165 26 14 drone
2712 1 382 164 26 14 drone
2713 1 391 164 26 14 drone
2714 1 400 163 25 14 drone
2715 1 408 163 26 14 drone
2716 1 418 162 25 14 drone
2717 1 427 161 26 14 drone
2718 1 436 161 26 14 drone
2719 1 444 160 25 14 drone
2720 1 452 160 26 14 drone
2721 1 454 159 25 14 drone
2722 1 455 159 25 14 drone
2723 1 456 159 25 14 drone
2724 1 457 158 26 14 drone
2725 1 457 158 26 14 drone
2726 1 458 158 26 14 drone
2727 1 458 157 26 14 drone
2728 1 458 157 26 14 drone
2729 1 457 157 26 14 drone
2730 1 457 156 26 14 drone
2731 1 457 156 26 14 drone
2732 1 456 156 26 14 drone
2733 1 455 155 26 14 drone
2734 1 455 155 26 14 drone
2735 1 454 155 25 14 drone
2736 1 453 154 26 14 drone
2737 1 453 154 26 14 drone
2738 1 452 154 25 14 drone
2739 1 451 153 26 14 drone
2740 1 451 153 25 14 drone
2741 1 450 153 26 14 drone
2742 1 449 153 26 14 drone
2743 1 449 152 26 14 drone
2744 1 447 152 26 14 drone
2745 1 447 151 26 14 drone
2746 1 447 151 26 14 drone
2747 1 446 151 26 14 drone
2748 1 445 151 26 14 drone
2749 1 444 150 26 14 drone
2750 1 444 150 26 14 drone
2751 1 443 150 26 14 drone
2752 1 442 150 26 14 drone
2753 1 442 150 26 14 drone
2754 1 441 151 26 14 drone
2755 1 440 151 26 14 drone
2756 1 440 151 26 14 drone
2757 1 439 152 25 14 drone
2758 1 438 153 26 14 drone
2759 1 437 154 26 14 drone
2760 1 437 157 25 14 drone
2761 1 436 160 25 14 drone
2762 1 435 166 26 14 drone
2763 1 435 175 26 14 drone
2764 1 435 185 25 14 drone
2765 1 434 194 26 14 drone
2766 1 434 204 25 14 drone
2767 1 433 211 25 14 drone
2768 1 433 219 25 14 drone
2769 1 432 226 25 14 drone
2770 1 432 233 25 14 drone
2771 1 431 239 25 14 drone
2772 1 431 246 25 14 drone
2773 1 431 252 25 14 drone
2774 1 430 257 25 14 drone
2775 1 430 263 24 13 drone
2776 1 429 269 25 13 drone
2777 1 428 274 25 13 drone
2778 1 428 279 25 13 drone
2779 1 427 284 25 13 drone
2780 1 427 290 25 13 drone
2781 1 426 295 25 13 drone
2782 1 425 300 25 13 drone
2783 1 425 306 25 13 drone
2784 1 424 311 25 13 drone
2785 1 424 314 25 13 drone
2786 1 423 316 25 13 drone
2787 1 423 317 25 13 drone
2788 1 422 318 25 13 drone
2789 1 421 319 25 13 drone
2790 1 420 319 25 13 drone
2791 1 420 320 25 13 drone
2792 1 419 320 25 13 drone
2793 1 418 320 25 13 drone
2794 1 418 320 25 13 drone
2795 1 417 320 25 13 drone
2796 1 417 320 24 13 drone
2797 1 416 320 24 13 drone
2798 1 415 320 25 13 drone
2799 1 414 320 24 13 drone
2800 1 413 319 25 13 drone
2801 1 412 319 25 13 drone
2802 1 412 319 25 13 drone
2803 1 411 319 24 13 drone
2804 1 411 319 24 13 drone
2805 1 410 318 25 13 drone
2806 1 409 318 25 13 drone
2807 1 409 318 24 13 drone
2808 1 408 318 25 13 drone
2809 1 407 317 24 13 drone
2810 1 406 317 25 13 drone
2811 1 405 317 25 13 drone
2812 1 405 317 24 13 drone
2813 1 404 316 25 13 drone
2814 1 403 316 25 13 drone
2815 1 402 315 25 13 drone
2816 1 402 315 25 13 drone
2817 1 401 315 25 13 drone
2818 1 400 315 25 13 drone
2819 1 399 314 25 13 drone
2820 1 400 314 24 13 drone
2821 1 401 314 25 13 drone
2822 1 400 313 25 13 drone
2823 1 401 313 25 13 drone
2824 1 404 313 25 13 drone
2825 1 408 312 25 13 drone
2826 1 419 312 25 13 drone
2827 1 435 311 25 13 drone
2828 1 451 310 25 13 drone
2829 1 465 309 25 13 drone
2830 1 478 307 26 13 drone
2831 1 490 307 25 13 drone
2832 1 501 306 25 13 drone
2833 1 512 305 26 13 drone
2834 1 523 305 26 13 drone
2835 1 531 304 25 13 drone
2836 1 533 303 25 13 drone
2837 1 534 303 26 13 drone
2838 1 535 303 25 13 drone
2839 1 536 303 26 13 drone
2840 1 536 302 25 13 drone
2841 1 537 302 25 13 drone
2842 1 537 301 26 13 drone
2843 1 537 301 26 13 drone
2844 1 536 301 25 13 drone
2845 1 536 300 26 13 drone
2846 1 536 300 25 13 drone
2847 1 535 300 26 13 drone
2848 1 534 299 26 13 drone
2849 1 534 299 26 13 drone
2850 1 533 298 26 13 drone
2851 1 533 298 26 13 drone
2852 1 531 298 26 13 drone
2853 1 531 298 26 13 drone
2854 1 530 297 25 13 drone
2855 1 529 297 25 13 drone
2856 1 529 296 25 13 drone
2857 1 528 296 25 13 drone
2858 1 527 296 25 13 drone
2859 1 527 296 25 13 drone
2860 1 526 295 25 13 drone
2861 1 525 295 26 13 drone
2862 1 524 294 26 13 drone
2863 1 524 294 26 13 drone
2864 1 522 294 26 13 drone
2865 1 522 293 26 13 drone
2866 1 521 293 26 13 drone
2867 1 520 293 26 14 drone
2868 1 520 292 25 13 drone
2869 1 519 292 25 13 drone
2870 1 518 292 25 13 drone
2871 1 517 291 26 13 drone
2872 1 517 291 26 13 drone
2873 1 516 291 26 13 drone
2874 1 515 290 25 13 drone
2875 1 514 290 26 13 drone
2876 1 514 290 26 13 drone
2877 1 513 289 26 13 drone
2878 1 513 289 25 13 drone
2879 1 512 289 26 13 drone
2880 1 511 288 25 13 drone
2881 1 510 288 25 13 drone
2882 1 509 288 25 13 drone
2883 1 508 287 26 13 drone
2884 1 508 287 26 13 drone
2885 1 507 287 25 13 drone
2886 1 506 286 26 13 drone
2887 1 505 286 25 13 drone
2888 1 505 286 26 13 drone
2889 1 504 285 25 13 drone
2890 1 503 285 26 13 drone
2891 1 503 285 25 13 drone
2892 1 502 285 25 13 drone
2893 1 501 284 26 13 drone
2894 1 500 284 26 13 drone
2895 1 499 283 25 13 drone
2896 1 499 283 26 13 drone
2897 1 498 283 25 13 drone
2898 1 497 283 25 13 drone
2899 1 496 282 26 13 drone
2900 1 496 282 25 13 drone
2901 1 495 282 25 13 drone
2902 1 494 281 26 13 drone
2903 1 494 281 25 13 drone
2904 1 492 281 26 13 drone
2905 1 492 280 26 13 drone
2906 1 491 280 25 13 drone
2907 1 490 280 25 13 drone
2908 1 490 279 25 13 drone
2909 1 489 279 25 13 drone
2910 1 488 279 25 13 drone
2911 1 487 278 26 13 drone
2912 1 487 278 25 13 drone
2913 1 486 277 25 13 drone
2914 1 486 277 25 13 drone
2915 1 485 277 25 13 drone
2916 1 484 276 26 13 drone
2917 1 483 276 26 13 drone
2918 1 482 276 25 13 drone
2919 1 481 275 26 13 drone
2920 1 481 275 26 13 drone
2921 1 480 275 25 13 drone
2922 1 479 275 25 13 drone
2923 1 479 274 25 13 drone
2924 1 478 274 25 13 drone
2925 1 477 274 25 13 drone
2926 1 476 273 26 13 drone
2927 1 476 273 25 13 drone
2928 1 475 272 25 13 drone
2929 1 474 272 26 14 drone
2930 1 473 272 26 13 drone
2931 1 472 271 26 13 drone
2932 1 472 271 26 13 drone
2933 1 471 271 26 13 drone
2934 1 470 270 25 13 drone
2935 1 470 270 25 13 drone
2936 1 469 270 25 13 drone
2937 1 468 270 25 13 drone
2938 1 467 269 26 13 drone
2939 1 466 269 26 13 drone
2940 1 466 268 25 13 drone
2941 1 465 268 25 13 drone
2942 1 464 268 25 13 drone
2943 1 463 267 26 13 drone
2944 1 462 267 26 13 drone
2945 1 461 267 26 13 drone
2946 1 461 266 26 13 drone
2947 1 460 266 26 13 drone
2948 1 459 266 26 13 drone
2949 1 459 265 26 13 drone
2950 1 458 265 26 13 drone
2951 1 457 265 26 13 drone
2952 1 456 264 26 13 drone
2953 1 455 264 26 13 drone
2954 1 455 264 26 13 drone
2955 1 454 263 25 13 drone
2956 1 453 263 26 13 drone
2957 1 452 262 26 13 drone
2958 1 452 262 26 13 drone
2959 1 451 262 26 13 drone
2960 1 450 261 25 13 drone
2961 1 450 261 25 13 drone
2962 1 449 261 26 13 drone
2963 1 448 260 26 13 drone
2964 1 447 260 26 13 drone
2965 1 446 260 26 13 drone
2966 1 445 259 26 14 drone
2967 1 445 259 26 13 drone
2968 1 444 259 26 14 drone
2969 1 443 258 26 13 drone
2970 1 442 258 26 13 drone
2971 1 442 258 25 13 drone
2972 1 441 257 26 13 drone
2973 1 440 257 26 13 drone
2974 1 439 257 26 14 drone
2975 1 438 256 26 14 drone
2976 1 438 256 25 13 drone
2977 1 437 256 26 13 drone
2978 1 436 255 26 13 drone
2979 1 435 255 26 13 drone
2980 1 434 255 26 13 drone
2981 1 434 254 26 13 drone
2982 1 433 254 26 13 drone
2983 1 432 254 26 13 drone
2984 1 431 253 26 13 drone
2985 1 431 253 25 13 drone
2986 1 430 252 26 13 drone
2987 1 429 252 25 13 drone
2988 1 428 252 26 13 drone
2989 1 427 251 26 13 drone
2990 1 427 251 26 13 drone
2991 1 426 251 26 13 drone
2992 1 425 250 26 13 drone
2993 1 424 250 26 14 drone
2994 1 423 250 26 14 drone
2995 1 423 249 26 13 drone
2996 1 422 249 26 13 drone
2997 1 421 249 26 13 drone
2998 1 420 248 26 13 drone
2999 1 419 248 26 13 drone
3000 1 419 247 26 14 drone
