0 1 344 252 101 59 drone
1 1 343 249 101 63 drone
2 1 340 247 101 63 drone
3 1 340 247 101 63 drone
4 1 339 247 101 63 drone
5 1 339 247 101 63 drone
6 1 339 247 101 63 drone
7 1 339 247 101 63 drone
8 1 339 247 101 63 drone
9 1 339 247 101 63 drone
10 1 338 247 101 63 drone
11 1 338 247 101 63 drone
12 1 336 247 101 63 drone
13 1 335 247 101 63 drone
14 1 333 247 101 63 drone
15 1 329 247 101 63 drone
16 1 326 247 101 63 drone
17 1 325 247 101 63 drone
18 1 324 247 101 63 drone
19 1 323 248 101 63 drone
20 1 322 247 101 63 drone
21 1 322 247 101 63 drone
22 1 321 247 101 63 drone
23 1 321 248 101 63 drone
24 1 321 247 101 63 drone
25 1 321 248 101 63 drone
26 1 320 247 101 63 drone
27 1 320 248 101 63 drone
28 1 320 247 101 63 drone
29 1 320 247 101 63 drone
30 1 320 247 101 63 drone
31 1 320 248 101 63 drone
32 1 320 247 101 63 drone
33 1 320 247 101 63 drone
34 1 320 247 101 63 drone
35 1 320 247 101 63 drone
36 1 320 247 101 63 drone
37 1 320 247 101 63 drone
38 1 319 247 102 63 drone
39 1 320 246 102 63 drone
40 1 319 246 102 64 drone
41 1 318 245 103 64 drone
42 1 318 245 104 65 drone
43 1 318 244 105 65 drone
44 1 317 243 106 66 drone
45 1 316 241 108 67 drone
46 1 315 240 109 68 drone
47 1 315 239 109 68 drone
48 1 315 239 110 68 drone
49 1 315 239 109 68 drone
50 1 316 238 110 68 drone
51 1 315 238 110 69 drone
52 1 316 238 110 69 drone
53 1 316 237 110 69 drone
54 1 321 228 110 69 drone
55 1 321 227 110 69 drone
56 1 320 226 112 70 drone
57 1 319 225 113 71 drone
58 1 321 228 111 69 drone
59 1 319 214 111 69 drone
60 1 319 213 111 69 drone
61 1 319 214 111 69 drone
62 1 319 214 111 69 drone
63 1 319 214 112 69 drone
64 1 320 205 112 69 drone
65 1 320 204 113 69 drone
66 1 323 194 112 69 drone
67 1 323 194 112 69 drone
68 1 323 194 112 69 drone
69 1 321 187 112 69 drone
70 1 320 186 113 70 drone
71 1 321 187 112 69 drone
72 1 319 177 112 69 drone
73 1 319 177 113 69 drone
74 1 317 175 116 71 drone
75 1 322 169 112 69 drone
76 1 325 163 104 67 drone
77 1 325 163 104 67 drone
78 1 327 157 104 67 drone
79 1 327 159 105 68 drone
80 1 325 160 108 70 drone
81 1 327 159 104 67 drone
82 1 326 161 106 68 drone
83 1 330 160 104 67 drone
84 1 329 162 106 68 drone
85 1 328 153 111 71 drone
86 1 328 154 112 72 drone
87 1 328 148 111 71 drone
88 1 328 149 112 72 drone
89 1 331 147 111 71 drone
90 1 331 149 111 71 drone
91 1 331 146 111 71 drone
92 1 331 148 111 71 drone
93 1 327 143 111 71 drone
94 1 327 145 112 71 drone
95 1 332 142 111 71 drone
96 1 332 144 111 71 drone
97 1 330 136 111 71 drone
98 1 330 138 111 71 drone
99 1 327 134 111 71 drone
100 1 327 137 111 71 drone
101 1 330 137 111 71 drone
102 1 330 143 111 71 drone
103 1 330 139 111 71 drone
104 1 330 144 111 71 drone
105 1 331 145 111 71 drone
106 1 331 151 111 71 drone
107 1 334 148 111 71 drone
108 1 334 154 111 71 drone
109 1 334 155 111 71 drone
110 1 334 161 111 71 drone
111 1 331 160 111 71 drone
112 1 330 165 113 72 drone
113 1 334 168 111 71 drone
114 1 333 173 113 72 drone
115 1 341 172 111 71 drone
116 1 340 177 114 73 drone
117 1 340 180 111 71 drone
118 1 339 186 114 73 drone
119 1 340 182 111 71 drone
120 1 339 187 114 73 drone
121 1 338 192 116 74 drone
122 1 342 197 110 71 drone
123 1 341 202 112 72 drone
124 1 343 207 111 71 drone
125 1 343 212 111 71 drone
126 1 344 218 111 71 drone
127 1 344 223 110 70 drone
128 1 345 229 110 70 drone
129 1 346 234 110 70 drone
130 1 346 238 110 70 drone
131 1 347 243 110 70 drone
132 1 347 247 110 70 drone
133 1 347 250 110 71 drone
134 1 348 254 110 71 drone
135 1 348 256 111 71 drone
136 1 348 259 111 71 drone
137 1 349 260 111 71 drone
138 1 349 262 111 71 drone
139 1 349 263 111 71 drone
140 1 350 264 111 71 drone
141 1 350 265 112 71 drone
142 1 350 265 112 71 drone
143 1 350 265 112 72 drone
144 1 350 265 113 72 drone
145 1 350 265 112 72 drone
146 1 350 265 113 72 drone
147 1 351 264 112 72 drone
148 1 351 264 112 72 drone
149 1 351 263 112 72 drone
150 1 351 263 112 72 drone
151 1 352 262 112 72 drone
152 1 352 271 112 51 drone
153 1 353 270 112 51 drone
154 1 353 270 112 51 drone
155 1 353 270 112 51 drone
156 1 353 269 113 51 drone
157 1 353 269 113 51 drone
158 1 354 269 112 51 drone
159 1 354 268 113 52 drone
160 1 354 267 113 52 drone
161 1 354 267 113 52 drone
162 1 355 266 113 51 drone
163 1 355 266 113 52 drone
164 1 356 266 113 51 drone
165 1 356 265 113 51 drone
166 1 356 264 113 51 drone
167 1 357 263 113 51 drone
168 1 357 263 113 51 drone
169 1 357 262 113 52 drone
170 1 357 261 114 52 drone
171 1 357 261 113 52 drone
172 1 358 260 114 52 drone
173 1 358 260 113 52 drone
174 1 366 259 106 43 drone
175 1 366 258 106 43 drone
176 1 366 258 107 43 drone
177 1 367 257 106 43 drone
178 1 367 257 106 43 drone
179 1 367 256 106 43 drone
180 1 368 256 106 43 drone
181 1 368 255 106 43 drone
182 1 368 255 106 43 drone
183 1 368 254 106 43 drone
184 1 369 253 106 43 drone
185 1 369 253 106 43 drone
186 1 369 252 106 43 drone
187 1 370 252 105 43 drone
188 1 370 251 105 43 drone
189 1 370 250 106 43 drone
190 1 370 250 106 43 drone
191 1 370 249 106 43 drone
192 1 371 249 106 43 drone
193 1 371 249 105 43 drone
194 1 372 248 105 42 drone
195 1 372 248 105 42 drone
196 1 372 247 105 42 drone
197 1 372 247 105 43 drone
198 1 372 246 105 43 drone
199 1 372 245 105 43 drone
200 1 373 245 105 43 drone
201 1 373 245 104 42 drone
202 1 374 245 104 42 drone
203 1 374 244 105 42 drone
204 1 373 243 105 43 drone
205 1 374 243 105 42 drone
206 1 374 242 104 42 drone
207 1 374 242 105 43 drone
208 1 374 241 105 43 drone
209 1 375 242 104 42 drone
210 1 375 242 103 42 drone
211 1 374 241 106 43 drone
212 1 375 240 105 43 drone
213 1 376 240 104 42 drone
214 1 376 240 103 42 drone
215 1 376 240 103 42 drone
216 1 375 240 103 42 drone
217 1 375 239 105 43 drone
218 1 374 239 104 42 drone
219 1 374 240 104 42 drone
220 1 373 240 102 41 drone
221 1 368 240 103 42 drone
222 1 362 240 103 42 drone
223 1 357 241 102 42 drone
224 1 352 242 103 42 drone
225 1 348 242 103 42 drone
226 1 344 242 103 42 drone
227 1 340 243 103 42 drone
228 1 337 244 102 41 drone
229 1 333 245 102 41 drone
230 1 330 246 102 41 drone
231 1 326 246 103 42 drone
232 1 322 248 103 42 drone
233 1 318 248 106 43 drone
234 1 314 250 106 43 drone
235 1 312 252 103 42 drone
236 1 308 254 103 42 drone
237 1 304 256 103 42 drone
238 1 301 258 103 42 drone
239 1 297 260 103 42 drone
240 1 294 263 102 41 drone
241 1 291 266 102 41 drone
242 1 287 269 102 41 drone
243 1 284 272 102 41 drone
244 1 280 276 101 41 drone
245 1 278 280 100 40 drone
246 1 278 284 100 41 drone
247 1 278 289 99 40 drone
248 1 276 291 101 41 drone
249 1 277 296 100 41 drone
250 1 277 302 100 41 drone
251 1 277 308 99 40 drone
252 1 276 313 99 40 drone
253 1 276 319 100 41 drone
254 1 277 324 100 40 drone
255 1 276 330 100 40 drone
256 1 276 335 100 40 drone
257 1 276 340 101 41 drone
258 1 277 346 100 40 drone
259 1 277 353 99 40 drone
260 1 277 358 99 40 drone
261 1 277 363 98 40 drone
262 1 277 367 98 40 drone
263 1 278 372 98 40 drone
264 1 277 375 99 40 drone
265 1 277 379 100 41 drone
266 1 278 383 98 40 drone
267 1 278 386 98 40 drone
268 1 277 388 99 40 drone
269 1 278 392 98 40 drone
270 1 278 395 98 40 drone
271 1 278 398 97 40 drone
272 1 278 400 97 39 drone
273 1 278 403 98 40 drone
274 1 278 405 98 40 drone
275 1 278 407 97 39 drone
276 1 277 406 98 40 drone
277 1 278 406 98 40 drone
278 1 278 407 97 39 drone
279 1 277 406 97 39 drone
280 1 277 405 98 40 drone
281 1 277 405 97 40 drone
282 1 278 406 96 39 drone
283 1 278 406 96 39 drone
284 1 278 406 96 39 drone
285 1 277 406 96 39 drone
286 1 277 406 96 39 drone
287 1 277 407 95 39 drone
288 1 277 406 96 39 drone
289 1 277 407 95 39 drone
290 1 277 406 96 39 drone
291 1 277 407 95 39 drone
292 1 277 407 95 39 drone
293 1 277 407 95 39 drone
294 1 276 407 96 39 drone
295 1 276 407 96 39 drone
296 1 276 408 95 39 drone
297 1 276 408 95 39 drone
298 1 276 408 95 39 drone
299 1 276 408 95 39 drone
300 1 276 409 95 39 drone
301 1 275 409 95 39 drone
302 1 275 410 95 38 drone
303 1 275 410 95 39 drone
304 1 275 410 95 39 drone
305 1 275 410 95 39 drone
306 1 275 411 95 38 drone
307 1 275 411 95 44 drone
308 1 275 412 95 44 drone
309 1 275 412 95 44 drone
310 1 275 413 95 44 drone
311 1 274 413 95 44 drone
312 1 274 414 95 44 drone
313 1 274 414 95 44 drone
314 1 274 415 95 44 drone
315 1 274 415 95 44 drone
316 1 274 415 95 44 drone
317 1 274 416 95 44 drone
318 1 274 416 95 44 drone
319 1 273 417 94 44 drone
320 1 273 418 94 44 drone
321 1 273 418 94 44 drone
322 1 273 419 94 44 drone
323 1 273 420 94 44 drone
324 1 272 420 95 44 drone
325 1 272 421 95 44 drone
326 1 272 422 94 44 drone
327 1 272 423 95 44 drone
328 1 272 423 94 44 drone
329 1 272 424 94 43 drone
330 1 272 424 94 44 drone
331 1 271 424 94 44 drone
332 1 271 423 94 44 drone
333 1 271 422 94 44 drone
334 1 271 421 94 44 drone
335 1 271 420 94 44 drone
336 1 270 419 94 44 drone
337 1 270 418 94 44 drone
338 1 270 417 94 43 drone
339 1 270 416 94 43 drone
340 1 270 415 94 43 drone
341 1 269 414 94 44 drone
342 1 269 413 94 43 drone
343 1 269 412 94 44 drone
344 1 269 411 95 44 drone
345 1 268 410 94 44 drone
346 1 268 409 94 43 drone
347 1 268 409 94 43 drone
348 1 268 408 94 44 drone
349 1 268 407 94 43 drone
350 1 268 407 93 43 drone
351 1 268 406 94 43 drone
352 1 267 405 94 44 drone
353 1 267 405 93 43 drone
354 1 267 404 94 44 drone
355 1 267 404 94 43 drone
356 1 267 403 94 43 drone
357 1 267 403 93 43 drone
358 1 266 403 94 43 drone
359 1 266 402 94 43 drone
360 1 266 402 93 43 drone
361 1 266 402 93 43 drone
362 1 266 402 93 43 drone
363 1 266 401 93 43 drone
364 1 265 401 94 44 drone
365 1 265 401 94 43 drone
366 1 265 401 93 43 drone
367 1 265 401 93 43 drone
368 1 265 400 93 43 drone
369 1 264 400 94 43 drone
370 1 264 400 93 43 drone
371 1 264 400 93 43 drone
372 1 264 400 93 43 drone
373 1 264 400 94 43 drone
374 1 264 400 94 43 drone
375 1 263 399 93 43 drone
376 1 263 399 93 43 drone
377 1 263 399 94 44 drone
378 1 263 399 94 43 drone
379 1 263 399 93 43 drone
380 1 262 399 94 43 drone
381 1 262 399 93 43 drone
382 1 262 399 94 43 drone
383 1 262 399 93 43 drone
384 1 262 399 94 43 drone
385 1 262 399 93 43 drone
386 1 261 398 94 43 drone
387 1 261 399 94 43 drone
388 1 261 399 93 43 drone
389 1 261 398 93 43 drone
390 1 261 399 93 43 drone
391 1 261 398 93 43 drone
392 1 261 398 93 43 drone
393 1 260 398 94 44 drone
394 1 260 398 93 43 drone
395 1 260 398 94 43 drone
396 1 260 398 94 43 drone
397 1 252 398 97 39 drone
398 1 252 398 97 45 drone
399 1 252 398 96 45 drone
400 1 252 398 97 45 drone
401 1 252 398 97 45 drone
402 1 251 398 97 45 drone
403 1 251 397 97 45 drone
404 1 251 398 97 45 drone
405 1 251 397 97 45 drone
406 1 251 397 97 45 drone
407 1 251 397 97 45 drone
408 1 251 397 97 45 drone
409 1 250 397 97 45 drone
410 1 251 397 97 45 drone
411 1 250 397 97 45 drone
412 1 251 397 96 45 drone
413 1 250 397 97 45 drone
414 1 250 397 96 45 drone
415 1 250 397 96 45 drone
416 1 250 397 97 45 drone
417 1 250 397 97 45 drone
418 1 250 397 96 45 drone
419 1 250 397 96 45 drone
420 1 250 397 96 45 drone
421 1 249 397 97 45 drone
422 1 249 397 96 45 drone
423 1 249 397 96 45 drone
424 1 249 396 97 45 drone
425 1 249 397 97 45 drone
426 1 249 396 97 45 drone
427 1 249 397 97 45 drone
428 1 249 397 96 45 drone
429 1 249 397 96 45 drone
430 1 249 397 96 45 drone
431 1 248 397 96 45 drone
432 1 249 397 96 45 drone
433 1 248 397 97 45 drone
434 1 248 397 97 45 drone
435 1 248 397 97 45 drone
436 1 248 397 97 45 drone
437 1 248 397 96 45 drone
438 1 248 397 97 45 drone
439 1 248 397 97 45 drone
440 1 248 397 96 45 drone
441 1 248 397 97 45 drone
442 1 248 397 97 45 drone
443 1 247 397 97 45 drone
444 1 248 397 96 45 drone
445 1 248 398 96 44 drone
446 1 248 398 96 45 drone
447 1 248 398 96 45 drone
448 1 248 398 96 45 drone
449 1 247 398 96 45 drone
450 1 248 398 96 45 drone
451 1 247 398 96 45 drone
452 1 247 398 97 45 drone
453 1 247 398 96 45 drone
454 1 247 398 96 45 drone
455 1 247 399 96 45 drone
456 1 247 399 96 45 drone
457 1 247 399 96 45 drone
458 1 247 399 96 44 drone
459 1 247 399 96 45 drone
460 1 247 399 96 45 drone
461 1 247 399 96 45 drone
462 1 247 399 96 45 drone
463 1 247 400 96 44 drone
464 1 247 400 96 45 drone
465 1 247 400 97 45 drone
466 1 247 400 97 45 drone
467 1 247 400 96 45 drone
468 1 247 400 96 45 drone
469 1 247 401 96 45 drone
470 1 247 401 96 45 drone
471 1 247 401 96 45 drone
472 1 247 401 96 45 drone
473 1 247 401 96 45 drone
474 1 247 401 96 45 drone
475 1 247 401 97 45 drone
476 1 247 402 96 45 drone
477 1 247 402 97 45 drone
478 1 247 402 96 45 drone
479 1 247 402 96 45 drone
480 1 247 402 96 45 drone
481 1 247 402 96 45 drone
482 1 247 402 96 45 drone
483 1 247 403 96 45 drone
484 1 247 403 96 45 drone
485 1 247 403 97 45 drone
486 1 247 403 97 45 drone
487 1 247 403 96 45 drone
488 1 247 403 96 45 drone
489 1 247 403 96 45 drone
490 1 247 403 96 45 drone
491 1 247 403 96 45 drone
492 1 247 404 96 45 drone
493 1 247 404 96 45 drone
494 1 247 404 96 45 drone
495 1 248 404 96 44 drone
496 1 247 404 97 45 drone
497 1 247 404 97 45 drone
498 1 248 404 96 45 drone
499 1 248 404 96 45 drone
500 1 248 404 97 45 drone
501 1 248 404 96 45 drone
502 1 248 404 96 45 drone
503 1 248 405 96 45 drone
504 1 248 405 97 45 drone
505 1 248 405 97 45 drone
506 1 248 405 97 45 drone
507 1 248 405 96 45 drone
508 1 249 405 96 44 drone
509 1 248 405 96 45 drone
510 1 248 405 96 45 drone
511 1 248 405 97 45 drone
512 1 249 406 96 44 drone
513 1 249 406 96 45 drone
514 1 248 406 96 45 drone
515 1 249 406 96 45 drone
516 1 249 406 96 45 drone
517 1 249 406 96 45 drone
518 1 249 406 96 45 drone
519 1 249 406 96 45 drone
520 1 249 406 97 45 drone
521 1 249 406 96 45 drone
522 1 249 406 96 45 drone
523 1 249 407 96 45 drone
524 1 249 406 97 45 drone
525 1 249 407 97 45 drone
526 1 249 406 97 45 drone
527 1 249 407 96 45 drone
528 1 250 407 96 45 drone
529 1 249 407 97 45 drone
530 1 250 407 96 45 drone
531 1 250 407 96 45 drone
532 1 250 407 96 45 drone
533 1 250 407 96 45 drone
534 1 249 407 97 45 drone
535 1 250 407 97 45 drone
536 1 250 408 97 45 drone
537 1 250 407 97 45 drone
538 1 250 408 96 45 drone
539 1 250 408 96 45 drone
540 1 250 408 97 45 drone
541 1 250 408 96 45 drone
542 1 250 408 96 45 drone
543 1 250 408 96 45 drone
544 1 250 408 97 45 drone
545 1 250 408 96 45 drone
546 1 250 408 97 45 drone
547 1 250 408 97 45 drone
548 1 250 408 97 45 drone
549 1 251 408 97 45 drone
550 1 251 408 96 45 drone
551 1 251 408 96 45 drone
552 1 251 408 97 45 drone
553 1 251 408 97 45 drone
554 1 250 408 97 45 drone
555 1 251 408 97 45 drone
556 1 251 408 97 45 drone
557 1 251 409 97 45 drone
558 1 251 409 96 45 drone
559 1 251 409 97 45 drone
560 1 251 409 97 45 drone
561 1 251 409 97 45 drone
562 1 251 409 96 45 drone
563 1 251 409 97 45 drone
564 1 251 409 97 45 drone
565 1 251 409 97 45 drone
566 1 251 409 97 45 drone
567 1 251 409 97 45 drone
568 1 251 409 97 45 drone
569 1 251 409 97 45 drone
570 1 252 409 97 45 drone
571 1 251 409 97 45 drone
572 1 252 409 97 45 drone
573 1 252 408 97 45 drone
574 1 252 408 97 45 drone
575 1 252 408 97 45 drone
576 1 252 408 97 45 drone
577 1 252 408 97 45 drone
578 1 252 407 97 45 drone
579 1 252 407 97 45 drone
580 1 252 406 97 45 drone
581 1 252 406 97 45 drone
582 1 253 406 97 45 drone
583 1 252 405 98 45 drone
584 1 253 405 97 45 drone
585 1 253 404 97 45 drone
586 1 253 403 97 45 drone
587 1 253 403 97 45 drone
588 1 253 402 97 45 drone
589 1 253 401 97 45 drone
590 1 253 400 97 45 drone
591 1 254 399 97 45 drone
592 1 254 399 97 45 drone
593 1 254 398 97 45 drone
594 1 254 397 97 45 drone
595 1 254 396 97 45 drone
596 1 254 395 97 45 drone
597 1 254 394 97 45 drone
598 1 255 392 97 45 drone
599 1 255 391 97 45 drone
600 1 255 390 97 45 drone
601 1 255 389 97 45 drone
602 1 256 388 97 45 drone
603 1 256 386 96 45 drone
604 1 256 385 97 45 drone
605 1 256 383 97 45 drone
606 1 256 382 97 45 drone
607 1 256 381 96 45 drone
608 1 256 379 97 45 drone
609 1 257 377 97 45 drone
610 1 257 376 97 45 drone
611 1 257 374 96 45 drone
612 1 257 372 97 45 drone
613 1 257 371 97 45 drone
614 1 258 369 97 45 drone
615 1 258 367 96 45 drone
616 1 258 365 96 45 drone
617 1 258 363 96 45 drone
618 1 258 361 96 45 drone
619 1 259 359 96 45 drone
620 1 259 357 97 45 drone
621 1 259 355 97 45 drone
622 1 259 353 96 44 drone
623 1 259 351 96 45 drone
624 1 259 349 96 44 drone
625 1 259 347 96 45 drone
626 1 259 344 96 45 drone
627 1 260 342 96 44 drone
628 1 260 340 96 45 drone
629 1 260 337 96 45 drone
630 1 260 335 95 44 drone
631 1 260 333 96 44 drone
632 1 260 330 96 44 drone
633 1 260 328 96 44 drone
634 1 261 325 96 45 drone
635 1 261 322 96 44 drone
636 1 261 320 95 44 drone
637 1 261 317 95 44 drone
638 1 261 314 96 44 drone
639 1 262 312 95 44 drone
640 1 261 309 96 44 drone
641 1 261 306 96 44 drone
642 1 262 304 95 44 drone
643 1 262 301 95 44 drone
644 1 262 298 96 44 drone
645 1 262 295 96 45 drone
646 1 262 292 96 44 drone
647 1 262 289 96 44 drone
648 1 262 287 95 44 drone
649 1 263 284 95 44 drone
650 1 263 281 95 44 drone
651 1 263 278 95 44 drone
652 1 263 276 95 44 drone
653 1 263 274 94 44 drone
654 1 264 272 94 43 drone
655 1 264 273 94 44 drone
656 1 264 275 94 43 drone
657 1 264 277 94 44 drone
658 1 264 277 95 44 drone
659 1 264 278 94 44 drone
660 1 265 278 94 44 drone
661 1 265 278 94 44 drone
662 1 264 277 95 44 drone
663 1 265 277 94 44 drone
664 1 265 276 94 44 drone
665 1 265 275 94 44 drone
666 1 265 274 94 44 drone
667 1 265 273 94 44 drone
668 1 266 272 93 43 drone
669 1 266 272 93 43 drone
670 1 266 270 94 44 drone
671 1 266 270 94 43 drone
672 1 266 269 93 43 drone
673 1 266 268 93 43 drone
674 1 266 267 93 43 drone
675 1 267 266 93 43 drone
676 1 267 266 93 43 drone
677 1 266 265 93 43 drone
678 1 267 264 92 43 drone
679 1 267 263 92 43 drone
680 1 267 262 92 43 drone
681 1 267 261 92 43 drone
682 1 268 261 92 43 drone
683 1 267 259 93 43 drone
684 1 267 259 92 43 drone
685 1 268 258 92 43 drone
686 1 267 257 92 43 drone
687 1 268 256 93 43 drone
688 1 268 255 92 43 drone
689 1 269 254 91 42 drone
690 1 268 253 92 43 drone
691 1 268 253 91 42 drone
692 1 268 251 92 43 drone
693 1 268 250 92 43 drone
694 1 268 249 92 43 drone
695 1 268 248 92 43 drone
696 1 269 248 92 43 drone
697 1 269 247 92 43 drone
698 1 268 246 92 43 drone
699 1 268 245 92 43 drone
700 1 269 244 92 43 drone
701 1 269 244 92 42 drone
702 1 269 242 91 42 drone
703 1 269 242 91 42 drone
704 1 270 241 91 42 drone
705 1 269 240 91 42 drone
706 1 270 239 91 42 drone
707 1 269 238 90 42 drone
708 1 269 237 91 42 drone
709 1 269 236 91 42 drone
710 1 269 235 92 43 drone
711 1 269 234 91 42 drone
712 1 269 233 91 42 drone
713 1 270 232 91 42 drone
714 1 270 231 91 42 drone
715 1 270 230 90 42 drone
716 1 270 229 90 42 drone
717 1 270 229 90 42 drone
718 1 269 227 91 42 drone
719 1 269 226 91 42 drone
720 1 269 225 91 42 drone
721 1 269 224 91 42 drone
722 1 269 223 92 42 drone
723 1 269 222 91 42 drone
724 1 269 221 92 42 drone
725 1 269 221 91 42 drone
726 1 269 220 91 42 drone
727 1 269 219 91 42 drone
728 1 271 219 89 41 drone
729 1 271 218 89 41 drone
730 1 271 218 89 41 drone
731 1 271 216 89 41 drone
732 1 271 215 88 41 drone
733 1 276 212 83 51 drone
734 1 276 211 83 51 drone
735 1 276 211 83 51 drone
736 1 276 210 83 51 drone
737 1 276 209 83 51 drone
738 1 276 208 83 51 drone
739 1 276 208 83 51 drone
740 1 276 207 83 51 drone
741 1 276 207 83 51 drone
742 1 276 206 83 51 drone
743 1 277 205 83 51 drone
744 1 277 205 83 51 drone
745 1 277 204 82 50 drone
746 1 277 204 82 51 drone
747 1 277 203 82 50 drone
748 1 277 203 82 51 drone
749 1 277 202 82 50 drone
750 1 277 202 82 50 drone
751 1 277 202 82 50 drone
752 1 277 201 82 50 drone
753 1 277 201 82 50 drone
754 1 277 201 82 50 drone
755 1 278 201 81 50 drone
756 1 277 200 82 50 drone
757 1 278 200 81 50 drone
758 1 278 200 81 50 drone
759 1 278 200 81 50 drone
760 1 278 200 81 50 drone
761 1 278 200 81 50 drone
762 1 278 200 81 50 drone
763 1 278 200 81 50 drone
764 1 278 200 81 50 drone
765 1 278 200 81 50 drone
766 1 278 200 81 49 drone
767 1 278 201 80 49 drone
768 1 278 201 80 49 drone
769 1 279 202 80 49 drone
770 1 278 202 80 49 drone
771 1 278 202 80 49 drone
772 1 278 202 80 49 drone
773 1 278 203 80 49 drone
774 1 279 204 80 49 drone
775 1 279 204 79 49 drone
776 1 279 205 80 49 drone
777 1 279 206 79 49 drone
778 1 279 207 79 49 drone
779 1 279 208 79 49 drone
780 1 279 209 79 49 drone
781 1 279 210 80 49 drone
782 1 279 210 79 49 drone
783 1 279 211 79 49 drone
784 1 279 213 79 49 drone
785 1 279 214 79 49 drone
786 1 279 215 79 49 drone
787 1 279 217 79 49 drone
788 1 279 218 79 49 drone
789 1 279 220 79 49 drone
790 1 279 222 79 48 drone
791 1 279 224 79 48 drone
792 1 280 226 78 48 drone
793 1 280 228 78 48 drone
794 1 280 230 78 48 drone
795 1 280 232 78 48 drone
796 1 280 235 78 48 drone
797 1 280 236 78 48 drone
798 1 280 239 78 48 drone
799 1 281 241 77 47 drone
800 1 281 244 77 47 drone
801 1 280 246 78 48 drone
802 1 281 249 77 47 drone
803 1 281 251 77 48 drone
804 1 281 253 77 48 drone
805 1 281 256 77 48 drone
806 1 281 259 77 47 drone
807 1 281 262 77 47 drone
808 1 281 264 77 47 drone
809 1 281 266 77 48 drone
810 1 281 269 76 47 drone
811 1 281 271 77 47 drone
812 1 281 273 77 47 drone
813 1 281 276 76 47 drone
814 1 282 278 76 47 drone
815 1 281 280 77 47 drone
816 1 282 283 76 47 drone
817 1 282 284 76 47 drone
818 1 282 286 76 47 drone
819 1 282 289 75 46 drone
820 1 282 291 75 46 drone
821 1 282 293 75 46 drone
822 1 282 294 75 46 drone
823 1 283 296 74 46 drone
824 1 283 298 74 46 drone
825 1 283 299 75 46 drone
826 1 282 300 75 46 drone
827 1 283 302 74 46 drone
828 1 283 303 74 45 drone
829 1 283 304 74 45 drone
830 1 283 305 74 45 drone
831 1 283 307 73 45 drone
832 1 283 308 73 45 drone
833 1 283 309 74 45 drone
834 1 283 309 74 45 drone
835 1 283 310 74 45 drone
836 1 283 311 74 45 drone
837 1 283 312 74 45 drone
838 1 283 313 74 45 drone
839 1 283 314 74 45 drone
840 1 283 314 74 45 drone
841 1 283 315 74 45 drone
842 1 283 316 73 45 drone
843 1 283 317 73 45 drone
844 1 283 317 73 45 drone
845 1 283 318 73 45 drone
846 1 283 318 73 45 drone
847 1 284 319 73 45 drone
848 1 284 320 73 45 drone
849 1 284 320 73 45 drone
850 1 283 321 73 45 drone
851 1 284 321 73 45 drone
852 1 284 322 72 44 drone
853 1 284 322 72 44 drone
854 1 284 323 73 45 drone
855 1 284 323 72 44 drone
856 1 284 322 72 44 drone
857 1 284 321 72 44 drone
858 1 284 319 72 44 drone
859 1 284 317 72 44 drone
860 1 284 316 72 44 drone
861 1 284 314 72 44 drone
862 1 284 312 72 44 drone
863 1 284 311 72 44 drone
864 1 284 309 72 44 drone
865 1 284 307 72 44 drone
866 1 284 306 71 44 drone
867 1 284 303 72 44 drone
868 1 284 302 71 44 drone
869 1 284 300 71 44 drone
870 1 284 298 71 44 drone
871 1 284 296 71 44 drone
872 1 284 295 70 43 drone
873 1 284 293 70 43 drone
874 1 284 291 71 43 drone
875 1 284 289 70 43 drone
876 1 284 287 70 43 drone
877 1 284 285 71 44 drone
878 1 284 284 70 43 drone
879 1 284 282 71 43 drone
880 1 284 280 70 43 drone
881 1 284 279 70 43 drone
882 1 284 277 70 43 drone
883 1 284 275 70 43 drone
884 1 284 274 70 43 drone
885 1 284 273 70 43 drone
886 1 284 271 69 43 drone
887 1 284 271 69 43 drone
888 1 284 271 70 43 drone
889 1 284 271 70 43 drone
890 1 284 273 70 43 drone
891 1 284 275 69 43 drone
892 1 284 276 69 43 drone
893 1 284 277 69 43 drone
894 1 284 279 69 43 drone
895 1 284 279 69 43 drone
896 1 285 280 69 43 drone
897 1 285 281 69 42 drone
898 1 285 282 68 42 drone
899 1 285 283 68 42 drone
900 1 285 283 69 42 drone
901 1 285 284 69 42 drone
902 1 285 284 69 42 drone
903 1 285 285 69 42 drone
904 1 285 285 68 42 drone
905 1 285 286 68 42 drone
906 1 285 286 69 42 drone
907 1 285 287 68 42 drone
908 1 285 287 68 42 drone
909 1 285 288 68 42 drone
910 1 285 288 68 42 drone
911 1 285 288 68 42 drone
912 1 285 289 68 42 drone
913 1 285 289 68 42 drone
914 1 285 290 68 42 drone
915 1 285 290 68 42 drone
916 1 285 290 68 42 drone
917 1 285 291 68 42 drone
918 1 285 291 68 42 drone
919 1 285 292 68 42 drone
920 1 285 292 68 42 drone
921 1 285 293 68 42 drone
922 1 285 293 68 42 drone
923 1 286 294 68 42 drone
924 1 286 294 67 41 drone
925 1 285 295 68 42 drone
926 1 285 295 68 42 drone
927 1 285 296 68 42 drone
928 1 286 297 67 41 drone
929 1 286 297 68 42 drone
930 1 286 298 67 41 drone
931 1 286 298 67 41 drone
932 1 286 299 67 41 drone
933 1 286 299 67 41 drone
934 1 286 300 67 41 drone
935 1 286 300 67 41 drone
936 1 286 301 67 41 drone
937 1 286 301 66 41 drone
938 1 286 302 67 41 drone
939 1 287 302 67 41 drone
940 1 287 303 66 41 drone
941 1 287 303 67 41 drone
942 1 287 304 66 41 drone
943 1 288 304 67 41 drone
944 1 288 305 67 41 drone
945 1 289 306 66 41 drone
946 1 290 306 66 41 drone
947 1 293 307 66 41 drone
948 1 297 308 66 40 drone
949 1 301 308 66 40 drone
950 1 305 308 66 40 drone
951 1 307 309 66 40 drone
952 1 310 309 65 40 drone
953 1 313 310 65 40 drone
954 1 316 310 65 40 drone
955 1 318 311 65 40 drone
956 1 320 312 64 39 drone
957 1 322 312 65 40 drone
958 1 325 312 65 40 drone
959 1 327 313 65 40 drone
960 1 329 314 64 40 drone
961 1 331 314 64 40 drone
962 1 333 314 65 40 drone
963 1 336 315 64 40 drone
964 1 338 315 64 40 drone
965 1 340 316 65 40 drone
966 1 342 316 64 40 drone
967 1 344 317 64 39 drone
968 1 347 317 64 39 drone
969 1 349 317 64 39 drone
970 1 350 318 64 39 drone
971 1 351 317 64 39 drone
972 1 351 316 64 39 drone
973 1 351 315 64 39 drone
974 1 351 314 64 39 drone
975 1 351 312 64 39 drone
976 1 351 311 63 39 drone
977 1 351 310 63 39 drone
978 1 351 308 64 39 drone
979 1 351 307 63 39 drone
980 1 351 306 64 39 drone
981 1 351 304 63 39 drone
982 1 351 303 63 39 drone
983 1 351 301 63 39 drone
984 1 351 300 63 38 drone
985 1 351 298 63 39 drone
986 1 351 297 62 38 drone
987 1 350 296 63 39 drone
988 1 350 294 63 39 drone
989 1 350 293 63 38 drone
990 1 350 291 63 39 drone
991 1 350 290 63 39 drone
992 1 350 288 63 39 drone
993 1 350 287 62 38 drone
994 1 350 285 63 39 drone
995 1 350 284 63 39 drone
996 1 350 283 62 38 drone
997 1 350 281 62 38 drone
998 1 350 280 62 38 drone
999 1 349 278 62 38 drone
1000 1 349 277 62 38 drone
1001 1 349 275 62 38 drone
1002 1 349 274 62 38 drone
1003 1 349 272 62 38 drone
1004 1 349 271 62 38 drone
1005 1 349 269 62 38 drone
1006 1 349 268 62 38 drone
1007 1 349 266 62 38 drone
1008 1 349 265 62 38 drone
1009 1 349 263 62 38 drone
1010 1 349 262 62 38 drone
1011 1 349 261 61 38 drone
1012 1 349 259 62 38 drone
1013 1 348 258 62 38 drone
1014 1 349 256 61 38 drone
1015 1 348 255 61 38 drone
1016 1 348 253 62 38 drone
1017 1 348 252 61 38 drone
1018 1 348 251 61 38 drone
1019 1 348 250 62 38 drone
1020 1 348 249 61 38 drone
1021 1 348 248 62 38 drone
1022 1 348 247 61 38 drone
1023 1 348 247 61 38 drone
1024 1 348 248 62 38 drone
1025 1 348 251 61 38 drone
1026 1 348 253 61 38 drone
1027 1 348 255 61 37 drone
1028 1 348 256 61 38 drone
1029 1 348 258 61 38 drone
1030 1 348 259 61 38 drone
1031 1 348 260 61 37 drone
1032 1 348 261 61 37 drone
1033 1 348 262 61 37 drone
1034 1 349 262 60 37 drone
1035 1 349 263 60 37 drone
1036 1 349 259 60 44 drone
1037 1 349 259 60 44 drone
1038 1 349 260 60 44 drone
1039 1 349 261 60 44 drone
1040 1 349 261 60 44 drone
1041 1 349 262 60 44 drone
1042 1 349 263 60 44 drone
1043 1 349 263 60 44 drone
1044 1 349 264 60 44 drone
1045 1 349 265 60 44 drone
1046 1 349 266 60 44 drone
1047 1 349 266 60 44 drone
1048 1 349 267 60 44 drone
1049 1 349 267 60 44 drone
1050 1 349 269 59 43 drone
1051 1 349 269 59 44 drone
1052 1 349 270 59 43 drone
1053 1 350 271 59 43 drone
1054 1 349 271 59 44 drone
1055 1 349 272 59 44 drone
1056 1 349 273 59 44 drone
1057 1 349 273 59 43 drone
1058 1 350 274 59 43 drone
1059 1 350 275 58 43 drone
1060 1 350 276 59 43 drone
1061 1 350 277 59 43 drone
1062 1 350 278 59 43 drone
1063 1 350 278 59 43 drone
1064 1 350 279 58 43 drone
1065 1 350 280 58 43 drone
1066 1 350 281 59 43 drone
1067 1 350 282 58 43 drone
1068 1 350 282 58 43 drone
1069 1 350 283 59 43 drone
1070 1 350 284 58 43 drone
1071 1 350 285 58 43 drone
1072 1 350 286 58 43 drone
1073 1 350 287 58 43 drone
1074 1 350 288 58 43 drone
1075 1 350 289 58 43 drone
1076 1 350 290 58 42 drone
1077 1 350 291 58 43 drone
1078 1 350 292 58 42 drone
1079 1 350 293 58 42 drone
1080 1 350 294 58 43 drone
1081 1 350 295 58 42 drone
1082 1 350 296 58 42 drone
1083 1 350 297 58 42 drone
1084 1 350 299 58 42 drone
1085 1 350 299 58 43 drone
1086 1 351 301 57 42 drone
1087 1 351 303 58 42 drone
1088 1 351 304 58 42 drone
1089 1 351 305 58 42 drone
1090 1 351 307 57 42 drone
1091 1 351 308 58 42 drone
1092 1 351 309 57 42 drone
1093 1 351 311 57 42 drone
1094 1 351 312 57 42 drone
1095 1 351 313 57 42 drone
1096 1 351 312 58 42 drone
1097 1 351 312 58 42 drone
1098 1 351 311 57 42 drone
1099 1 351 311 57 42 drone
1100 1 351 310 57 42 drone
1101 1 351 309 57 42 drone
1102 1 351 308 57 42 drone
1103 1 351 307 57 42 drone
1104 1 352 306 56 41 drone
1105 1 352 305 56 41 drone
1106 1 351 304 56 41 drone
1107 1 351 303 56 41 drone
1108 1 351 301 56 41 drone
1109 1 351 300 56 41 drone
1110 1 351 299 56 41 drone
1111 1 351 298 57 42 drone
1112 1 351 297 56 41 drone
1113 1 351 296 57 42 drone
1114 1 351 295 56 41 drone
1115 1 351 294 56 41 drone
1116 1 351 292 57 42 drone
1117 1 351 291 56 41 drone
1118 1 351 290 56 41 drone
1119 1 352 289 56 41 drone
1120 1 351 288 56 41 drone
1121 1 352 287 56 41 drone
1122 1 352 286 55 41 drone
1123 1 352 285 55 41 drone
1124 1 352 284 56 41 drone
1125 1 352 283 56 41 drone
1126 1 351 282 56 41 drone
1127 1 352 280 56 41 drone
1128 1 351 279 56 41 drone
1129 1 352 278 56 41 drone
1130 1 351 277 56 41 drone
1131 1 352 276 56 41 drone
1132 1 352 275 56 41 drone
1133 1 352 274 56 41 drone
1134 1 352 273 55 41 drone
1135 1 352 272 55 40 drone
1136 1 352 271 55 40 drone
1137 1 352 269 55 41 drone
1138 1 352 268 55 40 drone
1139 1 352 267 55 40 drone
1140 1 352 266 55 40 drone
1141 1 352 265 55 40 drone
1142 1 352 264 55 40 drone
1143 1 352 263 55 40 drone
1144 1 352 262 55 40 drone
1145 1 352 261 55 40 drone
1146 1 352 260 55 40 drone
1147 1 352 260 55 40 drone
1148 1 352 259 54 40 drone
1149 1 352 258 54 40 drone
1150 1 352 257 55 40 drone
1151 1 353 257 55 40 drone
1152 1 352 257 55 40 drone
1153 1 352 258 55 40 drone
1154 1 353 261 55 40 drone
1155 1 353 265 54 40 drone
1156 1 353 268 55 40 drone
1157 1 353 272 54 40 drone
1158 1 353 275 54 40 drone
1159 1 354 278 54 40 drone
1160 1 354 281 54 39 drone
1161 1 354 284 54 39 drone
1162 1 354 286 54 40 drone
1163 1 354 289 54 39 drone
1164 1 354 292 54 40 drone
1165 1 354 294 55 40 drone
1166 1 355 297 54 40 drone
1167 1 355 300 54 40 drone
1168 1 355 303 54 40 drone
1169 1 355 306 54 39 drone
1170 1 355 308 54 39 drone
1171 1 355 312 54 39 drone
1172 1 356 314 54 40 drone
1173 1 355 317 55 40 drone
1174 1 356 321 54 40 drone
1175 1 356 324 54 40 drone
1176 1 356 327 54 40 drone
1177 1 356 331 54 40 drone
1178 1 356 334 54 40 drone
1179 1 357 338 54 40 drone
1180 1 357 341 54 40 drone
1181 1 357 345 54 40 drone
1182 1 357 349 54 40 drone
1183 1 357 353 54 39 drone
1184 1 357 357 54 40 drone
1185 1 358 361 54 39 drone
1186 1 358 365 54 39 drone
1187 1 358 368 54 39 drone
1188 1 358 373 54 39 drone
1189 1 358 376 54 39 drone
1190 1 359 380 54 39 drone
1191 1 359 384 53 39 drone
1192 1 359 387 53 39 drone
1193 1 359 391 54 39 drone
1194 1 359 395 54 39 drone
1195 1 359 398 54 42 drone
1196 1 359 402 54 42 drone
1197 1 359 405 54 42 drone
1198 1 360 409 53 41 drone
1199 1 360 412 54 42 drone
1200 1 360 414 53 41 drone
1201 1 360 415 53 41 drone
1202 1 360 416 53 41 drone
1203 1 360 416 53 41 drone
1204 1 361 416 53 41 drone
1205 1 360 416 53 41 drone
1206 1 361 416 52 41 drone
1207 1 361 415 53 41 drone
1208 1 361 415 53 41 drone
1209 1 361 414 53 41 drone
1210 1 361 414 52 41 drone
1211 1 361 413 52 41 drone
1212 1 361 413 52 41 drone
1213 1 361 412 53 41 drone
1214 1 361 411 53 41 drone
1215 1 360 410 53 41 drone
1216 1 361 409 53 41 drone
1217 1 361 408 53 41 drone
1218 1 361 408 53 41 drone
1219 1 361 407 52 41 drone
1220 1 361 406 53 41 drone
1221 1 361 405 53 41 drone
1222 1 361 404 53 41 drone
1223 1 361 404 52 41 drone
1224 1 361 403 53 41 drone
1225 1 361 402 52 41 drone
1226 1 360 401 53 41 drone
1227 1 361 400 52 41 drone
1228 1 361 399 52 41 drone
1229 1 361 399 52 40 drone
1230 1 361 398 52 40 drone
1231 1 361 397 52 40 drone
1232 1 361 396 52 40 drone
1233 1 361 395 52 40 drone
1234 1 361 395 52 40 drone
1235 1 360 394 52 40 drone
1236 1 361 393 51 40 drone
1237 1 361 392 52 40 drone
1238 1 361 391 51 40 drone
1239 1 361 391 51 40 drone
1240 1 360 390 51 40 drone
1241 1 361 389 51 40 drone
1242 1 360 388 52 40 drone
1243 1 360 387 51 40 drone
1244 1 360 386 51 40 drone
1245 1 361 386 51 39 drone
1246 1 360 385 51 40 drone
1247 1 360 384 51 39 drone
1248 1 360 383 52 40 drone
1249 1 360 382 51 40 drone
1250 1 360 381 51 40 drone
1251 1 360 381 50 39 drone
1252 1 360 380 51 39 drone
1253 1 360 379 50 39 drone
1254 1 360 378 51 39 drone
1255 1 360 377 51 39 drone
1256 1 360 376 51 39 drone
1257 1 360 376 51 39 drone
1258 1 359 375 51 40 drone
1259 1 359 374 51 40 drone
1260 1 359 373 51 39 drone
1261 1 359 372 51 40 drone
1262 1 359 371 51 39 drone
1263 1 359 371 50 39 drone
1264 1 359 370 50 39 drone
1265 1 359 369 50 39 drone
1266 1 359 368 50 39 drone
1267 1 359 368 50 39 drone
1268 1 359 366 51 40 drone
1269 1 359 366 51 39 drone
1270 1 359 365 51 39 drone
1271 1 359 364 50 39 drone
1272 1 359 363 50 39 drone
1273 1 359 363 50 39 drone
1274 1 359 362 50 39 drone
1275 1 359 361 50 39 drone
1276 1 359 360 50 39 drone
1277 1 359 360 49 38 drone
1278 1 358 359 50 39 drone
1279 1 358 358 50 39 drone
1280 1 358 357 50 39 drone
1281 1 358 356 49 38 drone
1282 1 358 356 49 38 drone
1283 1 358 355 49 38 drone
1284 1 358 354 50 39 drone
1285 1 358 353 49 38 drone
1286 1 358 353 49 38 drone
1287 1 358 352 50 39 drone
1288 1 358 351 50 39 drone
1289 1 358 350 50 39 drone
1290 1 357 349 50 39 drone
1291 1 358 349 49 38 drone
1292 1 357 348 50 39 drone
1293 1 357 347 49 38 drone
1294 1 357 346 49 38 drone
1295 1 357 345 49 38 drone
1296 1 357 345 50 39 drone
1297 1 357 344 50 39 drone
1298 1 357 343 49 38 drone
1299 1 357 343 49 38 drone
1300 1 357 342 49 38 drone
1301 1 357 341 49 38 drone
1302 1 357 340 49 38 drone
1303 1 357 340 49 38 drone
1304 1 356 339 49 38 drone
1305 1 356 338 49 38 drone
1306 1 356 337 49 38 drone
1307 1 356 336 49 38 drone
1308 1 356 336 49 38 drone
1309 1 356 335 48 38 drone
1310 1 356 334 49 38 drone
1311 1 356 334 49 38 drone
1312 1 356 333 49 38 drone
1313 1 356 332 48 37 drone
1314 1 356 331 48 38 drone
1315 1 356 331 48 37 drone
1316 1 355 330 48 38 drone
1317 1 356 329 48 37 drone
1318 1 355 328 48 38 drone
1319 1 355 328 48 37 drone
1320 1 355 327 48 37 drone
1321 1 355 326 48 37 drone
1322 1 355 325 48 38 drone
1323 1 355 325 48 37 drone
1324 1 355 324 48 37 drone
1325 1 355 323 48 37 drone
1326 1 354 322 48 37 drone
1327 1 355 322 48 37 drone
1328 1 354 321 48 37 drone
1329 1 354 320 48 37 drone
1330 1 354 319 48 37 drone
1331 1 354 319 48 37 drone
1332 1 354 318 48 37 drone
1333 1 354 317 48 37 drone
1334 1 354 316 47 37 drone
1335 1 353 316 47 37 drone
1336 1 354 315 47 37 drone
1337 1 353 314 48 37 drone
1338 1 353 313 47 37 drone
1339 1 353 312 47 37 drone
1340 1 353 312 47 36 drone
1341 1 353 311 47 37 drone
1342 1 353 310 47 37 drone
1343 1 352 310 47 37 drone
1344 1 352 309 47 37 drone
1345 1 352 308 47 37 drone
1346 1 352 307 47 36 drone
1347 1 352 307 47 36 drone
1348 1 352 306 47 37 drone
1349 1 352 305 46 36 drone
1350 1 352 304 47 36 drone
1351 1 351 304 47 36 drone
1352 1 351 303 47 37 drone
1353 1 351 302 46 36 drone
1354 1 351 302 46 36 drone
1355 1 351 301 46 36 drone
1356 1 351 300 46 36 drone
1357 1 351 299 46 36 drone
1358 1 351 299 46 36 drone
1359 1 351 298 46 36 drone
1360 1 351 297 45 35 drone
1361 1 351 297 46 36 drone
1362 1 350 295 46 36 drone
1363 1 350 295 46 36 drone
1364 1 350 294 46 36 drone
1365 1 350 293 46 36 drone
1366 1 350 292 46 36 drone
1367 1 350 292 46 36 drone
1368 1 350 291 46 36 drone
1369 1 350 290 46 36 drone
1370 1 350 290 46 36 drone
1371 1 350 289 46 36 drone
1372 1 350 288 46 36 drone
1373 1 350 287 46 36 drone
1374 1 350 287 46 36 drone
1375 1 350 286 45 35 drone
1376 1 349 285 46 35 drone
1377 1 349 284 46 36 drone
1378 1 349 284 45 35 drone
1379 1 349 283 46 35 drone
1380 1 349 282 46 36 drone
1381 1 349 282 45 35 drone
1382 1 349 281 45 35 drone
1383 1 349 280 45 35 drone
1384 1 349 279 45 35 drone
1385 1 349 279 45 35 drone
1386 1 349 278 45 35 drone
1387 1 349 277 45 35 drone
1388 1 349 277 45 35 drone
1389 1 349 276 45 35 drone
1390 1 348 275 45 35 drone
1391 1 348 274 45 35 drone
1392 1 348 273 45 35 drone
1393 1 348 273 45 35 drone
1394 1 349 272 45 35 drone
1395 1 348 271 45 35 drone
1396 1 348 271 45 35 drone
1397 1 348 270 45 35 drone
1398 1 348 269 45 35 drone
1399 1 348 268 45 35 drone
1400 1 348 268 45 35 drone
1401 1 348 267 45 35 drone
1402 1 348 266 45 35 drone
1403 1 348 265 45 35 drone
1404 1 348 265 45 35 drone
1405 1 348 264 45 35 drone
1406 1 348 263 45 35 drone
1407 1 347 262 45 35 drone
1408 1 348 262 45 35 drone
1409 1 347 261 45 35 drone
1410 1 348 261 44 35 drone
1411 1 348 260 45 35 drone
1412 1 348 259 44 34 drone
1413 1 348 258 45 35 drone
1414 1 348 258 45 35 drone
1415 1 348 257 45 35 drone
1416 1 348 256 44 35 drone
1417 1 348 255 45 35 drone
1418 1 347 255 45 35 drone
1419 1 347 254 45 35 drone
1420 1 347 253 45 35 drone
1421 1 347 252 45 35 drone
1422 1 347 252 44 35 drone
1423 1 348 251 44 34 drone
1424 1 347 250 44 35 drone
1425 1 348 250 44 34 drone
1426 1 347 249 44 34 drone
1427 1 348 248 44 34 drone
1428 1 347 247 45 35 drone
1429 1 348 247 44 34 drone
1430 1 348 246 44 34 drone
1431 1 348 245 44 35 drone
1432 1 348 245 44 35 drone
1433 1 348 244 44 34 drone
1434 1 348 243 44 34 drone
1435 1 348 243 44 34 drone
1436 1 348 242 44 35 drone
1437 1 348 241 44 34 drone
1438 1 348 240 44 34 drone
1439 1 348 240 44 34 drone
1440 1 348 239 44 34 drone
1441 1 348 238 44 34 drone
1442 1 348 237 44 35 drone
1443 1 348 237 44 34 drone
1444 1 348 236 44 34 drone
1445 1 348 236 44 34 drone
1446 1 348 235 44 34 drone
1447 1 348 234 44 34 drone
1448 1 348 234 44 34 drone
1449 1 348 233 44 34 drone
1450 1 348 233 44 34 drone
1451 1 348 232 44 34 drone
1452 1 348 232 44 34 drone
1453 1 348 231 44 34 drone
1454 1 349 231 44 34 drone
1455 1 348 230 44 34 drone
1456 1 349 230 44 34 drone
1457 1 349 230 44 34 drone
1458 1 349 230 44 34 drone
1459 1 349 231 44 34 drone
1460 1 349 236 43 33 drone
1461 1 350 242 43 33 drone
1462 1 350 248 43 34 drone
1463 1 350 253 43 33 drone
1464 1 350 257 42 33 drone
1465 1 350 262 42 33 drone
1466 1 351 265 42 33 drone
1467 1 351 269 42 33 drone
1468 1 351 272 42 32 drone
1469 1 351 275 42 33 drone
1470 1 351 277 42 33 drone
1471 1 351 280 43 33 drone
1472 1 351 282 42 33 drone
1473 1 351 284 43 33 drone
1474 1 352 287 42 33 drone
1475 1 352 289 43 33 drone
1476 1 352 291 42 33 drone
1477 1 353 293 41 32 drone
1478 1 352 295 42 33 drone
1479 1 352 297 42 33 drone
1480 1 353 299 42 33 drone
1481 1 353 301 42 33 drone
1482 1 353 299 41 39 drone
1483 1 353 301 41 39 drone
1484 1 353 303 41 39 drone
1485 1 354 304 41 39 drone
1486 1 353 304 41 39 drone
1487 1 353 304 41 39 drone
1488 1 354 304 41 39 drone
1489 1 354 304 41 39 drone
1490 1 354 303 41 39 drone
1491 1 354 303 41 39 drone
1492 1 354 303 41 39 drone
1493 1 354 302 41 39 drone
1494 1 354 302 41 39 drone
1495 1 354 302 40 38 drone
1496 1 354 301 41 39 drone
1497 1 354 300 41 39 drone
1498 1 354 300 40 38 drone
1499 1 354 299 41 39 drone
1500 1 355 299 40 38 drone
1501 1 355 299 40 38 drone
1502 1 355 298 40 38 drone
1503 1 354 297 41 39 drone
1504 1 355 297 40 38 drone
1505 1 355 297 40 38 drone
1506 1 355 296 40 38 drone
1507 1 355 295 40 38 drone
1508 1 355 295 40 38 drone
1509 1 355 294 40 38 drone
1510 1 355 294 41 39 drone
1511 1 355 293 40 38 drone
1512 1 355 293 40 38 drone
1513 1 355 292 40 38 drone
1514 1 355 291 41 39 drone
1515 1 355 291 40 38 drone
1516 1 355 291 40 38 drone
1517 1 355 290 40 38 drone
1518 1 356 290 40 38 drone
1519 1 356 289 40 38 drone
1520 1 355 288 40 38 drone
1521 1 355 288 40 38 drone
1522 1 355 287 40 38 drone
1523 1 355 287 40 38 drone
1524 1 355 286 40 38 drone
1525 1 356 286 40 38 drone
1526 1 356 285 40 38 drone
1527 1 356 285 40 38 drone
1528 1 355 284 40 38 drone
1529 1 356 284 40 38 drone
1530 1 356 283 41 39 drone
1531 1 356 283 40 38 drone
1532 1 356 282 40 38 drone
1533 1 356 281 40 38 drone
1534 1 356 281 40 38 drone
1535 1 356 281 40 38 drone
1536 1 356 280 40 38 drone
1537 1 356 280 40 38 drone
1538 1 356 279 40 38 drone
1539 1 356 278 41 39 drone
1540 1 356 278 41 39 drone
1541 1 356 277 40 38 drone
1542 1 356 277 40 38 drone
1543 1 356 276 41 39 drone
1544 1 356 276 40 38 drone
1545 1 356 275 40 38 drone
1546 1 356 275 40 38 drone
1547 1 357 275 40 38 drone
1548 1 357 274 40 38 drone
1549 1 357 274 39 37 drone
1550 1 357 273 40 38 drone
1551 1 357 273 39 37 drone
1552 1 357 272 39 37 drone
1553 1 357 272 40 38 drone
1554 1 357 271 39 37 drone
1555 1 357 271 39 37 drone
1556 1 357 270 39 37 drone
1557 1 357 270 39 37 drone
1558 1 357 269 39 37 drone
1559 1 358 269 38 36 drone
1560 1 357 269 38 36 drone
1561 1 357 268 39 37 drone
1562 1 357 267 39 37 drone
1563 1 357 267 39 37 drone
1564 1 357 266 39 38 drone
1565 1 357 265 40 38 drone
1566 1 357 265 40 38 drone
1567 1 357 265 39 38 drone
1568 1 357 264 39 37 drone
1569 1 357 263 40 38 drone
1570 1 357 263 40 38 drone
1571 1 357 263 40 38 drone
1572 1 357 262 39 37 drone
1573 1 357 262 40 38 drone
1574 1 357 261 40 38 drone
1575 1 357 261 39 37 drone
1576 1 357 260 39 37 drone
1577 1 357 260 40 38 drone
1578 1 357 259 40 38 drone
1579 1 357 259 39 38 drone
1580 1 357 258 40 38 drone
1581 1 357 258 39 37 drone
1582 1 357 258 39 37 drone
1583 1 357 257 39 37 drone
1584 1 357 257 39 37 drone
1585 1 357 256 39 37 drone
1586 1 357 256 39 37 drone
1587 1 358 256 38 37 drone
1588 1 357 255 39 37 drone
1589 1 358 254 38 36 drone
1590 1 357 254 39 37 drone
1591 1 358 254 38 37 drone
1592 1 357 253 39 37 drone
1593 1 358 253 38 36 drone
1594 1 357 252 38 37 drone
1595 1 358 252 38 36 drone
1596 1 358 251 38 36 drone
1597 1 358 251 38 36 drone
1598 1 358 250 38 36 drone
1599 1 358 250 38 36 drone
1600 1 358 250 38 36 drone
1601 1 358 249 38 36 drone
1602 1 357 248 38 37 drone
1603 1 357 248 38 36 drone
1604 1 358 248 38 36 drone
1605 1 358 247 38 36 drone
1606 1 358 247 38 36 drone
1607 1 357 246 38 36 drone
1608 1 358 246 37 36 drone
1609 1 357 245 38 36 drone
1610 1 358 245 38 36 drone
1611 1 357 244 38 36 drone
1612 1 357 244 38 36 drone
1613 1 357 243 38 36 drone
1614 1 357 243 38 36 drone
1615 1 357 242 38 36 drone
1616 1 358 242 38 36 drone
1617 1 357 241 38 36 drone
1618 1 357 241 38 36 drone
1619 1 358 241 37 36 drone
1620 1 357 240 37 36 drone
1621 1 357 240 38 36 drone
1622 1 357 239 38 36 drone
1623 1 357 239 38 36 drone
1624 1 357 238 38 36 drone
1625 1 357 237 38 36 drone
1626 1 357 237 37 36 drone
1627 1 357 237 38 36 drone
1628 1 357 236 38 36 drone
1629 1 357 236 37 35 drone
1630 1 357 236 37 35 drone
1631 1 357 235 37 35 drone
1632 1 357 235 37 35 drone
1633 1 357 234 37 35 drone
1634 1 357 234 37 35 drone
1635 1 357 233 37 35 drone
1636 1 357 233 37 35 drone
1637 1 357 232 37 35 drone
1638 1 357 232 37 35 drone
1639 1 357 231 37 36 drone
1640 1 357 231 37 35 drone
1641 1 357 230 38 36 drone
1642 1 357 230 37 35 drone
1643 1 357 229 37 36 drone
1644 1 357 229 38 36 drone
1645 1 357 229 37 35 drone
1646 1 357 228 37 35 drone
1647 1 357 228 37 36 drone
1648 1 357 227 38 36 drone
1649 1 357 227 37 35 drone
1650 1 356 226 38 36 drone
1651 1 356 225 38 36 drone
1652 1 357 225 37 36 drone
1653 1 357 225 37 35 drone
1654 1 357 225 37 35 drone
1655 1 356 224 38 36 drone
1656 1 356 224 37 36 drone
1657 1 356 223 37 36 drone
1658 1 356 223 37 35 drone
1659 1 356 222 37 35 drone
1660 1 356 222 37 35 drone
1661 1 356 222 37 35 drone
1662 1 356 221 37 35 drone
1663 1 356 221 37 35 drone
1664 1 356 220 37 35 drone
1665 1 356 220 37 35 drone
1666 1 356 220 37 35 drone
1667 1 356 219 37 36 drone
1668 1 356 218 37 35 drone
1669 1 356 218 38 36 drone
1670 1 355 217 38 36 drone
1671 1 356 217 37 35 drone
1672 1 356 217 37 35 drone
1673 1 356 216 37 35 drone
1674 1 356 216 37 35 drone
1675 1 356 216 37 35 drone
1676 1 355 215 37 36 drone
1677 1 356 214 37 35 drone
1678 1 355 214 37 35 drone
1679 1 356 214 37 35 drone
1680 1 356 213 37 35 drone
1681 1 355 213 37 35 drone
1682 1 355 212 37 36 drone
1683 1 355 212 37 35 drone
1684 1 355 212 37 35 drone
1685 1 355 211 37 35 drone
1686 1 355 211 37 35 drone
1687 1 355 210 37 35 drone
1688 1 355 210 37 35 drone
1689 1 355 209 37 35 drone
1690 1 355 209 37 35 drone
1691 1 355 209 36 34 drone
1692 1 355 208 37 35 drone
1693 1 355 208 36 34 drone
1694 1 355 207 37 35 drone
1695 1 355 207 36 35 drone
1696 1 355 207 37 35 drone
1697 1 355 206 37 35 drone
1698 1 354 206 37 35 drone
1699 1 355 205 37 35 drone
1700 1 355 205 36 34 drone
1701 1 355 205 36 35 drone
1702 1 355 204 36 34 drone
1703 1 355 204 36 35 drone
1704 1 354 203 37 35 drone
1705 1 355 203 36 34 drone
1706 1 355 203 36 34 drone
1707 1 355 203 36 34 drone
1708 1 354 202 36 34 drone
1709 1 355 202 36 34 drone
1710 1 354 201 36 34 drone
1711 1 354 201 36 34 drone
1712 1 354 200 36 34 drone
1713 1 354 200 36 34 drone
1714 1 354 199 36 34 drone
1715 1 354 199 36 35 drone
1716 1 354 199 36 34 drone
1717 1 354 198 36 34 drone
1718 1 354 198 36 34 drone
1719 1 354 197 36 34 drone
1720 1 354 197 36 34 drone
1721 1 354 196 36 35 drone
1722 1 354 196 36 34 drone
1723 1 354 196 36 34 drone
1724 1 354 195 36 35 drone
1725 1 354 195 36 34 drone
1726 1 354 194 36 34 drone
1727 1 354 194 36 34 drone
1728 1 354 194 36 34 drone
1729 1 353 193 36 35 drone
1730 1 354 193 36 34 drone
1731 1 354 192 36 34 drone
1732 1 354 192 36 34 drone
1733 1 354 192 35 34 drone
1734 1 354 191 36 34 drone
1735 1 354 191 36 34 drone
1736 1 354 191 36 34 drone
1737 1 354 190 36 34 drone
1738 1 353 190 36 34 drone
1739 1 354 190 35 34 drone
1740 1 354 189 35 34 drone
1741 1 354 189 35 34 drone
1742 1 354 188 35 34 drone
1743 1 353 188 36 34 drone
1744 1 353 187 36 34 drone
1745 1 354 187 35 33 drone
1746 1 353 187 36 34 drone
1747 1 353 186 36 34 drone
1748 1 353 186 35 34 drone
1749 1 353 185 36 34 drone
1750 1 353 185 35 33 drone
1751 1 353 185 35 34 drone
1752 1 354 185 35 33 drone
1753 1 353 184 35 33 drone
1754 1 354 184 35 33 drone
1755 1 353 183 35 33 drone
1756 1 353 183 35 33 drone
1757 1 353 183 35 33 drone
1758 1 353 182 34 33 drone
1759 1 353 182 35 33 drone
1760 1 353 182 34 33 drone
1761 1 353 181 34 33 drone
1762 1 353 181 34 32 drone
1763 1 353 180 34 33 drone
1764 1 353 180 34 33 drone
1765 1 353 180 35 33 drone
1766 1 353 179 35 33 drone
1767 1 353 179 35 33 drone
1768 1 353 179 34 33 drone
1769 1 353 178 34 33 drone
1770 1 353 178 34 33 drone
1771 1 353 178 34 33 drone
1772 1 353 178 34 32 drone
1773 1 353 178 34 32 drone
1774 1 353 178 35 33 drone
1775 1 353 178 34 32 drone
1776 1 353 177 34 33 drone
1777 1 352 177 35 33 drone
1778 1 353 178 34 33 drone
1779 1 353 179 34 33 drone
1780 1 352 182 35 33 drone
1781 1 353 188 35 33 drone
1782 1 353 193 34 33 drone
1783 1 353 197 34 33 drone
1784 1 353 201 34 33 drone
1785 1 353 204 34 33 drone
1786 1 353 207 35 33 drone
1787 1 353 209 34 33 drone
1788 1 353 212 34 32 drone
1789 1 353 214 34 32 drone
1790 1 353 216 34 32 drone
1791 1 353 218 34 33 drone
1792 1 353 220 34 33 drone
1793 1 353 223 34 32 drone
1794 1 353 225 34 32 drone
1795 1 353 227 34 33 drone
1796 1 354 229 33 32 drone
1797 1 354 231 33 32 drone
1798 1 354 233 33 31 drone
1799 1 354 234 33 32 drone
1800 1 354 236 33 31 drone
1801 1 354 238 33 32 drone
1802 1 354 240 33 31 drone
1803 1 354 241 33 31 drone
1804 1 354 243 33 31 drone
1805 1 354 245 33 32 drone
1806 1 354 247 33 31 drone
1807 1 354 249 33 31 drone
1808 1 354 251 33 31 drone
1809 1 354 253 33 31 drone
1810 1 354 255 32 31 drone
1811 1 355 257 32 30 drone
1812 1 355 259 32 31 drone
1813 1 354 261 32 31 drone
1814 1 354 262 33 31 drone
1815 1 355 265 32 31 drone
1816 1 355 267 32 30 drone
1817 1 355 269 32 30 drone
1818 1 355 271 32 30 drone
1819 1 355 273 32 30 drone
1820 1 355 275 32 30 drone
1821 1 355 276 32 30 drone
1822 1 355 278 32 31 drone
1823 1 355 280 32 30 drone
1824 1 355 282 32 31 drone
1825 1 355 284 32 30 drone
1826 1 355 286 32 30 drone
1827 1 355 288 32 30 drone
1828 1 355 289 32 30 drone
1829 1 355 291 31 30 drone
1830 1 355 293 31 30 drone
1831 1 355 295 31 30 drone
1832 1 356 297 31 30 drone
1833 1 355 298 32 30 drone
1834 1 355 300 32 30 drone
1835 1 355 301 32 30 drone
1836 1 355 302 32 30 drone
1837 1 355 301 33 31 drone
1838 1 355 302 33 31 drone
1839 1 355 301 33 31 drone
1840 1 355 301 33 31 drone
1841 1 355 301 33 31 drone
1842 1 355 301 32 31 drone
1843 1 355 301 33 31 drone
1844 1 355 301 32 30 drone
1845 1 355 300 33 31 drone
1846 1 355 301 32 31 drone
1847 1 355 300 32 31 drone
1848 1 355 300 32 30 drone
1849 1 355 300 33 31 drone
1850 1 355 300 32 30 drone
1851 1 355 300 32 30 drone
1852 1 355 299 32 30 drone
1853 1 355 299 32 30 drone
1854 1 355 299 32 30 drone
1855 1 355 298 32 30 drone
1856 1 355 298 32 30 drone
1857 1 355 298 32 30 drone
1858 1 355 297 32 30 drone
1859 1 355 297 32 30 drone
1860 1 355 297 32 30 drone
1861 1 355 297 31 30 drone
1862 1 355 296 32 30 drone
1863 1 355 296 31 30 drone
1864 1 355 296 31 30 drone
1865 1 356 295 31 29 drone
1866 1 355 295 31 30 drone
1867 1 355 295 31 30 drone
1868 1 356 295 31 29 drone
1869 1 355 294 31 30 drone
1870 1 356 294 30 29 drone
1871 1 356 294 30 29 drone
1872 1 356 294 30 28 drone
1873 1 356 293 31 29 drone
1874 1 355 293 31 29 drone
1875 1 356 293 31 29 drone
1876 1 355 292 31 29 drone
1877 1 356 292 30 29 drone
1878 1 356 291 31 29 drone
1879 1 355 291 31 29 drone
1880 1 355 291 31 29 drone
1881 1 356 291 31 29 drone
1882 1 356 290 31 29 drone
1883 1 355 290 31 29 drone
1884 1 355 289 31 30 drone
1885 1 355 289 31 29 drone
1886 1 355 289 31 30 drone
1887 1 355 288 31 30 drone
1888 1 355 288 31 30 drone
1889 1 355 288 31 29 drone
1890 1 355 287 31 30 drone
1891 1 355 287 31 30 drone
1892 1 355 287 31 30 drone
1893 1 355 287 31 29 drone
1894 1 355 286 30 29 drone
1895 1 355 286 31 29 drone
1896 1 355 285 31 29 drone
1897 1 355 285 30 29 drone
1898 1 355 285 30 29 drone
1899 1 355 285 30 29 drone
1900 1 355 284 30 29 drone
1901 1 355 284 30 29 drone
1902 1 355 283 30 29 drone
1903 1 355 283 30 29 drone
1904 1 355 283 30 29 drone
1905 1 355 283 30 29 drone
1906 1 355 282 30 29 drone
1907 1 355 282 30 29 drone
1908 1 356 282 30 28 drone
1909 1 356 281 30 28 drone
1910 1 356 281 29 28 drone
1911 1 355 280 30 29 drone
1912 1 355 280 30 28 drone
1913 1 356 280 30 28 drone
1914 1 356 280 30 28 drone
1915 1 355 279 30 29 drone
1916 1 355 279 30 29 drone
1917 1 355 279 30 29 drone
1918 1 356 278 30 28 drone
1919 1 355 277 30 29 drone
1920 1 355 277 31 29 drone
1921 1 355 277 30 29 drone
1922 1 355 277 30 28 drone
1923 1 355 276 30 29 drone
1924 1 355 276 30 29 drone
1925 1 355 275 30 29 drone
1926 1 355 275 30 29 drone
1927 1 355 275 30 29 drone
1928 1 355 274 30 29 drone
1929 1 355 274 31 29 drone
1930 1 355 274 30 29 drone
1931 1 355 273 30 29 drone
1932 1 355 273 30 29 drone
1933 1 355 273 30 29 drone
1934 1 355 272 31 29 drone
1935 1 355 272 30 29 drone
1936 1 355 272 30 28 drone
1937 1 355 271 30 29 drone
1938 1 355 271 30 29 drone
1939 1 355 271 30 29 drone
1940 1 355 270 30 28 drone
1941 1 355 270 30 28 drone
1942 1 355 270 30 28 drone
1943 1 355 269 30 29 drone
1944 1 355 269 30 29 drone
1945 1 355 269 30 28 drone
1946 1 355 268 30 28 drone
1947 1 355 268 30 28 drone
1948 1 355 268 29 28 drone
1949 1 355 268 30 28 drone
1950 1 355 267 30 29 drone
1951 1 355 267 29 28 drone
1952 1 355 267 30 28 drone
1953 1 355 267 29 28 drone
1954 1 355 267 29 28 drone
1955 1 355 266 30 28 drone
1956 1 355 266 30 28 drone
1957 1 355 265 30 29 drone
1958 1 355 265 29 28 drone
1959 1 355 265 29 28 drone
1960 1 355 265 30 28 drone
1961 1 355 264 30 28 drone
1962 1 355 264 30 28 drone
1963 1 355 264 30 28 drone
1964 1 355 264 30 28 drone
1965 1 355 263 30 28 drone
1966 1 354 262 30 29 drone
1967 1 355 263 29 28 drone
1968 1 355 262 30 28 drone
1969 1 355 262 30 28 drone
1970 1 355 262 30 28 drone
1971 1 354 262 30 28 drone
1972 1 354 261 30 28 drone
1973 1 354 261 30 29 drone
1974 1 355 261 29 28 drone
1975 1 354 261 30 28 drone
1976 1 354 261 30 28 drone
1977 1 354 260 30 28 drone
1978 1 354 260 30 29 drone
1979 1 355 260 29 28 drone
1980 1 354 260 30 28 drone
1981 1 355 260 29 28 drone
1982 1 355 260 29 28 drone
1983 1 355 259 29 28 drone
1984 1 354 259 29 28 drone
1985 1 354 259 30 28 drone
1986 1 354 259 29 28 drone
1987 1 354 258 30 28 drone
1988 1 355 258 29 28 drone
1989 1 355 258 29 28 drone
1990 1 354 258 29 28 drone
1991 1 354 258 30 28 drone
1992 1 354 258 29 28 drone
1993 1 354 257 29 28 drone
1994 1 354 257 29 28 drone
1995 1 354 257 29 28 drone
1996 1 354 257 29 28 drone
1997 1 354 257 29 28 drone
1998 1 354 256 29 28 drone
1999 1 354 256 29 28 drone
2000 1 354 256 29 28 drone
2001 1 354 255 30 29 drone
2002 1 354 256 29 28 drone
2003 1 354 255 30 28 drone
2004 1 354 256 29 28 drone
2005 1 354 255 29 28 drone
2006 1 354 255 29 27 drone
2007 1 354 255 29 28 drone
2008 1 354 255 29 28 drone
2009 1 354 255 29 28 drone
2010 1 354 254 29 28 drone
2011 1 354 254 29 28 drone
2012 1 354 254 29 27 drone
2013 1 354 254 29 27 drone
2014 1 354 254 29 28 drone
2015 1 354 254 29 28 drone
2016 1 354 254 29 28 drone
2017 1 354 254 29 28 drone
2018 1 354 253 29 28 drone
2019 1 354 253 29 28 drone
2020 1 354 253 29 28 drone
2021 1 354 253 29 27 drone
2022 1 354 253 29 27 drone
2023 1 354 252 29 28 drone
2024 1 353 252 30 28 drone
2025 1 354 252 29 27 drone
2026 1 354 252 29 27 drone
2027 1 354 252 29 27 drone
2028 1 353 252 29 28 drone
2029 1 354 252 29 27 drone
2030 1 354 252 29 28 drone
2031 1 354 252 28 27 drone
2032 1 353 251 29 28 drone
2033 1 354 251 29 27 drone
2034 1 353 251 29 28 drone
2035 1 354 251 29 27 drone
2036 1 353 251 29 28 drone
2037 1 353 250 29 28 drone
2038 1 353 250 29 28 drone
2039 1 353 250 30 28 drone
2040 1 354 251 29 27 drone
2041 1 354 250 29 27 drone
2042 1 353 250 29 28 drone
2043 1 354 250 29 27 drone
2044 1 354 250 29 28 drone
2045 1 353 250 29 28 drone
2046 1 353 250 29 28 drone
2047 1 353 250 29 28 drone
2048 1 353 249 29 28 drone
2049 1 353 249 29 28 drone
2050 1 353 249 29 28 drone
2051 1 353 249 29 28 drone
2052 1 353 249 30 28 drone
2053 1 353 249 30 28 drone
2054 1 353 248 30 28 drone
2055 1 353 249 30 28 drone
2056 1 353 248 30 28 drone
2057 1 353 248 29 28 drone
2058 1 353 248 29 28 drone
2059 1 353 248 30 28 drone
2060 1 353 248 30 28 drone
2061 1 353 248 30 29 drone
2062 1 353 248 29 28 drone
2063 1 353 248 29 28 drone
2064 1 353 248 29 28 drone
2065 1 353 248 29 28 drone
2066 1 354 249 28 27 drone
2067 1 353 248 29 28 drone
2068 1 353 248 29 28 drone
2069 1 353 248 30 28 drone
2070 1 354 248 29 28 drone
2071 1 353 248 30 28 drone
2072 1 354 248 29 28 drone
2073 1 354 248 29 28 drone
2074 1 354 248 29 28 drone
2075 1 354 248 29 28 drone
2076 1 354 249 29 28 drone
2077 1 354 249 29 28 drone
2078 1 354 249 29 28 drone
2079 1 353 249 30 28 drone
2080 1 354 249 29 28 drone
2081 1 354 249 29 28 drone
2082 1 353 249 30 28 drone
2083 1 354 249 29 28 drone
2084 1 354 249 29 28 drone
2085 1 354 249 29 28 drone
2086 1 354 250 29 28 drone
2087 1 354 250 30 28 drone
2088 1 353 250 30 28 drone
2089 1 353 250 30 29 drone
2090 1 354 250 30 28 drone
2091 1 354 251 29 28 drone
2092 1 354 251 29 28 drone
2093 1 354 251 29 28 drone
2094 1 354 251 30 29 drone
2095 1 354 252 30 28 drone
2096 1 354 253 30 28 drone
2097 1 354 253 30 28 drone
2098 1 354 253 30 29 drone
2099 1 354 253 30 29 drone
2100 1 353 253 31 29 drone
2101 1 353 254 31 29 drone
2102 1 354 255 30 28 drone
2103 1 354 255 30 29 drone
2104 1 354 256 30 28 drone
2105 1 354 256 30 29 drone
2106 1 354 257 30 28 drone
2107 1 354 257 30 29 drone
2108 1 354 258 30 28 drone
2109 1 354 259 30 28 drone
2110 1 354 259 30 28 drone
2111 1 354 260 30 29 drone
2112 1 354 260 30 29 drone
2113 1 354 261 30 29 drone
2114 1 354 262 30 29 drone
2115 1 355 263 30 28 drone
2116 1 354 263 30 29 drone
2117 1 354 264 30 29 drone
2118 1 355 265 30 29 drone
2119 1 355 266 30 28 drone
2120 1 355 267 30 28 drone
2121 1 355 267 30 28 drone
2122 1 355 268 30 28 drone
2123 1 355 269 30 29 drone
2124 1 355 270 30 28 drone
2125 1 355 271 30 28 drone
2126 1 355 272 29 28 drone
2127 1 355 273 30 29 drone
2128 1 355 273 30 29 drone
2129 1 355 275 30 28 drone
2130 1 356 276 30 28 drone
2131 1 356 277 29 28 drone
2132 1 355 277 30 28 drone
2133 1 356 279 29 28 drone
2134 1 356 280 29 28 drone
2135 1 356 281 29 28 drone
2136 1 356 282 29 28 drone
2137 1 356 283 28 27 drone
2138 1 356 284 29 28 drone
2139 1 356 286 29 27 drone
2140 1 356 287 29 27 drone
2141 1 356 288 29 27 drone
2142 1 357 289 29 27 drone
2143 1 357 290 29 28 drone
2144 1 357 291 29 27 drone
2145 1 357 293 28 27 drone
2146 1 357 294 29 28 drone
2147 1 356 295 30 29 drone
2148 1 357 297 29 28 drone
2149 1 357 298 29 28 drone
2150 1 357 299 30 28 drone
2151 1 357 300 29 28 drone
2152 1 357 302 30 28 drone
2153 1 357 303 30 29 drone
2154 1 357 305 30 29 drone
2155 1 357 305 30 29 drone
2156 1 357 307 30 28 drone
2157 1 357 308 31 29 drone
2158 1 357 310 30 29 drone
2159 1 357 311 31 29 drone
2160 1 357 313 31 29 drone
2161 1 357 315 30 29 drone
2162 1 357 316 30 29 drone
2163 1 357 318 31 29 drone
2164 1 357 319 31 29 drone
2165 1 357 321 31 30 drone
2166 1 357 322 32 31 drone
2167 1 357 324 31 29 drone
2168 1 357 326 31 29 drone
2169 1 357 327 32 30 drone
2170 1 357 329 31 30 drone
2171 1 358 331 30 29 drone
2172 1 357 333 31 30 drone
2173 1 358 335 31 29 drone
2174 1 357 336 31 30 drone
2175 1 357 338 31 30 drone
2176 1 358 340 31 29 drone
2177 1 358 342 31 30 drone
2178 1 358 344 31 29 drone
2179 1 358 346 31 30 drone
2180 1 358 347 31 30 drone
2181 1 358 349 31 30 drone
2182 1 358 351 32 30 drone
2183 1 358 353 32 30 drone
2184 1 358 355 32 30 drone
2185 1 358 357 31 30 drone
2186 1 359 359 31 30 drone
2187 1 358 361 32 30 drone
2188 1 358 363 32 30 drone
2189 1 359 365 31 30 drone
2190 1 359 368 31 29 drone
2191 1 359 370 30 29 drone
2192 1 359 372 31 29 drone
2193 1 359 374 32 30 drone
2194 1 359 376 31 29 drone
2195 1 359 378 31 30 drone
2196 1 360 381 31 29 drone
2197 1 359 382 31 29 drone
2198 1 360 384 31 29 drone
2199 1 360 387 30 29 drone
2200 1 360 389 30 29 drone
2201 1 360 391 31 29 drone
2202 1 360 393 31 29 drone
2203 1 360 395 31 30 drone
2204 1 359 397 32 30 drone
2205 1 360 399 31 30 drone
2206 1 360 402 32 30 drone
2207 1 360 404 31 29 drone
2208 1 360 406 32 30 drone
2209 1 360 408 32 30 drone
2210 1 360 411 31 30 drone
2211 1 360 413 31 29 drone
2212 1 360 416 31 30 drone
2213 1 360 418 31 29 drone
2214 1 360 420 32 30 drone
2215 1 360 423 31 29 drone
2216 1 361 425 30 29 drone
2217 1 361 427 31 29 drone
2218 1 361 430 31 29 drone
2219 1 361 432 30 29 drone
2220 1 361 433 31 30 drone
2221 1 360 435 32 30 drone
2222 1 361 437 31 30 drone
2223 1 361 438 32 30 drone
2224 1 360 438 32 30 drone
2225 1 361 437 31 29 drone
2226 1 361 435 31 30 drone
2227 1 361 434 31 29 drone
2228 1 361 433 31 30 drone
2229 1 360 432 32 30 drone
2230 1 361 432 31 29 drone
2231 1 361 432 30 29 drone
2232 1 361 432 31 29 drone
2233 1 360 432 31 30 drone
2234 1 361 433 31 29 drone
2235 1 361 433 31 29 drone
2236 1 361 434 31 29 drone
2237 1 361 434 31 29 drone
2238 1 360 434 31 30 drone
2239 1 360 434 32 30 drone
2240 1 361 435 31 29 drone
2241 1 360 433 31 30 drone
2242 1 361 432 31 29 drone
2243 1 360 430 31 30 drone
2244 1 360 428 31 30 drone
2245 1 360 427 31 29 drone
2246 1 360 427 31 30 drone
2247 1 360 427 32 30 drone
2248 1 360 428 30 29 drone
2249 1 360 428 31 30 drone
2250 1 360 428 31 30 drone
2251 1 360 429 31 30 drone
2252 1 360 430 31 29 drone
2253 1 360 430 31 29 drone
2254 1 360 431 31 29 drone
2255 1 360 432 31 29 drone
2256 1 360 432 31 29 drone
2257 1 360 433 31 29 drone
2258 1 360 433 30 29 drone
2259 1 360 433 31 30 drone
2260 1 360 434 31 29 drone
2261 1 359 434 32 31 drone
2262 1 360 435 31 29 drone
2263 1 360 434 32 30 drone
2264 1 360 435 31 30 drone
2265 1 360 436 30 29 drone
2266 1 360 436 31 30 drone
2267 1 360 437 31 29 drone
2268 1 360 437 31 30 drone
2269 1 360 437 31 29 drone
2270 1 360 438 30 29 drone
2271 1 360 438 31 29 drone
2272 1 360 438 30 28 drone
2273 1 360 439 30 28 drone
2274 1 360 438 31 29 drone
2275 1 360 438 30 28 drone
2276 1 360 436 30 29 drone
2277 1 360 434 30 29 drone
2278 1 360 432 30 28 drone
2279 1 360 429 30 28 drone
2280 1 359 426 31 29 drone
2281 1 358 422 32 31 drone
2282 1 360 422 29 28 drone
2283 1 360 418 29 28 drone
2284 1 359 416 29 28 drone
2285 1 359 413 29 28 drone
2286 1 359 409 29 28 drone
2287 1 359 405 29 28 drone
2288 1 359 402 30 28 drone
2289 1 359 399 29 27 drone
2290 1 359 395 30 28 drone
2291 1 359 391 29 27 drone
2292 1 359 387 28 27 drone
2293 1 358 382 28 27 drone
2294 1 358 378 29 27 drone
2295 1 357 372 30 28 drone
2296 1 358 368 29 27 drone
2297 1 358 362 28 27 drone
2298 1 357 356 29 28 drone
2299 1 357 351 28 27 drone
2300 1 357 345 28 26 drone
2301 1 357 337 28 27 drone
2302 1 356 331 27 26 drone
2303 1 356 323 27 25 drone
2304 1 356 316 26 25 drone
2305 1 355 309 27 26 drone
2306 1 356 302 27 26 drone
2307 1 356 295 26 25 drone
2308 1 355 287 27 26 drone
2309 1 356 280 26 25 drone
2310 1 355 271 27 26 drone
2311 1 354 264 27 26 drone
2312 1 354 257 27 26 drone
2313 1 354 250 28 26 drone
2314 1 354 245 27 25 drone
2315 1 354 239 26 25 drone
2316 1 353 233 26 25 drone
2317 1 353 227 28 26 drone
2318 1 353 222 27 26 drone
2319 1 352 217 27 26 drone
2320 1 352 213 28 27 drone
2321 1 352 211 28 27 drone
2322 1 352 210 27 26 drone
2323 1 353 210 26 24 drone
2324 1 351 207 28 27 drone
2325 1 352 206 27 26 drone
2326 1 352 205 27 26 drone
2327 1 352 205 26 25 drone
2328 1 350 202 29 27 drone
2329 1 350 202 28 27 drone
2330 1 350 201 28 27 drone
2331 1 350 200 28 27 drone
2332 1 351 199 27 26 drone
2333 1 350 197 29 27 drone
2334 1 350 197 28 27 drone
2335 1 350 196 28 27 drone
2336 1 349 194 29 28 drone
2337 1 349 194 29 27 drone
2338 1 349 193 28 27 drone
2339 1 349 191 28 27 drone
2340 1 350 191 27 26 drone
2341 1 349 189 28 27 drone
2342 1 349 188 29 27 drone
2343 1 349 187 28 27 drone
2344 1 349 187 27 26 drone
2345 1 348 185 28 27 drone
2346 1 348 183 29 28 drone
2347 1 348 182 29 27 drone
2348 1 348 181 28 26 drone
2349 1 348 180 28 26 drone
2350 1 347 179 29 27 drone
2351 1 348 177 28 27 drone
2352 1 347 176 29 27 drone
2353 1 347 175 28 27 drone
2354 1 347 173 29 27 drone
2355 1 347 172 28 27 drone
2356 1 347 171 28 27 drone
2357 1 347 170 28 26 drone
2358 1 346 168 29 27 drone
2359 1 346 167 28 27 drone
2360 1 346 165 29 27 drone
2361 1 346 164 28 27 drone
2362 1 346 162 28 27 drone
2363 1 346 161 28 27 drone
2364 1 346 159 27 26 drone
2365 1 345 157 28 27 drone
2366 1 346 156 27 25 drone
2367 1 345 154 27 26 drone
2368 1 345 152 28 27 drone
2369 1 345 150 28 26 drone
2370 1 345 149 27 26 drone
2371 1 344 147 29 27 drone
2372 1 344 145 28 26 drone
2373 1 344 143 28 27 drone
2374 1 344 141 28 26 drone
2375 1 344 140 27 26 drone
2376 1 344 137 28 27 drone
2377 1 344 135 28 26 drone
2378 1 343 133 29 28 drone
2379 1 343 132 28 27 drone
2380 1 342 129 31 29 drone
2381 1 342 127 30 28 drone
2382 1 342 125 31 29 drone
2383 1 342 124 30 29 drone
2384 1 341 121 31 30 drone
2385 1 341 120 31 29 drone
2386 1 341 118 31 29 drone
2387 1 341 116 31 29 drone
2388 1 341 114 31 30 drone
2389 1 340 112 31 30 drone
2390 1 341 111 31 29 drone
2391 1 340 110 31 29 drone
2392 1 341 110 30 29 drone
2393 1 340 109 31 30 drone
2394 1 340 109 32 30 drone
2395 1 340 109 31 30 drone
2396 1 340 109 32 30 drone
2397 1 340 109 32 30 drone
2398 1 340 109 31 30 drone
2399 1 339 109 31 30 drone
2400 1 340 109 31 30 drone
2401 1 339 109 32 30 drone
2402 1 340 110 31 29 drone
2403 1 339 109 32 30 drone
2404 1 340 110 31 29 drone
2405 1 339 110 32 30 drone
2406 1 340 110 31 30 drone
2407 1 340 110 31 30 drone
2408 1 339 110 32 30 drone
2409 1 339 110 32 30 drone
2410 1 339 110 32 31 drone
2411 1 340 111 31 30 drone
2412 1 340 111 32 30 drone
2413 1 339 111 32 30 drone
2414 1 339 111 31 30 drone
2415 1 340 112 31 29 drone
2416 1 340 112 31 30 drone
2417 1 340 112 31 29 drone
2418 1 340 112 31 30 drone
2419 1 340 113 31 30 drone
2420 1 340 113 31 29 drone
2421 1 340 113 31 30 drone
2422 1 340 113 31 29 drone
2423 1 340 114 30 29 drone
2424 1 340 114 31 29 drone
2425 1 340 114 31 29 drone
2426 1 340 114 31 29 drone
2427 1 340 114 31 29 drone
2428 1 340 115 30 29 drone
2429 1 340 115 31 30 drone
2430 1 340 115 31 29 drone
2431 1 340 115 31 30 drone
2432 1 340 115 31 30 drone
2433 1 340 115 31 29 drone
2434 1 341 116 30 28 drone
2435 1 340 116 31 29 drone
2436 1 341 116 30 29 drone
2437 1 341 116 31 29 drone
2438 1 340 116 31 29 drone
2439 1 340 116 31 29 drone
2440 1 340 116 31 29 drone
2441 1 340 116 31 30 drone
2442 1 341 117 30 29 drone
2443 1 340 117 31 29 drone
2444 1 340 117 31 29 drone
2445 1 341 118 30 29 drone
2446 1 341 117 30 29 drone
2447 1 340 117 30 29 drone
2448 1 341 118 29 28 drone
2449 1 340 117 31 30 drone
2450 1 340 117 31 30 drone
2451 1 340 117 31 30 drone
2452 1 341 117 31 29 drone
2453 1 341 118 31 30 drone
2454 1 340 117 32 30 drone
2455 1 341 118 31 30 drone
2456 1 340 118 32 30 drone
2457 1 340 118 32 31 drone
2458 1 341 118 32 30 drone
2459 1 340 118 32 30 drone
2460 1 341 119 31 29 drone
2461 1 340 118 32 31 drone
2462 1 341 119 32 30 drone
2463 1 341 119 31 30 drone
2464 1 341 119 32 31 drone
2465 1 342 120 31 29 drone
2466 1 341 120 31 30 drone
2467 1 342 120 30 29 drone
2468 1 341 120 31 30 drone
2469 1 341 120 32 30 drone
2470 1 341 120 32 30 drone
2471 1 342 121 31 29 drone
2472 1 341 121 31 29 drone
2473 1 341 121 31 30 drone
2474 1 342 121 31 29 drone
2475 1 342 121 31 29 drone
2476 1 341 121 31 29 drone
2477 1 342 122 31 29 drone
2478 1 342 122 31 29 drone
2479 1 342 121 31 30 drone
2480 1 342 121 32 30 drone
2481 1 342 121 31 30 drone
2482 1 342 122 31 30 drone
2483 1 342 122 31 29 drone
2484 1 341 122 32 30 drone
2485 1 341 122 31 29 drone
2486 1 343 122 31 30 drone
2487 1 343 123 30 29 drone
2488 1 344 124 29 27 drone
2489 1 343 123 30 29 drone
2490 1 343 123 30 29 drone
2491 1 344 124 29 28 drone
2492 1 344 124 29 28 drone
2493 1 344 124 29 28 drone
2494 1 343 123 30 29 drone
2495 1 344 124 30 28 drone
2496 1 343 123 30 29 drone
2497 1 344 123 30 29 drone
2498 1 343 123 30 29 drone
2499 1 344 124 29 28 drone
2500 1 343 123 31 29 drone
2501 1 344 124 30 28 drone
2502 1 344 123 30 29 drone
2503 1 344 124 30 28 drone
2504 1 344 124 30 29 drone
2505 1 344 124 30 29 drone
2506 1 344 124 30 29 drone
2507 1 344 123 31 29 drone
2508 1 343 123 32 30 drone
2509 1 344 123 31 30 drone
2510 1 344 123 31 29 drone
2511 1 344 123 31 29 drone
2512 1 344 123 31 30 drone
2513 1 344 123 31 29 drone
2514 1 344 123 31 29 drone
2515 1 344 123 31 29 drone
2516 1 344 123 31 30 drone
2517 1 344 123 31 29 drone
2518 1 344 123 31 30 drone
2519 1 345 124 30 29 drone
2520 1 345 124 30 29 drone
2521 1 345 123 31 30 drone
2522 1 345 123 30 29 drone
2523 1 345 123 30 29 drone
2524 1 345 123 31 29 drone
2525 1 345 123 30 29 drone
2526 1 345 123 31 29 drone
2527 1 345 123 31 30 drone
2528 1 346 123 31 29 drone
2529 1 346 123 30 29 drone
2530 1 346 123 30 29 drone
2531 1 346 123 31 29 drone
2532 1 346 123 31 30 drone
2533 1 346 123 31 29 drone
2534 1 347 123 30 28 drone
2535 1 346 122 32 30 drone
2536 1 347 122 30 29 drone
2537 1 347 123 29 28 drone
2538 1 347 122 31 29 drone
2539 1 346 121 32 30 drone
2540 1 347 121 31 30 drone
2541 1 347 121 31 30 drone
2542 1 348 121 30 28 drone
2543 1 348 121 30 29 drone
2544 1 347 120 32 30 drone
2545 1 348 120 30 28 drone
2546 1 348 120 31 29 drone
2547 1 349 120 31 29 drone
2548 1 348 119 32 30 drone
2549 1 349 119 32 30 drone
2550 1 349 119 32 30 drone
2551 1 350 118 31 30 drone
2552 1 350 118 32 30 drone
2553 1 350 118 31 29 drone
2554 1 350 117 31 30 drone
2555 1 352 117 30 29 drone
2556 1 351 117 31 30 drone
2557 1 352 116 31 30 drone
2558 1 353 116 30 29 drone
2559 1 353 116 31 29 drone
2560 1 353 115 31 30 drone
2561 1 353 115 32 30 drone
2562 1 354 115 31 30 drone
2563 1 353 113 33 31 drone
2564 1 355 113 31 30 drone
2565 1 355 113 31 30 drone
2566 1 355 113 32 30 drone
2567 1 357 113 30 29 drone
2568 1 358 113 30 28 drone
2569 1 357 111 32 30 drone
2570 1 358 111 30 29 drone
2571 1 358 111 32 30 drone
2572 1 358 110 32 31 drone
2573 1 359 109 33 31 drone
2574 1 360 110 31 30 drone
2575 1 361 109 32 30 drone
2576 1 361 109 32 30 drone
2577 1 362 109 31 30 drone
2578 1 363 108 31 29 drone
2579 1 364 107 31 29 drone
2580 1 364 107 31 30 drone
2581 1 364 106 33 31 drone
2582 1 365 106 32 31 drone
2583 1 366 106 32 30 drone
2584 1 367 105 32 30 drone
2585 1 367 105 32 30 drone
2586 1 368 104 32 31 drone
2587 1 369 103 32 30 drone
2588 1 370 104 31 29 drone
2589 1 371 103 31 30 drone
2590 1 372 102 31 30 drone
2591 1 373 102 30 29 drone
2592 1 373 101 32 30 drone
2593 1 375 102 31 29 drone
2594 1 375 100 33 31 drone
2595 1 376 100 31 30 drone
2596 1 376 99 33 31 drone
2597 1 377 98 33 31 drone
2598 1 379 99 31 29 drone
2599 1 379 98 32 30 drone
2600 1 381 98 31 30 drone
2601 1 382 97 31 30 drone
2602 1 383 97 31 29 drone
2603 1 383 96 32 30 drone
2604 1 384 96 31 29 drone
2605 1 385 95 31 30 drone
2606 1 386 94 32 31 drone
2607 1 387 94 32 30 drone
2608 1 387 93 32 31 drone
2609 1 389 93 32 30 drone
2610 1 390 92 32 31 drone
2611 1 391 92 31 30 drone
2612 1 392 91 32 30 drone
2613 1 392 90 32 31 drone
2614 1 394 90 32 31 drone
2615 1 395 90 32 31 drone
2616 1 396 89 32 30 drone
2617 1 397 89 32 30 drone
2618 1 398 88 32 31 drone
2619 1 398 87 32 31 drone
2620 1 400 87 32 31 drone
2621 1 401 87 31 30 drone
2622 1 402 87 31 30 drone
2623 1 403 86 32 30 drone
2624 1 404 86 32 30 drone
2625 1 405 85 32 30 drone
2626 1 406 85 31 30 drone
2627 1 406 84 33 31 drone
2628 1 407 84 32 30 drone
2629 1 409 84 31 30 drone
2630 1 410 84 32 30 drone
2631 1 410 84 31 30 drone
2632 1 411 83 31 30 drone
2633 1 412 82 32 31 drone
2634 1 412 82 32 30 drone
2635 1 413 82 31 30 drone
2636 1 414 82 31 29 drone
2637 1 414 82 31 30 drone
2638 1 413 81 32 30 drone
2639 1 411 81 32 30 drone
2640 1 409 82 31 30 drone
2641 1 406 82 31 30 drone
2642 1 405 82 31 30 drone
2643 1 404 82 31 30 drone
2644 1 404 82 30 29 drone
2645 1 402 81 32 30 drone
2646 1 402 82 30 29 drone
2647 1 400 81 32 31 drone
2648 1 399 81 32 31 drone
2649 1 399 81 32 31 drone
2650 1 398 82 32 30 drone
2651 1 397 82 32 30 drone
2652 1 397 83 31 30 drone
2653 1 395 84 32 31 drone
2654 1 395 89 31 29 drone
2655 1 395 93 30 29 drone
2656 1 394 97 31 30 drone
2657 1 393 100 31 29 drone
2658 1 393 103 30 29 drone
2659 1 391 105 32 30 drone
2660 1 390 107 32 30 drone
2661 1 390 110 31 30 drone
2662 1 388 111 32 31 drone
2663 1 389 114 30 28 drone
2664 1 387 116 30 29 drone
2665 1 386 117 32 30 drone
2666 1 386 119 32 30 drone
2667 1 389 122 30 28 drone
2668 1 390 124 29 28 drone
2669 1 390 125 31 29 drone
2670 1 390 126 31 30 drone
2671 1 392 128 31 29 drone
2672 1 393 130 31 29 drone
2673 1 393 131 32 30 drone
2674 1 394 133 32 30 drone
2675 1 395 135 31 30 drone
2676 1 397 137 31 29 drone
2677 1 398 139 31 29 drone
2678 1 399 141 29 28 drone
2679 1 400 142 30 29 drone
2680 1 401 144 30 28 drone
2681 1 402 145 32 30 drone
2682 1 403 147 31 29 drone
2683 1 403 148 31 30 drone
2684 1 404 151 30 29 drone
2685 1 403 152 31 29 drone
2686 1 402 154 31 30 drone
2687 1 401 157 31 29 drone
2688 1 400 159 31 30 drone
2689 1 399 160 32 30 drone
2690 1 399 163 31 30 drone
2691 1 398 165 32 30 drone
2692 1 397 167 32 30 drone
2693 1 397 169 30 29 drone
2694 1 396 171 31 29 drone
2695 1 395 173 32 30 drone
2696 1 395 175 31 30 drone
2697 1 394 177 32 30 drone
2698 1 393 179 32 30 drone
2699 1 393 182 31 30 drone
2700 1 392 185 31 29 drone
2701 1 391 186 31 30 drone
2702 1 391 188 31 30 drone
2703 1 390 191 31 29 drone
2704 1 390 192 32 30 drone
2705 1 390 195 31 29 drone
2706 1 389 197 31 30 drone
2707 1 388 200 32 30 drone
2708 1 388 202 31 30 drone
2709 1 388 204 31 30 drone
2710 1 387 206 31 30 drone
2711 1 388 210 30 29 drone
2712 1 386 212 32 30 drone
2713 1 386 214 32 30 drone
2714 1 386 217 30 29 drone
2715 1 386 220 31 29 drone
2716 1 385 222 31 30 drone
2717 1 385 225 31 30 drone
2718 1 385 228 30 29 drone
2719 1 385 230 31 29 drone
2720 1 384 232 31 30 drone
2721 1 384 233 31 29 drone
2722 1 383 233 31 30 drone
2723 1 383 234 31 30 drone
2724 1 385 235 29 27 drone
2725 1 383 234 31 30 drone
2726 1 382 234 31 30 drone
2727 1 382 234 31 29 drone
2728 1 382 234 32 30 drone
2729 1 382 234 32 30 drone
2730 1 382 234 31 29 drone
2731 1 382 234 31 29 drone
2732 1 382 234 31 29 drone
2733 1 381 235 31 30 drone
2734 1 380 234 32 30 drone
2735 1 381 235 31 29 drone
2736 1 380 235 31 29 drone
2737 1 380 234 30 29 drone
2738 1 379 234 31 30 drone
2739 1 380 234 30 29 drone
2740 1 380 235 31 29 drone
2741 1 379 234 31 30 drone
2742 1 380 235 29 28 drone
2743 1 378 234 32 30 drone
2744 1 379 234 31 29 drone
2745 1 379 235 30 29 drone
2746 1 379 234 30 29 drone
2747 1 378 234 31 29 drone
2748 1 378 234 31 30 drone
2749 1 377 234 31 30 drone
2750 1 377 234 31 30 drone
2751 1 378 234 30 28 drone
2752 1 377 234 31 30 drone
2753 1 378 234 30 29 drone
2754 1 377 234 31 29 drone
2755 1 377 234 31 29 drone
2756 1 376 234 31 30 drone
2757 1 376 233 31 30 drone
2758 1 376 234 31 29 drone
2759 1 376 233 32 30 drone
2760 1 376 234 31 29 drone
2761 1 376 233 31 30 drone
2762 1 375 233 32 31 drone
2763 1 375 232 32 30 drone
2764 1 375 233 31 30 drone
2765 1 375 233 31 29 drone
2766 1 375 233 31 29 drone
2767 1 375 233 31 29 drone
2768 1 375 233 30 28 drone
2769 1 375 234 29 28 drone
2770 1 374 233 31 30 drone
2771 1 374 233 31 30 drone
2772 1 375 234 29 28 drone
2773 1 373 233 31 30 drone
2774 1 373 232 31 30 drone
2775 1 373 233 31 29 drone
2776 1 373 233 31 29 drone
2777 1 372 232 32 30 drone
2778 1 372 232 32 30 drone
2779 1 371 232 32 30 drone
2780 1 372 232 31 30 drone
2781 1 372 232 31 29 drone
2782 1 371 232 32 30 drone
2783 1 372 232 30 28 drone
2784 1 371 232 31 29 drone
2785 1 370 232 31 29 drone
2786 1 370 233 30 29 drone
2787 1 372 233 28 27 drone
2788 1 372 233 28 27 drone
2789 1 371 233 29 27 drone
2790 1 371 233 29 28 drone
2791 1 370 233 29 27 drone
2792 1 370 233 28 27 drone
2793 1 370 233 28 27 drone
2794 1 370 233 28 27 drone
2795 1 369 233 28 27 drone
2796 1 369 233 29 27 drone
2797 1 369 233 28 27 drone
2798 1 369 233 28 26 drone
2799 1 369 233 28 26 drone
2800 1 368 232 29 27 drone
2801 1 368 233 28 26 drone
2802 1 367 232 29 28 drone
2803 1 367 233 28 27 drone
2804 1 367 233 28 27 drone
2805 1 367 233 28 27 drone
2806 1 366 233 28 27 drone
2807 1 366 232 28 27 drone
2808 1 366 232 29 27 drone
2809 1 366 233 28 26 drone
2810 1 365 232 29 28 drone
2811 1 365 232 28 27 drone
2812 1 364 232 29 27 drone
2813 1 364 232 29 27 drone
2814 1 363 233 28 27 drone
2815 1 363 232 29 27 drone
2816 1 363 233 28 27 drone
2817 1 363 233 28 27 drone
2818 1 362 233 28 27 drone
2819 1 362 233 28 27 drone
2820 1 361 232 29 27 drone
2821 1 361 233 29 27 drone
2822 1 360 232 29 27 drone
2823 1 360 233 28 27 drone
2824 1 360 233 28 26 drone
2825 1 360 233 28 27 drone
2826 1 359 232 29 28 drone
2827 1 359 233 28 27 drone
2828 1 358 233 28 27 drone
2829 1 358 233 28 27 drone
2830 1 357 233 28 27 drone
2831 1 357 232 28 27 drone
2832 1 356 232 29 28 drone
2833 1 356 232 29 28 drone
2834 1 355 232 29 27 drone
2835 1 355 233 28 27 drone
2836 1 354 232 29 28 drone
2837 1 354 233 28 27 drone
2838 1 353 233 29 27 drone
2839 1 353 233 28 27 drone
2840 1 352 233 28 27 drone
2841 1 352 233 28 27 drone
2842 1 351 232 29 28 drone
2843 1 350 233 29 27 drone
2844 1 350 233 28 27 drone
2845 1 350 233 28 27 drone
2846 1 349 232 29 28 drone
2847 1 348 233 29 27 drone
2848 1 348 233 28 27 drone
2849 1 347 233 28 27 drone
2850 1 347 233 28 27 drone
2851 1 346 233 28 27 drone
2852 1 346 234 28 26 drone
2853 1 345 234 27 26 drone
2854 1 344 234 27 26 drone
2855 1 343 233 28 27 drone
2856 1 343 233 28 27 drone
2857 1 342 233 28 27 drone
2858 1 341 233 28 27 drone
2859 1 340 233 29 27 drone
2860 1 340 233 28 27 drone
2861 1 339 234 28 26 drone
2862 1 339 234 28 27 drone
2863 1 338 234 28 26 drone
2864 1 337 234 28 26 drone
2865 1 337 235 26 25 drone
2866 1 335 233 29 27 drone
2867 1 335 234 28 26 drone
2868 1 334 234 28 27 drone
2869 1 332 234 29 27 drone
2870 1 332 234 28 27 drone
2871 1 331 234 29 27 drone
2872 1 330 234 28 27 drone
2873 1 329 234 28 27 drone
2874 1 328 234 28 27 drone
2875 1 328 234 28 27 drone
2876 1 327 234 28 27 drone
2877 1 325 234 29 28 drone
2878 1 324 234 28 27 drone
2879 1 324 234 28 27 drone
2880 1 323 235 28 26 drone
2881 1 321 234 29 27 drone
2882 1 321 235 28 27 drone
2883 1 320 234 28 27 drone
2884 1 318 234 29 28 drone
2885 1 318 235 28 27 drone
2886 1 317 234 29 28 drone
2887 1 316 234 29 27 drone
2888 1 315 234 29 27 drone
2889 1 314 235 28 27 drone
2890 1 314 235 28 26 drone
2891 1 312 235 28 26 drone
2892 1 311 234 28 27 drone
2893 1 310 234 29 28 drone
2894 1 309 234 29 27 drone
2895 1 309 235 28 27 drone
2896 1 308 235 28 27 drone
2897 1 307 235 28 27 drone
2898 1 306 236 27 26 drone
2899 1 306 236 28 26 drone
2900 1 305 237 27 26 drone
2901 1 305 236 28 27 drone
2902 1 306 236 29 27 drone
2903 1 306 237 29 27 drone
2904 1 307 237 29 28 drone
2905 1 309 240 28 26 drone
2906 1 309 242 29 27 drone
2907 1 311 249 27 26 drone
2908 1 311 255 28 27 drone
2909 1 312 260 28 27 drone
2910 1 314 266 28 27 drone
2911 1 315 271 28 26 drone
2912 1 316 275 28 27 drone
2913 1 317 280 29 27 drone
2914 1 318 285 28 27 drone
2915 1 319 289 28 26 drone
2916 1 321 293 28 27 drone
2917 1 322 298 27 26 drone
2918 1 323 302 28 26 drone
2919 1 324 305 29 28 drone
2920 1 325 309 29 27 drone
2921 1 326 314 28 27 drone
2922 1 327 318 28 27 drone
2923 1 328 321 29 28 drone
2924 1 329 326 29 28 drone
2925 1 331 332 28 27 drone
2926 1 332 336 28 26 drone
2927 1 333 341 28 27 drone
2928 1 334 345 29 28 drone
2929 1 335 350 28 27 drone
2930 1 336 354 29 28 drone
2931 1 337 359 29 28 drone
2932 1 338 364 29 27 drone
2933 1 339 369 29 28 drone
2934 1 341 375 28 26 drone
2935 1 342 379 27 26 drone
2936 1 343 381 28 27 drone
2937 1 343 383 28 27 drone
2938 1 343 385 27 26 drone
2939 1 342 386 28 27 drone
2940 1 341 387 28 27 drone
2941 1 340 389 27 26 drone
2942 1 339 390 28 27 drone
2943 1 338 390 29 27 drone
2944 1 337 391 28 27 drone
2945 1 337 392 28 26 drone
2946 1 336 392 28 27 drone
2947 1 336 393 27 26 drone
2948 1 335 393 28 27 drone
2949 1 335 394 28 26 drone
2950 1 334 394 28 26 drone
2951 1 334 394 28 27 drone
2952 1 333 394 28 27 drone
2953 1 332 396 28 26 drone
2954 1 332 395 27 26 drone
2955 1 331 396 28 27 drone
2956 1 331 396 28 26 drone
2957 1 331 396 27 26 drone
2958 1 330 396 27 26 drone
2959 1 330 396 27 26 drone
2960 1 329 396 28 26 drone
2961 1 328 395 29 28 drone
2962 1 328 396 28 27 drone
2963 1 327 395 29 27 drone
2964 1 328 396 27 26 drone
2965 1 327 396 28 27 drone
2966 1 326 396 29 28 drone
2967 1 326 396 29 27 drone
2968 1 326 396 28 27 drone
2969 1 325 396 29 27 drone
2970 1 325 396 29 27 drone
2971 1 327 397 28 26 drone
2972 1 327 397 28 27 drone
2973 1 327 396 30 28 drone
2974 1 329 397 28 27 drone
2975 1 331 398 27 26 drone
2976 1 331 398 27 26 drone
2977 1 332 397 29 27 drone
2978 1 333 398 28 27 drone
2979 1 334 398 28 27 drone
2980 1 335 398 28 27 drone
2981 1 336 398 28 27 drone
2982 1 337 398 29 28 drone
2983 1 339 399 28 26 drone
2984 1 339 399 28 27 drone
2985 1 340 398 28 27 drone
2986 1 341 398 28 27 drone
2987 1 342 398 28 27 drone
2988 1 343 398 29 27 drone
2989 1 344 398 29 28 drone
2990 1 345 398 28 27 drone
2991 1 346 399 28 27 drone
2992 1 347 398 28 27 drone
2993 1 348 398 29 27 drone
2994 1 350 399 28 26 drone
2995 1 351 398 28 27 drone
2996 1 351 398 29 28 drone
2997 1 353 398 28 26 drone
2998 1 353 398 29 27 drone
2999 1 355 398 28 26 drone
3000 1 355 397 28 27 drone
