0 0
1 0
2 0
3 0
4 0
5 0
6 0
7 0
8 0
9 0
10 0
11 0
12 0
13 0
14 0
15 0
16 0
17 0
18 0
19 0
20 0
21 0
22 0
23 0
24 0
25 0
26 0
27 0
28 0
29 0
30 0
31 0
32 0
33 0
34 0
35 0
36 0
37 0
38 0
39 0
40 0
41 0
42 0
43 0
44 0
45 0
46 0
47 0
48 0
49 0
50 0
51 0
52 0
53 0
54 0
55 0
56 0
57 0
58 0
59 0
60 0
61 0
62 0
63 0
64 0
65 0
66 0
67 0
68 0
69 0
70 0
71 0
72 0
73 0
74 0
75 0
76 0
77 0
78 0
79 0
80 0
81 0
82 0
83 0
84 0
85 0
86 0
87 0
88 0
89 0
90 0
91 0
92 0
93 0
94 0
95 0
96 0
97 0
98 0
99 0
100 0
101 0
102 0
103 0
104 0
105 0
106 0
107 0
108 0
109 0
110 0
111 0
112 0
113 0
114 0
115 0
116 0
117 0
118 0
119 0
120 0
121 0
122 0
123 0
124 0
125 0
126 0
127 0
128 0
129 0
130 0
131 0
132 0
133 0
134 0
135 0
136 0
137 0
138 0
139 0
140 0
141 0
142 0
143 0
144 0
145 0
146 0
147 0
148 0
149 0
150 0
151 0
152 0
153 0
154 0
155 0
156 0
157 0
158 0
159 0
160 0
161 0
162 0
163 0
164 0
165 0
166 0
167 0
168 0
169 0
170 0
171 0
172 0
173 0
174 0
175 0
176 0
177 0
178 0
179 0
180 0
181 0
182 0
183 0
184 0
185 0
186 0
187 0
188 0
189 0
190 0
191 0
192 0
193 0
194 0
195 0
196 0
197 0
198 0
199 0
200 0
201 0
202 0
203 0
204 0
205 0
206 0
207 0
208 0
209 0
210 0
211 0
212 0
213 0
214 0
215 0
216 0
217 0
218 0
219 0
220 0
221 0
222 0
223 0
224 0
225 0
226 0
227 0
228 0
229 0
230 0
231 0
232 0
233 0
234 0
235 0
236 0
237 0
238 0
239 0
240 0
241 0
242 0
243 0
244 0
245 0
246 0
247 0
248 0
249 1 1168 1 35 13 drone
250 1 1177 36 36 15 drone
251 1 1195 87 36 15 drone
252 1 1209 128 36 15 drone
253 1 1215 148 36 15 drone
254 1 1226 172 33 12 drone
255 1 1231 189 34 12 drone
256 1 1247 211 34 14 drone
257 1 1251 235 40 11 drone
258 1 1270 269 36 14 drone
259 1 1281 308 39 14 drone
260 1 1289 338 37 13 drone
261 1 1296 364 39 16 drone
262 1 1302 381 39 16 drone
263 1 1309 391 39 16 drone
264 1 1311 394 39 16 drone
265 1 1316 397 36 13 drone
266 1 1301 398 36 13 drone
267 1 1298 400 36 13 drone
268 1 1305 401 35 13 drone
269 1 1309 401 36 13 drone
270 1 1319 405 36 13 drone
271 1 1331 409 34 12 drone
272 1 1340 421 36 13 drone
273 1 1347 444 36 13 drone
274 1 1354 465 36 13 drone
275 1 1387 489 36 13 drone
276 1 1425 506 41 13 drone
277 1 1482 526 41 13 drone
278 1 1523 534 41 13 drone
279 1 1577 536 41 13 drone
280 1 1618 537 58 15 drone
281 1 1651 535 59 15 drone
282 1 1669 530 59 15 drone
283 1 1677 527 62 16 drone
284 1 1690 526 60 15 drone
285 1 1693 524 63 16 drone
286 1 1708 523 60 16 drone
287 1 1714 523 59 15 drone
288 1 1696 521 59 15 drone
289 1 1654 521 51 17 drone
290 1 1613 521 51 17 drone
291 1 1574 522 51 17 drone
292 1 1563 523 49 16 drone
293 1 1557 524 50 17 drone
294 1 1562 524 50 17 drone
295 1 1570 524 48 16 drone
296 1 1581 524 48 16 drone
297 1 1590 523 45 15 drone
298 1 1600 523 44 15 drone
299 1 1608 521 44 15 drone
300 1 1619 521 43 14 drone
301 1 1632 519 42 14 drone
302 1 1643 518 42 14 drone
303 1 1657 513 42 14 drone
304 1 1657 513 54 15 drone
305 1 1660 514 53 15 drone
306 1 1669 516 48 13 drone
307 1 1679 518 48 13 drone
308 1 1693 521 48 13 drone
309 1 1700 525 45 13 drone
310 1 1701 526 46 13 drone
311 1 1689 529 47 13 drone
312 1 1638 531 54 11 drone
313 1 1604 534 52 11 drone
314 1 1556 534 52 16 drone
315 1 1506 538 52 16 drone
316 1 1502 541 52 16 drone
317 1 1515 547 52 16 drone
318 1 1523 551 51 16 drone
319 1 1536 555 51 16 drone
320 1 1542 558 52 16 drone
321 1 1558 562 50 15 drone
322 1 1566 566 51 16 drone
323 1 1573 570 52 16 drone
324 1 1580 573 52 16 drone
325 1 1589 577 51 16 drone
326 1 1596 580 52 16 drone
327 1 1604 583 51 16 drone
328 1 1613 586 51 16 drone
329 1 1623 590 51 16 drone
330 1 1631 593 51 16 drone
331 1 1642 596 51 16 drone
332 1 1650 599 51 16 drone
333 1 1660 602 52 16 drone
334 1 1667 604 52 16 drone
335 1 1678 607 51 16 drone
336 1 1687 610 53 16 drone
337 1 1694 612 53 16 drone
338 1 1703 614 51 16 drone
339 1 1707 617 51 16 drone
340 1 1697 622 51 16 drone
341 1 1638 625 50 13 drone
342 1 1524 626 50 13 drone
343 1 1405 629 49 12 drone
344 1 1344 631 49 12 drone
345 1 1340 634 51 12 drone
346 1 1352 635 49 12 drone
347 1 1363 638 50 12 drone
348 1 1372 640 49 12 drone
349 1 1382 642 49 12 drone
350 1 1391 646 49 12 drone
351 1 1399 648 48 12 drone
352 1 1408 651 49 12 drone
353 1 1418 654 45 11 drone
354 1 1426 657 47 12 drone
355 1 1433 660 48 12 drone
356 1 1442 663 48 12 drone
357 1 1452 667 49 12 drone
358 1 1459 670 47 12 drone
359 1 1469 673 48 12 drone
360 1 1476 676 47 12 drone
361 1 1485 679 48 12 drone
362 1 1492 682 48 12 drone
363 1 1501 686 48 12 drone
364 1 1510 690 48 12 drone
365 1 1515 692 48 12 drone
366 1 1509 695 46 11 drone
367 1 1425 696 44 12 drone
368 1 1324 697 42 13 drone
369 1 1275 698 42 16 drone
370 1 1197 702 42 14 drone
371 1 1150 703 42 14 drone
372 1 1158 706 41 14 drone
373 1 1171 709 41 14 drone
374 1 1179 712 41 14 drone
375 1 1188 715 41 14 drone
376 1 1195 717 40 13 drone
377 1 1203 720 42 14 drone
378 1 1213 722 41 14 drone
379 1 1220 725 41 14 drone
380 1 1230 727 40 13 drone
381 1 1234 728 41 14 drone
382 1 929 699 46 15 drone
383 1 665 694 42 13 drone
384 1 547 702 42 13 drone
385 1 554 708 42 13 drone
386 1 558 714 42 13 drone
387 1 569 723 43 13 drone
388 1 577 727 43 13 drone
389 1 585 732 41 13 drone
390 1 595 735 41 13 drone
391 1 601 740 41 13 drone
392 1 607 741 42 13 drone
393 1 613 743 41 13 drone
394 1 623 745 42 13 drone
395 1 633 747 40 12 drone
396 1 643 750 42 13 drone
397 1 648 752 41 13 drone
398 1 656 756 41 13 drone
399 1 665 758 41 13 drone
400 1 671 758 41 13 drone
401 1 685 759 40 12 drone
402 1 692 755 41 13 drone
403 1 712 748 41 13 drone
404 1 724 740 42 13 drone
405 1 738 732 41 13 drone
406 1 725 716 43 13 drone
407 1 707 698 43 13 drone
408 1 684 666 43 13 drone
409 1 670 628 43 13 drone
410 1 642 561 43 14 drone
411 1 628 522 43 13 drone
412 1 629 484 43 17 drone
413 1 640 491 45 18 drone
414 1 645 501 45 18 drone
415 1 668 513 45 18 drone
416 1 681 517 45 18 drone
417 1 693 524 45 18 drone
418 1 700 528 45 18 drone
419 1 714 532 45 18 drone
420 1 725 535 44 18 drone
421 1 733 539 44 18 drone
422 1 741 542 43 17 drone
423 1 745 548 45 18 drone
424 1 753 557 42 17 drone
425 1 757 563 45 18 drone
426 1 765 576 43 17 drone
427 1 776 589 43 17 drone
428 1 788 598 43 17 drone
429 1 803 609 43 17 drone
430 1 814 615 41 16 drone
431 1 837 621 43 17 drone
432 1 864 627 41 16 drone
433 1 881 632 43 17 drone
434 1 891 636 43 17 drone
435 1 894 639 43 17 drone
436 1 899 641 43 17 drone
437 1 905 644 44 17 drone
438 1 913 647 43 17 drone
439 1 919 649 44 18 drone
440 1 927 652 44 18 drone
441 1 935 656 42 17 drone
442 1 941 658 43 17 drone
443 1 949 661 43 17 drone
444 1 957 663 41 16 drone
445 1 964 666 42 17 drone
446 1 971 668 42 17 drone
447 1 979 672 43 17 drone
448 1 988 675 41 16 drone
449 1 994 677 42 17 drone
450 1 1002 680 42 17 drone
451 1 1010 682 40 16 drone
452 1 1018 685 41 16 drone
453 1 1025 688 39 16 drone
454 1 1053 694 38 15 drone
455 1 1059 696 39 16 drone
456 1 1063 699 39 16 drone
457 1 1072 702 37 15 drone
458 1 1076 706 38 15 drone
459 1 1083 710 37 15 drone
460 1 1086 708 35 27 drone
461 1 1091 713 34 26 drone
462 1 1094 719 32 25 drone
463 1 1095 723 34 26 drone
464 1 1099 730 29 23 drone
465 1 1097 735 31 24 drone
466 1 1095 743 28 21 drone
467 1 1092 747 28 22 drone
468 1 1087 754 27 21 drone
469 1 1079 761 28 22 drone
470 1 1072 766 27 21 drone
471 1 1060 772 28 21 drone
472 1 1050 776 28 22 drone
473 1 1035 782 28 22 drone
474 1 1022 786 28 22 drone
475 1 1004 791 28 22 drone
476 1 984 796 28 22 drone
477 1 969 792 34 27 drone
478 1 936 786 34 27 drone
479 1 919 789 34 27 drone
480 1 905 798 33 26 drone
481 1 886 799 33 26 drone
482 1 939 802 33 26 drone
483 1 1189 806 33 26 drone
484 1 1444 815 33 26 drone
485 1 1623 816 33 26 drone
486 1 1649 817 33 26 drone
487 1 1614 823 33 26 drone
488 1 1587 824 33 26 drone
489 1 1561 826 33 26 drone
490 1 1533 828 33 21 drone
491 1 1509 831 33 21 drone
492 1 1490 832 33 21 drone
493 1 1451 830 33 21 drone
494 1 1424 832 35 22 drone
495 1 1403 831 35 22 drone
496 1 1390 833 33 21 drone
497 1 1342 838 33 21 drone
498 1 1321 839 33 21 drone
499 1 1297 844 33 21 drone
500 1 1265 843 35 22 drone
501 1 1244 844 35 22 drone
502 1 1210 846 35 22 drone
503 1 1181 849 37 23 drone
504 1 1152 854 32 23 drone
505 1 1135 857 32 23 drone
506 1 1125 863 32 23 drone
507 1 1150 867 32 23 drone
508 1 1294 874 32 18 drone
509 1 1428 880 35 18 drone
510 1 1587 888 35 18 drone
511 1 1728 895 28 17 drone
512 1 1827 902 27 16 drone
513 0
514 0
515 1 1892 921 26 17 drone
516 1 1867 926 27 18 drone
517 1 1832 932 29 19 drone
518 1 1798 938 29 19 drone
519 1 1779 945 29 19 drone
520 1 1746 950 29 19 drone
521 1 1721 955 29 19 drone
522 1 1689 962 29 19 drone
523 1 1667 963 29 19 drone
524 1 1635 969 29 19 drone
525 1 1606 974 29 19 drone
526 1 1579 980 29 19 drone
527 1 1552 985 29 19 drone
528 1 1527 990 29 19 drone
529 1 1496 994 29 19 drone
530 1 1470 996 29 19 drone
531 1 1404 995 28 18 drone
532 1 1264 991 29 19 drone
533 1 1143 984 29 19 drone
534 1 1027 979 29 19 drone
535 1 1003 977 29 19 drone
536 1 1028 976 28 18 drone
537 1 1079 975 28 18 drone
538 1 1162 976 27 17 drone
539 1 1247 975 27 17 drone
540 1 1278 970 28 18 drone
541 1 1323 968 31 14 drone
542 1 1353 964 31 14 drone
543 1 1382 956 33 15 drone
544 1 1391 937 31 14 drone
545 1 1389 894 31 14 drone
546 1 1383 842 33 15 drone
547 1 1374 804 31 14 drone
548 1 1351 777 33 15 drone
549 1 1347 769 35 16 drone
550 1 1334 761 35 16 drone
551 1 1341 758 35 16 drone
552 1 1362 752 35 16 drone
553 1 1381 746 33 15 drone
554 1 1382 737 35 16 drone
555 1 1376 729 35 16 drone
556 1 1380 726 35 16 drone
557 1 1398 715 35 16 drone
558 1 1384 702 35 16 drone
559 1 1359 685 33 15 drone
560 1 1327 679 35 17 drone
561 1 1314 680 35 17 drone
562 1 1318 681 33 16 drone
563 1 1340 683 33 16 drone
564 1 1352 683 35 17 drone
565 1 1353 686 35 17 drone
566 1 1367 686 35 17 drone
567 1 1386 685 35 17 drone
568 1 1416 684 37 18 drone
569 1 1458 683 37 18 drone
570 1 1455 686 37 18 drone
571 1 1449 689 35 17 drone
572 1 1452 692 35 17 drone
573 1 1458 692 37 18 drone
574 1 1467 693 35 17 drone
575 1 1466 693 35 17 drone
576 1 1457 696 35 17 drone
577 1 1448 698 35 17 drone
578 1 1449 700 35 17 drone
579 1 1453 700 37 18 drone
580 1 1449 702 35 17 drone
581 1 1450 704 35 17 drone
582 1 1466 707 37 18 drone
583 1 1494 712 37 18 drone
584 1 1484 717 35 17 drone
585 1 1462 725 37 18 drone
586 1 1450 736 37 18 drone
587 1 1468 753 37 18 drone
588 1 1520 759 35 14 drone
589 1 1540 762 35 14 drone
590 1 1541 767 33 13 drone
591 1 1524 769 35 14 drone
592 1 1498 771 35 14 drone
593 1 1477 774 35 14 drone
594 1 1445 776 35 14 drone
595 1 1421 778 37 15 drone
596 1 1392 780 39 15 drone
597 1 1365 779 39 15 drone
598 1 1346 779 39 15 drone
599 1 1318 778 41 16 drone
600 1 1299 781 39 15 drone
601 1 1271 779 37 15 drone
602 1 1273 779 35 14 drone
603 1 1317 779 35 14 drone
604 1 1419 779 35 14 drone
605 1 1536 779 35 14 drone
606 1 1679 783 35 14 drone
607 1 1776 782 35 14 drone
608 1 1866 784 35 14 drone
609 0
610 0
611 0
612 0
613 0
614 1 1888 789 29 17 drone
615 1 1860 791 29 17 drone
616 1 1837 791 29 17 drone
617 1 1819 790 29 17 drone
618 1 1801 791 29 17 drone
619 1 1770 793 29 17 drone
620 1 1751 795 28 16 drone
621 1 1721 793 28 16 drone
622 1 1694 793 29 17 drone
623 1 1664 794 29 17 drone
624 1 1664 794 29 17 drone
625 1 1618 795 29 17 drone
626 1 1604 796 28 16 drone
627 1 1571 797 28 16 drone
628 1 1553 797 28 16 drone
629 1 1527 798 29 17 drone
630 1 1498 799 29 17 drone
631 1 1477 798 29 17 drone
632 1 1451 798 31 18 drone
633 1 1432 799 29 17 drone
634 1 1413 799 28 16 drone
635 1 1380 798 28 16 drone
636 1 1354 799 28 16 drone
637 1 1335 799 28 16 drone
638 1 1307 799 28 16 drone
639 1 1278 799 28 16 drone
640 1 1259 798 28 16 drone
641 1 1239 799 28 16 drone
642 1 1208 796 28 16 drone
643 1 1194 795 28 16 drone
644 1 1154 797 28 16 drone
645 1 1146 799 27 15 drone
646 1 1170 799 28 16 drone
647 1 1245 800 28 16 drone
648 1 1331 800 29 17 drone
649 1 1346 802 29 17 drone
650 1 1317 804 28 16 drone
651 1 1292 804 29 17 drone
652 1 1279 805 29 17 drone
653 1 1256 805 29 17 drone
654 1 1234 802 31 18 drone
655 1 1198 800 32 19 drone
656 1 1176 799 34 20 drone
657 1 1164 798 34 20 drone
658 1 1183 797 35 21 drone
659 1 1228 797 31 19 drone
660 1 1284 798 31 19 drone
661 1 1324 799 30 18 drone
662 1 1391 798 29 17 drone
663 1 1431 798 29 17 drone
664 1 1459 797 28 16 drone
665 1 1485 796 29 17 drone
666 1 1510 796 31 18 drone
667 1 1562 795 31 18 drone
668 1 1609 798 33 19 drone
669 1 1638 799 35 20 drone
670 1 1648 799 35 20 drone
671 1 1619 796 29 19 drone
672 1 1587 796 29 19 drone
673 1 1568 796 29 19 drone
674 1 1551 797 29 19 drone
675 1 1517 797 28 18 drone
676 1 1495 797 28 18 drone
677 1 1472 798 28 18 drone
678 1 1449 798 29 19 drone
679 1 1422 799 29 19 drone
680 1 1410 800 29 19 drone
681 1 1390 799 31 20 drone
682 1 1384 799 31 20 drone
683 1 1364 799 32 21 drone
684 1 1346 798 34 22 drone
685 1 1317 799 30 20 drone
686 1 1301 799 30 20 drone
687 1 1289 799 30 20 drone
688 1 1278 800 30 20 drone
689 1 1280 800 30 20 drone
690 1 1313 801 30 20 drone
691 1 1357 801 30 20 drone
692 1 1416 804 32 18 drone
693 1 1457 805 30 17 drone
694 1 1494 806 29 16 drone
695 1 1535 807 29 16 drone
696 1 1581 805 29 16 drone
697 1 1637 808 30 17 drone
698 1 1684 808 31 18 drone
699 1 1754 808 32 13 drone
700 1 1784 808 32 18 drone
701 1 1786 808 32 18 drone
702 1 1761 807 34 19 drone
703 1 1738 807 34 19 drone
704 1 1711 807 35 20 drone
705 1 1691 808 34 19 drone
706 1 1662 807 34 19 drone
707 1 1642 808 34 19 drone
708 1 1614 807 34 19 drone
709 1 1586 807 36 20 drone
710 1 1569 809 34 19 drone
711 1 1541 809 34 19 drone
712 1 1516 805 36 20 drone
713 1 1490 804 38 21 drone
714 1 1461 804 40 22 drone
715 1 1439 804 42 23 drone
716 1 1423 809 30 18 drone
717 1 1412 808 30 18 drone
718 1 1424 810 29 17 drone
719 1 1447 811 29 17 drone
720 1 1468 812 29 17 drone
721 1 1478 812 30 18 drone
722 1 1477 813 30 18 drone
723 1 1488 813 30 18 drone
724 1 1493 815 30 18 drone
725 1 1503 817 29 17 drone
726 1 1509 817 30 18 drone
727 1 1515 816 27 16 drone
728 1 1516 817 26 15 drone
729 1 1511 819 26 15 drone
730 1 1508 820 26 15 drone
731 1 1500 820 27 16 drone
732 1 1491 821 27 16 drone
733 1 1477 821 27 16 drone
734 1 1465 822 28 17 drone
735 1 1465 823 28 17 drone
736 1 1483 825 28 17 drone
737 1 1485 825 28 17 drone
738 1 1493 827 27 16 drone
739 1 1502 828 27 16 drone
740 1 1514 829 27 16 drone
741 1 1527 829 26 15 drone
742 1 1562 830 34 17 drone
743 1 1611 830 34 17 drone
744 1 1705 832 34 17 drone
745 1 1721 832 34 17 drone
746 1 1694 833 34 17 drone
747 1 1669 834 36 18 drone
748 1 1642 834 34 17 drone
749 1 1617 835 36 18 drone
750 1 1592 835 36 18 drone
751 1 1566 837 34 17 drone
752 1 1547 836 34 17 drone
753 1 1521 836 34 17 drone
754 1 1499 837 36 18 drone
755 1 1471 838 34 17 drone
756 1 1446 838 34 17 drone
757 1 1424 837 36 18 drone
758 1 1398 838 36 18 drone
759 1 1378 839 36 18 drone
760 1 1349 840 36 18 drone
761 1 1330 840 36 18 drone
762 1 1305 840 36 18 drone
763 1 1284 841 34 17 drone
764 1 1255 838 34 17 drone
765 1 1229 839 36 18 drone
766 1 1211 840 34 17 drone
767 1 1181 840 36 18 drone
768 1 1163 842 36 18 drone
769 1 1133 840 36 18 drone
770 1 1108 840 38 19 drone
771 1 1090 840 38 19 drone
772 1 1060 841 40 20 drone
773 1 1044 843 31 18 drone
774 1 1018 846 33 19 drone
775 1 996 846 33 15 drone
776 1 971 848 33 15 drone
777 1 946 848 33 15 drone
778 1 925 849 31 14 drone
779 1 901 849 31 14 drone
780 1 881 851 31 14 drone
781 1 853 849 31 14 drone
782 1 833 850 33 15 drone
783 1 805 849 35 16 drone
784 1 778 851 36 17 drone
785 1 758 850 38 17 drone
786 1 730 852 38 17 drone
787 1 712 852 38 17 drone
788 1 690 854 38 17 drone
789 1 696 857 36 17 drone
790 1 692 857 35 16 drone
791 1 663 859 35 16 drone
792 1 654 862 35 16 drone
793 1 617 861 36 17 drone
794 1 594 861 38 17 drone
795 1 571 860 38 17 drone
796 1 556 860 38 17 drone
797 1 531 860 36 17 drone
798 1 548 865 35 16 drone
799 1 600 864 29 14 drone
800 1 666 867 29 14 drone
801 1 692 869 30 15 drone
802 1 688 870 30 15 drone
803 1 682 869 30 15 drone
804 1 664 870 30 15 drone
805 1 652 871 30 15 drone
806 1 650 873 30 15 drone
807 1 659 876 30 15 drone
808 1 677 877 29 14 drone
809 1 695 879 30 15 drone
810 1 702 880 30 15 drone
811 1 751 883 29 14 drone
812 1 805 885 29 14 drone
813 1 844 887 29 14 drone
814 1 902 891 33 11 drone
815 1 938 892 32 13 drone
816 1 993 893 32 13 drone
817 1 1031 895 34 14 drone
818 1 1071 895 34 14 drone
819 1 1093 896 36 15 drone
820 1 1113 898 37 15 drone
821 1 1105 900 37 15 drone
822 1 1085 901 37 15 drone
823 1 1060 900 37 15 drone
824 1 1045 898 37 15 drone
825 1 1022 897 39 16 drone
826 1 1000 899 37 15 drone
827 1 978 897 39 16 drone
828 1 946 895 39 16 drone
829 1 912 896 39 16 drone
830 1 880 896 39 16 drone
831 1 863 897 35 22 drone
832 1 844 897 37 23 drone
833 1 818 899 39 24 drone
834 1 798 899 41 25 drone
835 1 787 906 41 25 drone
836 1 781 909 41 25 drone
837 1 794 913 43 27 drone
838 1 825 911 32 28 drone
839 1 857 917 32 28 drone
840 1 879 920 34 29 drone
841 1 891 921 35 31 drone
842 1 901 925 34 29 drone
843 1 904 928 34 29 drone
844 1 916 930 34 29 drone
845 1 931 934 34 29 drone
846 1 944 936 34 29 drone
847 1 970 937 32 28 drone
848 1 989 938 32 28 drone
849 1 1005 941 30 27 drone
850 1 1007 941 30 27 drone
851 1 1014 940 30 27 drone
852 1 1018 940 30 27 drone
853 1 1017 944 30 27 drone
