0 0
1 1 662 474 110 34 drone
2 1 675 463 115 25 drone
3 1 684 452 112 24 drone
4 1 700 437 108 24 drone
5 1 716 424 106 23 drone
6 1 744 408 101 28 drone
7 1 782 391 93 23 drone
8 1 816 378 89 22 drone
9 1 857 361 89 22 drone
10 1 874 348 86 21 drone
11 1 885 330 82 20 drone
12 1 894 316 79 20 drone
13 1 886 298 75 19 drone
14 1 868 281 73 18 drone
15 1 856 268 72 18 drone
16 1 841 251 69 17 drone
17 1 831 238 67 17 drone
18 1 817 222 66 16 drone
19 1 807 210 65 16 drone
20 1 796 195 63 16 drone
21 1 784 180 62 15 drone
22 1 776 169 60 15 drone
23 1 765 155 58 17 drone
24 1 756 145 57 17 drone
25 1 747 132 55 16 drone
26 1 751 123 54 16 drone
27 1 764 112 53 15 drone
28 1 771 102 51 15 drone
29 1 765 95 51 15 drone
30 1 758 88 49 14 drone
31 1 753 86 48 14 drone
32 1 747 90 47 14 drone
33 1 743 96 44 13 drone
34 1 738 103 44 13 drone
35 1 733 104 43 13 drone
36 1 731 106 41 12 drone
37 1 730 111 41 12 drone
38 1 730 116 40 12 drone
39 1 728 123 40 12 drone
40 1 728 130 39 11 drone
41 1 728 140 39 11 drone
42 1 728 151 38 11 drone
43 1 728 159 37 11 drone
44 1 728 169 36 11 drone
45 1 730 176 36 10 drone
46 1 732 187 36 10 drone
47 1 733 196 35 10 drone
48 1 736 207 35 10 drone
49 1 738 218 34 10 drone
50 1 740 225 34 10 drone
51 1 741 230 34 10 drone
52 1 738 227 34 10 drone
53 1 730 217 34 10 drone
54 1 720 203 35 10 drone
55 1 704 180 36 11 drone
56 1 684 154 47 16 drone
57 1 672 137 50 17 drone
58 1 655 118 50 17 drone
59 1 658 124 50 17 drone
60 1 669 142 49 17 drone
61 1 676 157 49 17 drone
62 1 686 179 49 17 drone
63 1 693 202 49 17 drone
64 1 699 219 48 17 drone
65 1 706 240 48 14 drone
66 1 710 253 47 14 drone
67 1 714 267 47 14 drone
68 1 716 273 47 14 drone
69 1 713 275 48 14 drone
70 1 705 270 49 14 drone
71 1 696 261 51 15 drone
72 1 680 245 55 16 drone
73 1 667 232 57 17 drone
74 1 646 215 62 18 drone
75 1 628 201 66 19 drone
76 1 602 182 66 19 drone
77 1 577 156 71 22 drone
78 1 553 137 82 26 drone
79 1 520 111 90 29 drone
80 1 489 89 97 31 drone
81 1 440 58 109 31 drone
82 1 400 37 119 34 drone
83 1 344 11 138 39 drone
84 1 291 -10 144 41 drone
85 1 261 -11 149 32 drone
86 1 242 -11 150 32 drone
87 1 192 0 215 43 drone
88 1 224 75 248 51 drone
89 1 322 194 248 51 drone
90 1 469 339 248 51 drone
91 1 601 461 248 51 drone
92 1 700 528 241 56 drone
93 1 829 584 239 56 drone
94 1 923 607 242 57 drone
95 1 1046 624 239 56 drone
96 1 1140 633 237 56 drone
97 1 1262 636 233 55 drone
98 1 1368 641 230 54 drone
99 1 1428 641 229 54 drone
100 1 1461 638 226 53 drone
101 1 1451 634 225 53 drone
102 1 1435 627 218 51 drone
103 1 1418 622 216 51 drone
104 1 1396 615 214 50 drone
105 1 1399 610 212 50 drone
106 1 1416 611 211 49 drone
107 1 1437 617 208 49 drone
108 1 1455 621 207 48 drone
109 1 1471 623 205 48 drone
110 1 1477 625 203 48 drone
111 1 1483 630 185 43 drone
112 1 1482 641 194 42 drone
113 1 1486 651 191 41 drone
114 1 1481 671 191 41 drone
115 1 1470 688 187 41 drone
116 1 1459 705 188 52 drone
117 1 1447 729 188 52 drone
118 1 1435 755 184 58 drone
119 1 1409 775 184 58 drone
120 1 1391 790 184 58 drone
121 1 1350 808 184 58 drone
122 1 1288 824 184 58 drone
123 1 1122 841 183 62 drone
124 1 1002 852 183 62 drone
125 1 878 871 180 62 drone
126 1 803 892 180 62 drone
127 1 744 898 181 62 drone
128 1 719 906 182 63 drone
129 1 711 922 181 62 drone
130 1 692 940 187 64 drone
131 1 682 951 189 65 drone
132 1 694 967 173 61 drone
133 1 710 977 172 61 drone
134 1 724 972 171 60 drone
135 1 747 957 170 60 drone
136 1 762 943 169 60 drone
137 1 775 923 167 59 drone
138 1 779 905 166 58 drone
139 1 793 875 162 58 drone
140 1 811 849 162 58 drone
141 1 824 826 161 58 drone
142 1 836 791 161 58 drone
143 1 845 760 161 58 drone
144 1 860 742 160 55 drone
145 1 871 730 159 55 drone
146 1 894 724 157 54 drone
147 1 929 725 155 53 drone
148 1 956 725 155 53 drone
149 1 982 722 153 53 drone
150 1 1004 717 152 52 drone
151 1 1026 707 151 52 drone
152 1 1040 697 150 52 drone
153 1 1065 683 149 51 drone
154 1 1092 669 147 51 drone
155 1 1111 660 147 50 drone
156 1 1141 646 144 49 drone
157 1 1155 634 143 49 drone
158 1 1151 623 142 49 drone
159 1 1118 625 142 49 drone
160 1 1069 636 142 49 drone
161 1 1042 647 138 48 drone
162 1 1048 647 140 48 drone
163 1 1084 639 140 48 drone
164 1 1108 637 141 49 drone
165 1 1147 637 139 48 drone
166 1 1164 637 138 48 drone
167 1 1189 633 137 47 drone
168 1 1216 620 136 47 drone
169 1 1245 615 132 29 drone
170 1 1286 579 132 29 drone
171 1 1318 552 132 29 drone
172 1 1352 514 132 29 drone
173 1 1372 494 132 29 drone
174 1 1385 477 131 29 drone
175 1 1387 465 131 29 drone
176 1 1387 460 135 30 drone
177 1 1397 460 130 28 drone
178 1 1396 464 129 28 drone
179 1 1378 471 128 28 drone
180 1 1351 479 128 28 drone
181 1 1300 490 127 28 drone
182 1 1250 502 127 28 drone
183 1 1222 510 126 28 drone
184 1 1189 521 126 28 drone
185 1 1161 529 125 28 drone
186 1 1117 538 126 28 drone
187 1 1084 544 124 27 drone
188 1 1043 550 124 27 drone
189 1 1001 555 124 27 drone
190 1 979 556 123 27 drone
191 1 964 559 123 27 drone
192 1 967 558 122 27 drone
193 1 981 556 124 27 drone
194 1 981 553 130 29 drone
195 1 979 554 144 32 drone
196 1 961 551 159 35 drone
197 1 945 547 168 37 drone
198 1 929 537 180 40 drone
199 1 928 531 189 42 drone
200 1 926 542 200 44 drone
201 1 910 552 201 44 drone
202 1 884 560 199 44 drone
203 1 838 562 199 44 drone
204 1 808 560 199 44 drone
205 1 781 543 199 44 drone
206 1 775 516 199 44 drone
207 1 780 478 199 44 drone
208 1 794 455 199 44 drone
209 1 803 447 198 44 drone
210 1 798 446 197 44 drone
211 1 783 453 197 44 drone
212 1 760 467 193 43 drone
213 1 741 478 192 42 drone
214 1 714 497 191 42 drone
215 1 703 512 191 42 drone
216 1 722 529 187 41 drone
217 1 730 543 186 41 drone
218 1 727 556 185 41 drone
219 1 721 569 183 40 drone
220 1 716 578 181 40 drone
221 1 708 582 179 40 drone
222 1 714 581 178 39 drone
223 1 743 574 178 39 drone
224 1 789 563 178 39 drone
225 1 821 555 176 39 drone
226 1 851 546 175 38 drone
227 1 863 537 179 39 drone
228 1 880 522 178 39 drone
229 1 887 503 177 39 drone
230 1 913 477 166 45 drone
231 1 942 463 166 45 drone
232 1 956 456 164 44 drone
233 1 960 446 162 44 drone
234 1 966 435 160 43 drone
235 1 977 420 159 43 drone
236 1 989 407 154 42 drone
237 1 1009 392 152 41 drone
238 1 1024 383 150 41 drone
239 1 1028 378 148 40 drone
240 1 1021 373 145 39 drone
241 1 1007 373 143 39 drone
242 1 974 375 133 36 drone
243 1 932 377 139 35 drone
244 1 877 381 137 35 drone
245 1 827 385 136 34 drone
246 1 776 391 134 34 drone
247 1 696 395 134 34 drone
248 1 652 406 134 34 drone
249 1 605 420 134 34 drone
250 1 594 430 134 34 drone
251 1 607 434 133 40 drone
252 1 655 441 133 40 drone
253 1 692 445 134 40 drone
254 1 738 445 130 39 drone
255 1 765 437 133 57 drone
256 1 801 441 136 58 drone
257 1 829 443 139 60 drone
258 1 878 446 134 69 drone
259 1 921 457 134 69 drone
260 1 947 468 136 70 drone
261 1 964 484 141 72 drone
262 1 959 497 145 75 drone
263 1 936 517 148 76 drone
264 1 907 531 149 77 drone
265 1 874 547 149 76 drone
266 1 838 561 149 77 drone
267 1 823 568 149 77 drone
268 1 820 573 149 77 drone
269 1 825 569 149 77 drone
270 1 848 556 149 77 drone
271 1 868 541 149 77 drone
272 1 884 522 149 77 drone
273 1 884 505 148 76 drone
274 1 884 497 148 76 drone
275 1 887 495 144 74 drone
276 1 902 494 142 73 drone
277 1 930 491 157 81 drone
278 1 945 490 156 81 drone
279 1 946 488 156 81 drone
280 1 939 490 155 80 drone
281 1 922 495 154 80 drone
282 1 893 498 152 78 drone
283 1 880 499 151 78 drone
284 1 868 500 148 77 drone
285 1 857 501 146 75 drone
286 1 822 502 154 77 drone
287 1 788 504 151 76 drone
288 1 767 504 149 74 drone
289 1 747 504 147 74 drone
290 1 738 501 146 73 drone
291 1 733 497 152 73 drone
292 1 732 495 151 73 drone
293 1 716 494 151 72 drone
294 1 698 494 150 72 drone
295 1 686 493 150 72 drone
296 1 671 498 149 72 drone
297 1 662 506 148 71 drone
298 1 646 521 149 71 drone
299 1 631 534 149 71 drone
300 1 602 552 149 72 drone
301 1 568 564 148 71 drone
302 1 539 572 147 71 drone
303 1 503 575 147 70 drone
304 1 486 570 146 70 drone
305 1 466 563 145 70 drone
306 1 469 555 128 71 drone
307 1 464 542 127 71 drone
308 1 472 529 126 70 drone
309 1 486 523 126 70 drone
310 1 513 521 125 69 drone
311 1 531 524 124 69 drone
312 1 562 528 122 68 drone
313 1 572 528 121 67 drone
314 1 582 524 120 67 drone
315 1 598 525 119 66 drone
316 1 620 527 118 65 drone
317 1 645 533 116 65 drone
318 1 653 538 116 64 drone
319 1 671 546 114 63 drone
320 1 680 552 114 63 drone
321 1 699 560 112 62 drone
322 1 731 569 111 61 drone
323 1 760 574 110 61 drone
324 1 798 580 108 60 drone
325 1 830 584 107 59 drone
326 1 864 589 106 59 drone
327 1 880 593 104 58 drone
328 1 895 599 103 57 drone
329 1 901 603 102 57 drone
330 1 899 607 101 56 drone
331 1 905 609 100 55 drone
332 1 907 610 98 55 drone
333 1 908 611 97 54 drone
334 1 902 611 97 54 drone
335 1 898 612 95 53 drone
336 1 891 611 93 52 drone
337 1 885 614 92 51 drone
338 1 869 612 90 50 drone
339 1 854 610 89 49 drone
340 1 834 606 86 48 drone
341 1 816 605 83 46 drone
342 1 791 600 81 45 drone
343 1 779 594 85 47 drone
344 1 770 592 77 43 drone
345 1 771 586 83 46 drone
346 1 774 579 90 50 drone
347 1 791 573 89 49 drone
348 1 806 566 89 50 drone
349 1 842 556 88 49 drone
350 1 874 549 85 47 drone
351 1 895 542 84 53 drone
352 1 924 533 85 53 drone
353 1 944 527 86 54 drone
354 1 970 519 86 54 drone
355 1 983 511 86 54 drone
356 1 1008 507 88 46 drone
357 1 1024 496 89 46 drone
358 1 1039 487 89 47 drone
359 1 1054 477 82 43 drone
360 1 1057 466 90 47 drone
361 1 1045 453 92 48 drone
362 1 1037 443 92 48 drone
363 1 1022 433 93 49 drone
364 1 1001 424 93 49 drone
365 1 994 419 104 55 drone
366 1 1006 416 106 56 drone
367 1 1025 418 106 56 drone
368 1 1049 416 108 57 drone
369 1 1072 413 109 58 drone
370 1 1101 410 116 61 drone
371 1 1117 400 119 63 drone
372 1 1146 393 115 64 drone
373 1 1186 383 115 64 drone
374 1 1231 376 115 64 drone
375 1 1285 369 115 64 drone
376 1 1314 366 116 65 drone
377 1 1332 367 118 66 drone
378 1 1328 383 118 66 drone
379 1 1297 401 118 66 drone
380 1 1237 417 126 61 drone
381 1 1203 425 126 61 drone
382 1 1145 429 126 61 drone
383 1 1100 433 130 61 drone
384 1 1053 435 130 61 drone
385 1 1026 431 131 61 drone
386 1 1014 430 131 61 drone
387 1 993 430 131 61 drone
388 1 982 430 130 61 drone
389 1 986 428 132 62 drone
390 1 977 423 143 70 drone
391 1 977 429 144 71 drone
392 1 995 442 148 72 drone
393 1 1004 453 150 73 drone
394 1 1018 478 154 75 drone
395 1 1023 495 158 77 drone
396 1 1009 518 155 75 drone
397 1 995 532 158 77 drone
398 1 968 550 158 77 drone
399 1 936 559 161 79 drone
400 1 915 559 164 80 drone
401 1 890 549 166 81 drone
402 1 871 537 167 81 drone
403 1 853 517 169 82 drone
404 1 840 506 171 83 drone
405 1 830 494 173 84 drone
406 1 829 485 175 85 drone
407 1 830 482 176 86 drone
408 1 833 479 177 86 drone
409 1 835 481 178 87 drone
410 1 837 489 179 87 drone
411 1 838 493 181 88 drone
412 1 845 493 181 88 drone
413 1 868 483 184 89 drone
414 1 881 475 184 90 drone
415 1 897 463 186 91 drone
416 1 907 454 167 85 drone
417 1 913 453 168 86 drone
418 1 909 448 170 86 drone
419 1 907 445 172 88 drone
420 1 897 450 173 88 drone
421 1 886 455 174 89 drone
422 1 867 461 175 89 drone
423 1 865 468 177 90 drone
424 1 868 475 178 90 drone
425 1 875 479 178 90 drone
426 1 884 484 178 91 drone
427 1 884 486 180 91 drone
428 1 887 485 180 92 drone
429 1 884 484 181 92 drone
430 1 887 483 181 92 drone
431 1 890 475 181 92 drone
432 1 893 470 181 92 drone
433 1 916 449 141 113 drone
434 1 927 446 142 114 drone
435 1 936 446 142 114 drone
436 1 942 454 142 114 drone
437 1 951 464 143 114 drone
438 1 949 485 143 115 drone
439 1 938 507 143 119 drone
440 1 944 538 143 119 drone
441 1 967 568 143 119 drone
442 1 995 583 142 119 drone
443 1 1037 603 142 118 drone
444 1 1063 614 142 118 drone
445 1 1091 628 141 117 drone
446 1 1109 631 140 116 drone
447 1 1105 619 138 115 drone
448 1 1098 601 137 114 drone
449 1 1100 575 136 135 drone
450 1 1098 559 135 134 drone
451 1 1090 543 134 133 drone
452 1 1094 522 134 133 drone
453 1 1114 509 133 132 drone
454 1 1133 497 132 131 drone
455 1 1147 489 131 130 drone
456 1 1135 485 130 129 drone
457 1 1094 478 128 127 drone
458 1 1051 470 127 126 drone
459 1 997 461 127 126 drone
460 1 968 453 126 126 drone
461 1 931 446 126 125 drone
462 1 921 434 104 130 drone
463 1 899 432 104 130 drone
464 1 882 431 103 129 drone
465 1 865 434 103 128 drone
466 1 841 437 102 128 drone
467 1 832 439 102 128 drone
468 1 821 442 115 136 drone
469 1 838 449 115 136 drone
470 1 865 457 115 136 drone
471 1 909 471 114 135 drone
472 1 930 482 125 128 drone
473 1 986 489 125 128 drone
474 1 1044 496 121 124 drone
475 1 1115 501 121 124 drone
476 1 1159 506 120 123 drone
477 1 1187 510 120 123 drone
478 1 1191 517 120 123 drone
479 1 1174 520 119 122 drone
480 1 1128 524 133 119 drone
481 1 1095 528 134 120 drone
482 1 1058 537 134 120 drone
483 1 1022 548 134 120 drone
484 1 975 554 141 118 drone
485 1 932 563 141 118 drone
486 1 904 571 140 117 drone
487 1 872 574 140 117 drone
488 1 867 569 140 117 drone
489 1 871 552 138 116 drone
490 1 897 511 137 115 drone
491 1 903 480 153 104 drone
492 1 922 423 153 104 drone
493 1 917 393 153 104 drone
494 1 910 356 153 104 drone
495 1 892 341 153 104 drone
496 1 856 333 153 104 drone
497 1 821 328 153 104 drone
498 1 785 327 152 103 drone
499 1 740 328 142 97 drone
500 1 704 327 141 96 drone
501 1 663 326 166 89 drone
502 1 658 323 165 89 drone
503 1 668 322 162 87 drone
504 1 681 313 160 86 drone
505 1 692 311 159 85 drone
506 1 701 310 158 85 drone
507 1 701 313 156 84 drone
508 1 701 321 155 83 drone
509 1 700 330 154 82 drone
510 1 694 340 164 81 drone
511 1 702 350 163 81 drone
512 1 699 358 162 80 drone
513 1 691 367 161 80 drone
514 1 681 375 160 79 drone
515 1 668 384 159 78 drone
516 1 659 388 158 78 drone
517 1 644 397 156 77 drone
518 1 626 401 163 77 drone
519 1 611 404 167 79 drone
520 1 602 410 163 77 drone
521 1 592 418 163 77 drone
522 1 576 440 166 68 drone
523 1 561 452 164 67 drone
524 1 539 470 162 66 drone
525 1 514 489 161 66 drone
526 1 493 504 160 66 drone
527 1 468 524 158 65 drone
528 1 447 542 157 64 drone
529 1 426 563 156 64 drone
530 1 416 579 155 64 drone
531 1 400 598 154 63 drone
532 1 397 614 152 62 drone
533 1 423 626 151 62 drone
534 1 484 638 151 62 drone
535 1 542 647 151 62 drone
536 1 630 653 151 62 drone
537 1 687 660 145 58 drone
538 1 751 659 145 58 drone
539 1 787 646 143 57 drone
540 1 781 624 143 57 drone
541 1 768 574 143 57 drone
542 1 755 538 143 57 drone
543 1 754 504 143 57 drone
544 1 758 486 142 56 drone
545 1 777 471 140 56 drone
546 1 803 465 139 55 drone
547 1 811 460 138 55 drone
548 1 822 459 136 54 drone
549 1 827 456 135 54 drone
550 1 834 454 132 53 drone
551 1 848 455 131 52 drone
552 1 876 462 129 52 drone
553 1 902 473 128 51 drone
554 1 927 485 126 50 drone
555 1 958 501 124 49 drone
556 1 977 510 123 49 drone
557 1 1002 524 122 49 drone
558 1 1016 535 122 48 drone
559 1 1029 545 118 48 drone
560 1 1024 559 116 47 drone
561 1 1026 566 115 47 drone
562 1 1017 578 111 45 drone
563 1 1006 586 113 46 drone
564 1 1003 597 110 45 drone
565 1 998 606 110 45 drone
566 1 1000 614 109 44 drone
567 1 1001 625 107 44 drone
568 1 1001 631 106 43 drone
569 1 997 637 104 43 drone
570 1 1005 643 104 42 drone
571 1 1014 653 102 42 drone
572 1 1022 659 101 41 drone
573 1 1023 667 100 41 drone
574 1 1038 678 98 40 drone
575 1 1033 681 97 39 drone
576 1 998 682 103 43 drone
577 1 960 680 102 43 drone
578 1 890 673 93 43 drone
579 1 823 668 93 43 drone
580 1 753 662 86 43 drone
581 1 702 658 85 42 drone
582 1 689 655 89 45 drone
583 1 689 654 80 40 drone
584 1 672 652 78 39 drone
585 1 652 646 86 43 drone
586 1 644 640 70 47 drone
587 1 626 634 69 46 drone
588 1 624 629 67 45 drone
589 1 615 624 70 47 drone
590 1 597 615 74 50 drone
591 1 596 613 70 47 drone
592 1 598 608 69 46 drone
593 1 597 600 75 50 drone
594 1 609 594 74 49 drone
595 1 630 584 84 51 drone
596 1 654 580 85 51 drone
597 1 678 575 79 48 drone
598 1 698 568 88 53 drone
599 1 720 562 88 53 drone
600 1 733 557 88 54 drone
601 1 745 551 88 53 drone
602 1 742 542 88 54 drone
603 1 740 537 88 53 drone
604 1 738 546 87 53 drone
605 1 754 553 87 53 drone
606 1 782 559 85 52 drone
607 1 790 556 101 59 drone
608 1 786 553 103 60 drone
609 1 763 550 104 61 drone
610 1 736 549 105 61 drone
611 1 696 554 105 61 drone
612 1 654 558 105 61 drone
613 1 600 575 106 62 drone
614 1 563 585 106 62 drone
615 1 523 597 106 62 drone
616 1 492 600 113 66 drone
617 1 472 595 115 67 drone
618 1 454 576 115 67 drone
619 1 452 563 117 68 drone
620 1 466 549 117 68 drone
621 1 496 537 117 68 drone
622 1 518 526 117 68 drone
623 1 527 517 119 69 drone
624 1 542 511 121 70 drone
625 1 562 505 124 72 drone
626 1 590 505 129 75 drone
627 1 621 509 135 79 drone
628 1 646 524 137 80 drone
629 1 666 557 144 77 drone
630 1 685 596 144 77 drone
631 1 715 625 144 77 drone
632 1 750 653 149 79 drone
633 1 778 664 149 80 drone
634 1 813 665 156 84 drone
635 1 833 663 159 85 drone
636 1 850 661 161 86 drone
637 1 859 656 163 87 drone
638 1 855 653 164 88 drone
639 1 844 646 153 82 drone
640 1 827 642 156 83 drone
641 1 793 640 159 85 drone
642 1 764 639 162 87 drone
643 1 733 630 165 88 drone
644 1 712 618 168 90 drone
645 1 706 608 168 90 drone
646 1 696 598 171 92 drone
647 1 689 587 173 93 drone
648 1 685 582 175 94 drone
649 1 688 579 176 95 drone
650 1 683 572 178 96 drone
651 1 673 565 180 96 drone
652 1 664 560 181 97 drone
653 1 659 551 183 98 drone
654 1 660 546 169 94 drone
655 1 662 543 170 94 drone
656 1 669 542 172 96 drone
657 1 669 543 173 96 drone
658 1 662 548 175 97 drone
659 1 664 553 177 98 drone
660 1 682 560 179 99 drone
661 1 706 567 180 100 drone
662 1 753 567 182 101 drone
663 1 790 568 161 102 drone
664 1 832 568 162 103 drone
665 1 870 562 165 104 drone
666 1 891 555 164 104 drone
667 1 904 541 166 105 drone
668 1 916 529 166 105 drone
669 1 923 512 167 106 drone
670 1 927 499 167 106 drone
671 1 929 479 167 106 drone
672 1 928 462 167 106 drone
673 1 928 452 167 106 drone
674 1 928 444 169 107 drone
675 1 920 440 168 107 drone
676 1 936 425 134 126 drone
677 1 936 427 134 126 drone
678 1 939 435 133 125 drone
679 1 939 443 132 125 drone
680 1 943 451 132 124 drone
681 1 941 460 132 124 drone
682 1 937 463 131 123 drone
683 1 942 473 130 122 drone
684 1 939 482 129 121 drone
685 1 925 485 137 133 drone
686 1 913 491 137 133 drone
687 1 903 497 137 133 drone
688 1 896 503 134 131 drone
689 1 899 508 132 128 drone
690 1 906 517 128 124 drone
691 1 913 521 123 119 drone
692 1 944 523 119 111 drone
693 1 969 527 114 107 drone
694 1 990 524 111 103 drone
695 1 1016 519 105 98 drone
696 1 1035 514 102 95 drone
697 1 1045 508 110 91 drone
698 1 1038 501 108 89 drone
699 1 987 491 104 86 drone
700 1 912 481 100 82 drone
701 1 837 478 114 72 drone
702 1 757 462 114 72 drone
703 1 703 452 114 72 drone
704 1 637 438 114 72 drone
705 1 599 425 114 72 drone
706 1 580 412 115 72 drone
707 1 582 400 115 73 drone
708 1 613 389 115 72 drone
709 1 682 378 115 72 drone
710 1 735 370 115 72 drone
711 1 800 360 115 72 drone
712 1 845 354 114 71 drone
713 1 880 341 119 74 drone
714 1 912 329 112 70 drone
715 1 925 321 117 73 drone
716 1 934 300 117 73 drone
717 1 939 287 117 73 drone
718 1 939 278 112 70 drone
719 1 941 272 112 70 drone
720 1 962 280 112 70 drone
721 1 978 305 111 70 drone
722 1 981 333 111 70 drone
723 1 979 371 111 69 drone
724 1 966 396 111 70 drone
725 1 945 421 110 69 drone
726 1 927 435 112 70 drone
727 1 927 451 109 68 drone
728 1 934 466 109 68 drone
729 1 934 472 115 72 drone
730 1 951 478 108 67 drone
731 1 957 475 117 73 drone
732 1 1002 459 101 84 drone
733 1 1029 449 97 81 drone
734 1 1059 436 90 75 drone
735 1 1094 432 83 69 drone
736 1 1099 437 77 64 drone
737 1 1098 441 72 60 drone
738 1 1092 443 72 60 drone
739 1 1060 446 71 59 drone
740 1 1028 447 73 61 drone
741 1 994 454 72 60 drone
742 1 993 456 73 61 drone
743 1 997 457 73 61 drone
744 1 1004 459 69 58 drone
745 1 1005 456 69 58 drone
746 1 1003 447 69 57 drone
747 1 1013 437 69 57 drone
748 1 1014 426 69 58 drone
749 1 1002 412 69 58 drone
750 1 991 401 70 58 drone
751 1 1000 393 69 57 drone
752 1 1001 386 68 57 drone
753 1 955 383 69 57 drone
754 1 926 384 71 59 drone
755 1 923 390 71 59 drone
756 1 941 395 72 60 drone
757 1 944 401 71 59 drone
758 1 951 412 66 55 drone
759 1 952 419 71 59 drone
760 1 963 425 71 59 drone
761 1 964 426 71 59 drone
762 1 944 430 72 60 drone
763 1 918 430 72 60 drone
764 1 920 433 62 52 drone
765 1 919 433 61 51 drone
766 1 889 433 76 55 drone
767 1 883 433 76 55 drone
768 1 878 432 75 55 drone
769 1 877 430 75 54 drone
770 1 887 430 75 55 drone
771 1 884 430 75 55 drone
772 1 876 429 76 55 drone
773 1 878 431 76 55 drone
774 1 890 433 76 55 drone
775 1 890 437 76 55 drone
776 1 892 443 77 56 drone
777 1 901 448 79 57 drone
778 1 909 452 79 57 drone
779 1 912 458 78 56 drone
780 1 915 463 78 57 drone
781 1 920 470 78 56 drone
782 1 915 472 78 56 drone
783 1 900 475 79 57 drone
784 1 882 477 79 57 drone
785 1 871 477 78 56 drone
786 1 859 474 78 56 drone
787 1 853 471 74 53 drone
788 1 833 461 79 57 drone
789 1 827 453 79 57 drone
790 1 820 443 78 56 drone
791 1 810 429 81 58 drone
792 1 803 421 73 53 drone
793 1 794 407 83 60 drone
794 1 784 396 83 60 drone
795 1 787 387 83 60 drone
796 1 797 382 83 60 drone
797 1 809 375 83 60 drone
798 1 827 370 83 60 drone
799 1 841 368 83 60 drone
800 1 856 366 83 60 drone
801 1 865 364 84 60 drone
802 1 868 360 83 60 drone
803 1 870 358 83 60 drone
804 1 868 357 84 60 drone
805 1 866 357 79 57 drone
806 1 855 357 82 60 drone
807 1 863 358 82 59 drone
808 1 868 360 87 63 drone
809 1 875 366 83 60 drone
810 1 885 372 83 60 drone
811 1 895 383 83 60 drone
812 1 907 394 83 60 drone
813 1 918 404 83 60 drone
814 1 935 418 83 60 drone
815 1 941 429 83 60 drone
816 1 947 443 83 60 drone
817 1 952 454 83 60 drone
818 1 954 470 83 60 drone
819 1 947 482 83 60 drone
820 1 945 490 83 60 drone
821 1 937 498 83 60 drone
822 1 926 502 82 60 drone
823 1 908 506 82 59 drone
824 1 892 508 82 59 drone
825 1 870 507 82 59 drone
826 1 862 508 82 60 drone
827 1 867 504 82 60 drone
828 1 871 501 82 59 drone
829 1 881 497 82 59 drone
830 1 894 491 82 59 drone
831 1 908 485 81 59 drone
832 1 913 478 82 59 drone
833 1 909 471 81 59 drone
834 1 900 464 81 59 drone
835 1 879 460 79 49 drone
836 1 855 455 79 49 drone
837 1 831 447 79 49 drone
838 1 817 442 79 49 drone
839 1 805 434 79 49 drone
