0 1 1141 426 11 11 drone
1 1 1113 439 10 10 drone
2 1 1113 439 10 10 drone
3 1 1110 439 13 11 drone
4 1 1108 440 13 11 drone
5 1 1107 441 13 11 drone
6 1 1107 445 13 11 drone
7 1 1109 449 13 11 drone
8 1 1111 450 13 11 drone
9 1 1115 452 13 11 drone
10 1 1117 453 13 11 drone
11 1 1119 453 13 11 drone
12 1 1120 453 13 11 drone
13 1 1123 454 13 11 drone
14 1 1122 455 13 11 drone
15 1 1120 455 12 11 drone
16 1 1118 456 13 11 drone
17 1 1117 457 13 11 drone
18 1 1113 458 12 11 drone
19 1 1108 458 13 11 drone
20 1 1098 459 13 11 drone
21 1 1088 459 13 11 drone
22 1 1079 459 13 11 drone
23 1 1065 459 15 12 drone
24 0
25 1 1036 460 11 11 drone
26 1 1023 461 11 11 drone
27 1 1006 462 12 10 drone
28 1 992 463 12 10 drone
29 1 986 463 12 10 drone
30 1 977 464 12 10 drone
31 1 973 463 12 10 drone
32 1 968 464 12 10 drone
33 1 964 464 12 10 drone
34 1 961 464 12 10 drone
35 1 962 464 12 10 drone
36 1 963 464 12 10 drone
37 1 966 465 12 10 drone
38 1 964 465 12 10 drone
39 1 958 465 12 10 drone
40 1 953 465 12 10 drone
41 1 948 466 12 10 drone
42 1 942 466 12 10 drone
43 1 938 466 12 10 drone
44 1 932 467 12 10 drone
45 1 928 467 12 10 drone
46 1 923 467 12 10 drone
47 1 919 467 12 10 drone
48 1 913 467 12 10 drone
49 1 908 468 12 10 drone
50 1 904 468 12 10 drone
51 1 898 468 12 10 drone
52 1 894 468 12 10 drone
53 1 889 468 12 10 drone
54 1 885 468 12 10 drone
55 1 880 468 12 10 drone
56 1 875 469 12 10 drone
57 1 870 469 12 10 drone
58 1 865 469 12 10 drone
59 1 861 469 12 10 drone
60 1 856 470 12 10 drone
61 1 852 470 12 10 drone
62 1 846 470 12 10 drone
63 1 841 470 12 10 drone
64 1 837 470 12 10 drone
65 1 832 470 12 10 drone
66 1 828 470 12 10 drone
67 1 823 471 12 10 drone
68 1 819 471 12 10 drone
69 1 813 471 12 10 drone
70 1 808 471 12 10 drone
71 1 803 472 12 10 drone
72 1 798 472 10 11 drone
73 1 794 472 11 12 drone
74 1 789 472 10 11 drone
75 1 785 472 10 11 drone
76 1 780 473 10 11 drone
77 1 774 473 10 11 drone
78 1 770 473 10 11 drone
79 1 765 473 10 11 drone
80 1 761 473 10 11 drone
81 1 755 473 10 11 drone
82 1 751 474 10 11 drone
83 1 745 474 10 11 drone
84 1 739 475 11 12 drone
85 1 736 473 10 11 drone
86 1 730 473 10 11 drone
87 1 726 473 10 11 drone
88 1 726 473 10 11 drone
89 1 716 475 11 10 drone
90 1 710 475 11 10 drone
91 1 705 474 11 10 drone
92 1 701 474 11 10 drone
93 1 699 474 10 10 drone
94 1 694 471 11 12 drone
95 1 687 471 11 12 drone
96 0
97 0
98 0
99 0
100 0
101 0
102 0
103 0
104 0
105 0
106 0
107 0
108 0
109 0
110 0
111 0
112 0
113 0
114 0
115 0
116 0
117 0
118 0
119 0
120 0
121 0
122 0
123 0
124 0
125 0
126 0
127 0
128 0
129 0
130 0
131 0
132 1 693 442 11 10 drone
133 1 693 440 11 10 drone
134 1 693 440 11 10 drone
135 1 692 438 12 10 drone
136 1 692 437 11 10 drone
137 1 691 436 12 11 drone
138 1 691 435 12 11 drone
139 1 690 433 12 11 drone
140 1 690 432 12 11 drone
141 1 689 430 13 12 drone
142 1 689 429 12 11 drone
143 1 688 428 13 11 drone
144 1 687 426 12 11 drone
145 1 686 425 12 11 drone
146 1 684 424 12 11 drone
147 1 684 422 12 11 drone
148 1 684 421 12 11 drone
149 1 683 419 12 11 drone
150 1 683 418 12 11 drone
151 1 683 417 12 11 drone
152 1 683 416 12 11 drone
153 1 683 414 12 11 drone
154 1 684 413 12 11 drone
155 1 685 412 12 11 drone
156 1 684 410 12 11 drone
157 1 684 409 12 11 drone
158 1 684 407 12 11 drone
159 1 684 406 12 11 drone
160 1 683 405 12 11 drone
161 1 683 403 11 10 drone
162 1 683 402 11 10 drone
163 1 683 401 12 11 drone
164 1 682 399 12 11 drone
165 1 682 398 12 11 drone
166 1 682 397 12 11 drone
167 1 683 395 12 11 drone
168 1 685 392 14 12 drone
169 1 690 391 14 12 drone
170 1 698 390 14 12 drone
171 1 705 389 14 12 drone
172 1 715 387 15 13 drone
173 1 722 386 15 13 drone
174 1 730 385 15 13 drone
175 1 738 384 16 13 drone
176 1 743 383 15 13 drone
177 1 747 381 16 13 drone
178 1 751 380 15 13 drone
179 1 756 377 15 13 drone
180 1 758 375 16 14 drone
181 1 763 374 16 14 drone
182 1 768 373 16 14 drone
183 1 772 372 16 13 drone
184 1 776 367 15 13 drone
185 1 777 361 16 14 drone
186 1 773 349 16 13 drone
187 1 769 337 16 13 drone
188 1 759 317 19 15 drone
189 1 747 292 24 16 drone
190 1 739 274 25 17 drone
191 1 733 252 23 16 drone
192 1 740 250 23 16 drone
193 1 750 246 23 16 drone
194 1 758 244 23 16 drone
195 1 771 241 23 16 drone
196 1 788 238 24 16 drone
197 1 804 235 23 16 drone
198 1 825 234 25 13 drone
199 1 838 232 25 13 drone
200 1 852 229 25 13 drone
201 1 858 227 25 13 drone
202 1 862 224 25 13 drone
203 1 866 222 25 13 drone
204 1 868 220 25 13 drone
205 1 869 218 25 13 drone
206 1 869 216 25 13 drone
207 1 868 214 25 13 drone
208 1 868 215 25 13 drone
209 1 871 223 25 13 drone
210 1 877 237 19 12 drone
211 1 881 253 18 11 drone
212 1 889 273 19 15 drone
213 1 891 289 20 15 drone
214 1 895 305 20 17 drone
215 1 898 312 19 16 drone
216 1 897 310 19 16 drone
217 1 896 308 19 16 drone
218 1 896 306 20 17 drone
219 1 895 304 20 17 drone
220 1 896 303 22 17 drone
221 1 895 300 23 18 drone
222 1 894 298 23 18 drone
223 1 893 296 23 18 drone
224 1 890 294 23 18 drone
225 1 888 293 23 18 drone
226 1 886 290 23 18 drone
227 1 886 289 23 18 drone
228 1 885 287 24 18 drone
229 1 885 285 24 18 drone
230 1 885 283 23 18 drone
231 1 885 281 23 18 drone
232 1 886 279 24 18 drone
233 1 887 277 24 19 drone
234 1 888 275 24 19 drone
235 1 889 273 24 19 drone
236 1 891 271 24 18 drone
237 1 893 268 24 18 drone
238 1 894 264 24 19 drone
239 1 894 257 24 19 drone
240 1 893 247 22 12 drone
241 1 890 229 26 14 drone
242 1 890 198 19 16 drone
243 1 884 172 22 18 drone
244 1 877 135 23 16 drone
245 1 873 86 26 19 drone
246 1 869 50 25 17 drone
247 0
248 0
249 0
250 0
251 0
252 0
253 0
254 0
255 0
256 0
257 0
258 0
259 0
260 0
261 0
262 0
263 0
264 0
265 1 899 44 20 12 drone
266 1 901 85 25 17 drone
267 1 907 111 22 18 drone
268 1 909 145 23 18 drone
269 1 909 170 24 16 drone
270 1 914 196 23 18 drone
271 1 914 200 23 18 drone
272 1 915 197 24 19 drone
273 1 914 195 23 18 drone
274 1 914 192 24 19 drone
275 1 914 190 24 19 drone
276 1 914 188 24 19 drone
277 1 915 185 24 19 drone
278 1 914 184 24 19 drone
279 1 914 181 24 18 drone
280 1 914 178 24 19 drone
281 1 914 176 24 19 drone
282 1 914 173 25 20 drone
283 1 914 172 24 19 drone
284 1 914 169 23 18 drone
285 1 914 167 24 19 drone
286 1 914 164 25 19 drone
287 1 914 162 24 19 drone
288 1 914 160 25 19 drone
289 1 914 157 24 19 drone
290 1 914 155 24 19 drone
291 1 914 153 25 20 drone
292 1 913 151 25 20 drone
293 1 914 148 25 19 drone
294 1 913 145 25 20 drone
295 1 913 143 25 20 drone
296 1 912 140 25 20 drone
297 1 912 138 26 21 drone
298 1 912 136 25 20 drone
299 1 912 133 26 20 drone
300 1 912 131 26 20 drone
301 1 912 128 26 21 drone
302 1 912 126 26 20 drone
303 1 912 123 26 20 drone
304 1 912 121 26 20 drone
305 1 912 118 25 20 drone
306 1 911 116 25 20 drone
307 1 904 113 25 20 drone
308 1 893 110 26 20 drone
309 1 880 108 26 20 drone
310 1 867 106 26 21 drone
311 1 867 107 25 19 drone
312 1 867 105 26 20 drone
313 1 869 103 26 21 drone
314 1 879 103 25 20 drone
315 1 892 102 25 20 drone
316 1 900 102 25 19 drone
317 1 907 102 26 20 drone
318 1 907 101 25 20 drone
319 1 912 101 25 20 drone
320 1 915 103 26 20 drone
321 1 918 104 25 20 drone
322 1 919 106 26 20 drone
323 1 921 108 22 18 drone
324 1 922 110 22 18 drone
325 1 923 111 22 18 drone
326 1 925 111 22 18 drone
327 1 925 110 21 18 drone
328 1 927 110 21 18 drone
329 1 929 110 21 18 drone
330 1 931 110 22 18 drone
331 1 933 108 22 18 drone
332 1 934 106 21 18 drone
333 1 935 103 22 18 drone
334 1 935 99 22 18 drone
335 1 936 94 22 18 drone
336 1 941 91 22 18 drone
337 1 945 89 22 18 drone
338 1 952 86 22 18 drone
339 1 958 84 22 18 drone
340 1 965 81 23 19 drone
341 1 979 79 23 19 drone
342 1 990 76 23 19 drone
343 1 994 72 23 19 drone
344 1 996 70 23 19 drone
345 1 1001 67 23 19 drone
346 1 1009 65 23 19 drone
347 1 1022 61 23 19 drone
348 1 1033 59 23 19 drone
349 1 1042 55 23 19 drone
350 1 1051 51 24 19 drone
351 1 1055 47 23 19 drone
352 1 1064 42 23 19 drone
353 1 1073 39 23 19 drone
354 1 1083 31 24 19 drone
355 1 1088 27 23 19 drone
356 1 1090 22 24 19 drone
357 1 1086 17 24 19 drone
358 1 1083 14 24 20 drone
359 1 1082 11 23 19 drone
360 1 1081 9 24 20 drone
361 1 1080 5 24 20 drone
362 1 1080 2 24 20 drone
363 1 1077 -2 25 20 drone
364 1 1072 -5 24 20 drone
365 1 1067 -7 24 20 drone
366 1 1062 -11 25 21 drone
367 0
368 0
369 0
370 0
371 0
372 0
373 0
374 0
375 0
376 0
377 0
378 0
379 0
380 0
381 0
382 0
383 0
384 0
385 0
386 0
387 0
388 0
389 0
390 0
391 0
392 1 1024 6 21 12 drone
393 1 1024 18 25 17 drone
394 1 1026 35 27 14 drone
395 1 1030 47 27 14 drone
396 1 1035 61 27 14 drone
397 1 1042 72 26 13 drone
398 1 1050 86 24 19 drone
399 1 1051 105 27 16 drone
400 1 1055 117 26 16 drone
401 1 1062 130 21 16 drone
402 1 1065 140 20 15 drone
403 1 1070 152 20 16 drone
404 1 1072 159 20 15 drone
405 1 1074 167 20 16 drone
406 1 1074 172 20 15 drone
407 1 1074 176 21 16 drone
408 1 1075 179 21 16 drone
409 1 1079 179 21 16 drone
410 1 1080 180 21 16 drone
411 1 1082 181 21 16 drone
412 1 1087 182 21 16 drone
413 1 1090 181 20 15 drone
414 1 1090 180 21 16 drone
415 1 1093 178 21 16 drone
416 1 1095 176 21 16 drone
417 1 1098 174 22 17 drone
418 1 1098 172 24 18 drone
419 1 1103 169 24 18 drone
420 1 1107 166 24 18 drone
421 1 1112 164 25 19 drone
422 1 1114 162 25 19 drone
423 1 1117 160 25 19 drone
424 1 1121 164 25 19 drone
425 1 1122 172 24 18 drone
426 1 1121 190 24 18 drone
427 1 1117 210 24 18 drone
428 1 1113 228 23 17 drone
429 1 1117 236 23 17 drone
430 1 1124 235 22 19 drone
431 1 1132 234 22 19 drone
432 1 1138 233 22 19 drone
433 1 1145 232 22 19 drone
434 1 1151 231 22 19 drone
435 1 1155 230 21 18 drone
436 1 1161 229 21 18 drone
437 1 1166 229 21 18 drone
438 1 1170 231 21 18 drone
439 1 1170 237 20 17 drone
440 1 1166 249 19 17 drone
441 1 1156 267 19 17 drone
442 1 1146 282 19 17 drone
443 1 1133 303 18 16 drone
444 1 1124 316 18 16 drone
445 1 1114 331 17 16 drone
446 1 1116 333 17 16 drone
447 1 1121 332 17 16 drone
448 1 1126 330 16 15 drone
449 1 1130 329 16 15 drone
450 1 1134 327 16 15 drone
451 1 1138 326 16 15 drone
452 1 1143 325 16 15 drone
453 1 1146 325 16 15 drone
454 1 1152 324 16 15 drone
455 1 1156 324 16 15 drone
456 1 1160 324 16 15 drone
457 1 1165 325 16 15 drone
458 1 1169 325 16 15 drone
459 1 1174 325 16 15 drone
460 1 1178 325 16 15 drone
461 1 1183 325 16 15 drone
462 1 1189 324 15 14 drone
463 1 1194 323 15 14 drone
464 1 1198 321 15 14 drone
465 1 1203 321 15 14 drone
466 1 1208 320 15 14 drone
467 1 1212 319 15 14 drone
468 1 1217 318 15 14 drone
469 1 1222 317 15 14 drone
470 1 1227 315 15 14 drone
471 1 1230 313 15 14 drone
472 1 1234 312 15 14 drone
473 1 1239 311 15 14 drone
474 1 1243 310 15 14 drone
475 1 1248 308 15 14 drone
476 1 1254 306 15 14 drone
477 1 1258 305 15 14 drone
478 1 1264 304 15 14 drone
479 1 1269 302 15 14 drone
480 1 1276 301 15 14 drone
481 1 1280 300 15 14 drone
482 1 1286 298 15 14 drone
483 1 1292 296 15 14 drone
484 1 1297 295 15 14 drone
485 1 1303 293 15 14 drone
486 1 1307 292 15 14 drone
487 1 1313 291 15 14 drone
488 1 1317 290 15 14 drone
489 1 1323 289 15 14 drone
490 1 1328 287 15 14 drone
491 1 1332 287 15 14 drone
492 1 1338 285 15 14 drone
493 1 1343 284 15 14 drone
494 1 1349 282 15 14 drone
495 1 1354 281 15 14 drone
496 1 1360 279 15 14 drone
497 1 1366 277 15 14 drone
498 1 1371 276 15 14 drone
499 1 1378 275 15 14 drone
500 1 1382 274 15 14 drone
501 1 1388 273 15 14 drone
502 1 1393 273 15 14 drone
503 1 1398 272 15 14 drone
504 1 1404 272 15 14 drone
505 1 1409 272 15 14 drone
506 1 1414 272 15 14 drone
507 1 1417 273 15 14 drone
508 1 1420 273 15 14 drone
509 1 1418 273 15 14 drone
510 1 1414 274 15 14 drone
511 1 1406 276 15 14 drone
512 1 1398 277 15 14 drone
513 1 1386 279 15 14 drone
514 1 1375 281 15 14 drone
515 1 1361 285 11 12 drone
516 1 1347 286 16 14 drone
517 1 1332 289 13 13 drone
518 1 1313 290 13 16 drone
519 1 1296 291 16 16 drone
520 1 1273 296 14 14 drone
521 1 1253 299 15 14 drone
522 1 1229 302 13 16 drone
523 1 1209 304 16 14 drone
524 1 1180 307 16 14 drone
525 1 1158 308 15 16 drone
526 1 1146 309 15 15 drone
527 1 1131 312 12 15 drone
528 1 1117 313 14 14 drone
529 1 1101 314 14 12 drone
530 1 1090 315 14 12 drone
531 1 1076 315 14 14 drone
532 1 1069 315 14 14 drone
533 1 1068 316 14 14 drone
534 1 1072 316 14 14 drone
535 1 1075 317 14 14 drone
536 1 1080 317 14 14 drone
537 1 1084 317 14 14 drone
538 1 1088 319 14 14 drone
539 1 1091 321 14 14 drone
540 1 1094 322 14 14 drone
541 1 1097 325 14 14 drone
542 1 1096 327 14 14 drone
543 1 1092 330 14 14 drone
544 1 1085 333 14 14 drone
545 1 1074 337 14 14 drone
546 1 1061 340 14 14 drone
547 1 1049 343 14 14 drone
548 1 1035 347 14 14 drone
549 1 1025 350 14 14 drone
550 1 1012 355 11 14 drone
551 1 1003 358 11 14 drone
552 1 995 362 11 14 drone
553 1 987 366 11 14 drone
554 1 982 369 11 14 drone
555 1 978 373 12 11 drone
556 1 977 376 12 11 drone
557 1 976 379 12 11 drone
558 1 977 382 12 11 drone
559 1 979 384 12 11 drone
560 1 981 386 12 11 drone
561 1 982 388 12 11 drone
562 1 983 390 12 11 drone
563 1 983 391 12 11 drone
564 1 985 393 12 11 drone
565 1 987 393 12 11 drone
566 1 990 394 12 11 drone
567 1 992 393 12 11 drone
568 1 992 393 12 11 drone
569 1 991 391 12 11 drone
570 1 993 390 12 11 drone
571 1 992 391 12 11 drone
572 1 993 391 12 11 drone
573 1 994 389 12 11 drone
574 1 989 386 12 11 drone
575 1 984 385 12 11 drone
576 1 979 384 12 11 drone
577 1 978 384 12 11 drone
578 1 978 383 12 11 drone
579 1 980 380 12 11 drone
580 1 984 378 12 11 drone
581 1 990 376 12 11 drone
582 1 995 376 12 11 drone
583 1 1002 375 12 11 drone
584 1 1008 374 12 11 drone
585 1 1014 374 12 11 drone
586 1 1019 374 12 11 drone
587 1 1025 375 12 11 drone
588 1 1030 376 12 11 drone
589 1 1033 376 12 11 drone
590 1 1036 377 12 11 drone
591 1 1038 380 12 11 drone
592 1 1042 383 12 11 drone
593 1 1044 385 11 11 drone
594 1 1046 387 12 11 drone
595 1 1048 389 12 11 drone
596 1 1051 391 11 11 drone
597 1 1053 392 11 11 drone
598 1 1056 393 11 11 drone
599 1 1058 394 12 11 drone
600 1 1059 394 11 11 drone
601 1 1056 395 11 10 drone
602 1 1048 396 12 11 drone
603 1 1040 397 11 10 drone
604 1 1025 398 14 10 drone
605 1 1014 399 14 10 drone
606 1 996 399 15 12 drone
607 1 982 400 15 12 drone
608 1 961 400 15 12 drone
609 1 938 400 16 14 drone
610 1 921 400 16 14 drone
611 1 897 399 16 14 drone
612 1 880 399 16 14 drone
613 1 856 401 16 14 drone
614 1 840 400 14 12 drone
615 1 820 401 17 11 drone
616 1 803 399 14 12 drone
617 1 792 399 14 12 drone
618 1 780 399 14 12 drone
619 1 776 398 14 12 drone
620 1 775 399 14 12 drone
621 1 774 399 14 12 drone
622 1 773 400 14 12 drone
623 1 770 400 14 12 drone
624 1 772 401 14 12 drone
625 1 775 401 14 12 drone
626 1 777 402 14 12 drone
627 1 780 402 14 12 drone
628 1 783 403 14 12 drone
629 1 787 404 14 12 drone
630 1 789 405 14 12 drone
631 1 789 405 14 12 drone
632 1 790 406 14 12 drone
633 1 793 406 14 12 drone
634 1 799 407 14 12 drone
635 1 803 408 14 12 drone
636 1 810 409 14 12 drone
637 1 815 411 14 12 drone
638 1 819 411 14 12 drone
639 1 825 412 14 12 drone
640 1 829 413 14 12 drone
641 1 836 414 14 12 drone
642 1 839 415 14 12 drone
643 1 844 416 14 12 drone
644 1 848 417 14 12 drone
645 1 852 418 14 12 drone
646 1 857 420 14 12 drone
647 1 858 421 14 12 drone
648 1 859 421 14 12 drone
649 1 861 422 14 12 drone
650 1 863 424 14 12 drone
651 1 865 425 14 12 drone
652 1 867 426 13 12 drone
653 1 872 427 14 12 drone
654 1 876 428 14 12 drone
655 1 882 429 14 12 drone
656 1 886 430 14 12 drone
657 1 892 431 13 12 drone
658 1 897 432 14 12 drone
659 1 901 433 14 12 drone
660 1 907 434 14 12 drone
661 1 911 436 13 11 drone
662 1 917 437 14 12 drone
663 1 921 438 14 12 drone
664 1 926 439 13 12 drone
665 1 932 440 13 11 drone
666 1 936 441 13 11 drone
667 1 941 442 13 12 drone
668 1 944 443 13 11 drone
669 1 946 444 13 11 drone
670 1 948 445 13 11 drone
671 1 951 446 13 11 drone
672 1 955 447 13 11 drone
673 1 959 447 13 11 drone
674 1 964 448 13 11 drone
675 1 968 449 13 11 drone
676 1 973 450 13 11 drone
677 1 976 450 13 11 drone
678 1 979 451 13 11 drone
679 1 981 452 13 11 drone
680 1 983 453 13 11 drone
681 1 986 454 13 11 drone
682 1 988 454 13 11 drone
683 1 989 455 13 11 drone
684 1 987 455 13 11 drone
685 1 983 456 13 11 drone
686 1 977 457 13 11 drone
687 1 971 459 13 11 drone
688 1 966 460 13 11 drone
689 1 962 460 13 11 drone
690 1 959 459 13 11 drone
691 1 958 458 13 11 drone
692 1 958 458 13 11 drone
693 1 958 443 13 19 drone
694 1 959 439 13 19 drone
695 1 957 433 13 19 drone
696 1 952 436 16 13 drone
697 1 951 430 17 14 drone
698 1 951 426 17 14 drone
699 1 949 427 17 14 drone
700 1 947 429 17 14 drone
701 1 948 431 17 14 drone
702 1 948 434 18 14 drone
703 1 948 435 17 14 drone
704 1 949 438 17 14 drone
705 1 952 439 17 13 drone
706 1 957 441 17 14 drone
707 1 962 444 16 13 drone
708 1 966 445 17 14 drone
709 1 971 447 17 14 drone
710 1 975 449 17 14 drone
711 1 980 452 17 14 drone
712 1 985 454 16 13 drone
713 1 992 457 16 13 drone
714 1 997 459 16 13 drone
715 1 999 460 16 13 drone
716 1 999 461 16 13 drone
717 1 995 461 16 13 drone
718 1 986 462 17 14 drone
719 1 978 463 17 13 drone
720 1 969 465 16 13 drone
721 1 961 467 16 13 drone
722 1 957 469 16 13 drone
723 1 959 472 16 13 drone
724 1 960 474 16 13 drone
725 1 963 478 16 13 drone
726 1 967 481 16 13 drone
727 1 975 485 15 12 drone
728 1 983 490 15 13 drone
729 1 988 493 15 12 drone
730 1 991 497 15 12 drone
731 1 993 499 15 12 drone
732 1 996 501 15 12 drone
733 1 1000 502 15 12 drone
734 1 1008 505 15 12 drone
735 1 1016 508 15 12 drone
736 1 1021 509 15 12 drone
737 1 1028 512 15 12 drone
738 1 1034 515 15 12 drone
739 1 1044 516 15 12 drone
740 1 1049 518 15 12 drone
741 1 1058 520 15 12 drone
742 1 1066 523 15 12 drone
743 1 1072 525 15 12 drone
744 1 1092 525 17 14 drone
745 1 1114 525 17 17 drone
746 1 1123 528 17 17 drone
747 1 1129 530 17 17 drone
748 1 1137 532 17 17 drone
749 1 1144 534 17 17 drone
750 1 1149 536 17 17 drone
751 1 1149 539 17 17 drone
752 1 1155 540 17 17 drone
753 1 1162 543 17 17 drone
754 1 1169 545 17 17 drone
755 1 1177 547 16 16 drone
756 1 1185 550 17 17 drone
757 1 1191 551 17 17 drone
758 1 1199 554 17 17 drone
759 1 1203 555 17 17 drone
760 1 1205 558 16 16 drone
761 1 1209 560 17 17 drone
762 1 1216 562 16 16 drone
763 1 1223 564 16 16 drone
764 1 1229 566 16 16 drone
765 1 1238 569 16 16 drone
766 1 1243 570 16 16 drone
767 1 1250 573 16 16 drone
768 1 1256 574 16 16 drone
769 1 1263 577 16 16 drone
770 1 1270 580 16 16 drone
771 1 1275 582 16 16 drone
772 1 1283 584 15 15 drone
773 1 1289 585 15 15 drone
774 1 1294 588 15 15 drone
775 1 1298 590 16 16 drone
776 1 1306 592 16 16 drone
777 1 1313 595 16 16 drone
778 1 1319 597 15 15 drone
779 1 1326 600 15 15 drone
780 1 1332 602 15 15 drone
781 1 1339 604 15 15 drone
782 1 1345 605 15 15 drone
783 1 1352 607 15 15 drone
784 1 1358 610 15 15 drone
785 1 1363 612 15 15 drone
786 1 1369 615 15 15 drone
787 1 1375 616 15 15 drone
788 1 1383 619 15 15 drone
789 1 1387 621 15 15 drone
790 1 1393 623 15 15 drone
791 1 1397 625 15 15 drone
792 1 1398 627 14 14 drone
793 1 1392 630 14 14 drone
794 1 1384 632 15 15 drone
795 1 1369 635 14 14 drone
796 1 1358 638 14 14 drone
797 1 1348 641 14 14 drone
798 1 1345 643 14 14 drone
799 1 1345 645 14 14 drone
800 1 1343 648 14 14 drone
801 1 1339 650 14 14 drone
802 1 1325 652 14 14 drone
803 1 1317 651 14 14 drone
804 1 1309 651 14 14 drone
805 1 1300 653 14 14 drone
806 1 1295 652 14 14 drone
807 1 1287 645 14 14 drone
808 1 1274 636 13 13 drone
809 1 1248 628 12 12 drone
810 1 1226 623 10 10 drone
811 1 1199 612 14 11 drone
812 1 1175 604 14 11 drone
813 1 1158 599 13 10 drone
814 1 1135 592 15 13 drone
815 1 1118 586 16 14 drone
816 1 1111 586 14 11 drone
817 1 1103 585 14 11 drone
818 1 1090 583 14 11 drone
819 1 1078 581 14 11 drone
820 1 1068 579 14 11 drone
821 1 1050 577 17 11 drone
822 1 1038 575 17 11 drone
823 1 1022 573 18 11 drone
824 1 1012 571 17 11 drone
825 1 1003 564 13 15 drone
826 1 990 560 16 14 drone
827 1 983 557 16 14 drone
828 1 974 556 18 15 drone
829 1 969 554 18 15 drone
830 1 966 551 18 15 drone
831 1 965 549 18 15 drone
832 1 969 546 18 15 drone
833 1 973 543 19 16 drone
834 1 975 542 18 15 drone
835 1 977 541 18 15 drone
836 1 978 541 18 15 drone
837 1 983 539 18 15 drone
838 1 986 537 17 14 drone
839 1 987 537 17 14 drone
840 0
