0 1 560 331 34 30 drone
1 1 568 331 34 30 drone
2 1 576 331 34 30 drone
3 1 585 331 34 30 drone
4 1 593 331 34 30 drone
5 1 601 331 34 30 drone
6 1 609 331 34 30 drone
7 1 618 331 34 30 drone
8 1 626 331 34 30 drone
9 1 634 331 33 29 drone
10 1 641 331 33 29 drone
11 1 649 331 33 29 drone
12 1 656 332 33 29 drone
13 1 663 332 33 29 drone
14 1 669 333 32 28 drone
15 1 674 333 32 28 drone
16 1 678 333 32 28 drone
17 1 674 334 32 28 drone
18 1 660 334 32 28 drone
19 1 644 337 32 28 drone
20 1 630 338 32 28 drone
21 1 619 339 32 28 drone
22 1 608 340 32 28 drone
23 1 599 341 32 28 drone
24 1 592 341 32 28 drone
25 1 586 342 32 28 drone
26 1 581 343 32 28 drone
27 1 575 343 32 28 drone
28 1 570 344 32 28 drone
29 1 565 345 33 29 drone
30 1 560 345 33 29 drone
31 1 556 346 33 29 drone
32 1 551 346 33 29 drone
33 1 547 347 33 29 drone
34 1 542 348 33 29 drone
35 1 538 348 33 29 drone
36 1 533 349 33 29 drone
37 1 529 350 33 29 drone
38 1 526 350 33 29 drone
39 1 521 351 33 29 drone
40 1 517 352 34 30 drone
41 1 512 353 34 29 drone
42 1 507 353 34 29 drone
43 1 502 353 34 30 drone
44 1 498 354 35 30 drone
45 1 493 355 34 30 drone
46 1 489 356 33 29 drone
47 1 486 356 33 28 drone
48 1 482 357 32 28 drone
49 1 478 358 32 28 drone
50 1 472 358 35 31 drone
51 1 468 359 33 29 drone
52 1 464 360 35 30 drone
53 1 461 361 33 29 drone
54 1 456 361 34 30 drone
55 1 451 362 35 30 drone
56 1 448 362 32 28 drone
57 1 444 363 32 28 drone
58 1 439 364 34 30 drone
59 1 435 365 34 30 drone
60 1 431 366 34 30 drone
61 1 428 366 34 30 drone
62 1 426 367 32 28 drone
63 1 421 367 34 30 drone
64 1 418 368 33 29 drone
65 1 414 369 32 28 drone
66 1 410 369 32 28 drone
67 1 405 369 32 28 drone
68 1 400 370 34 30 drone
69 1 398 370 32 28 drone
70 1 395 370 33 28 drone
71 1 389 371 34 30 drone
72 1 384 372 34 30 drone
73 1 380 372 34 30 drone
74 1 376 373 34 30 drone
75 1 373 373 32 28 drone
76 1 369 374 32 28 drone
77 1 363 374 35 31 drone
78 1 359 374 35 31 drone
79 1 356 374 35 31 drone
80 1 352 375 35 31 drone
81 1 348 375 35 31 drone
82 1 345 376 35 31 drone
83 1 342 376 35 30 drone
84 1 339 377 35 31 drone
85 1 337 377 35 30 drone
86 1 335 377 34 30 drone
87 1 332 378 34 30 drone
88 1 329 378 34 30 drone
89 1 327 378 34 30 drone
90 1 324 378 34 30 drone
91 1 321 378 34 30 drone
92 1 318 379 34 30 drone
93 1 316 379 34 30 drone
94 1 314 379 34 30 drone
95 1 311 379 34 30 drone
96 1 308 378 34 30 drone
97 1 306 378 34 30 drone
98 1 303 377 34 30 drone
99 1 301 376 34 30 drone
100 1 298 374 34 30 drone
101 1 296 371 34 30 drone
102 1 294 366 34 30 drone
103 1 292 356 34 30 drone
104 1 288 337 34 30 drone
105 1 291 313 34 30 drone
106 1 298 290 32 29 drone
107 1 299 267 31 28 drone
108 1 303 246 31 28 drone
109 1 312 224 32 29 drone
110 1 319 208 29 26 drone
111 1 324 188 30 29 drone
112 1 331 170 30 29 drone
113 1 338 155 30 29 drone
114 1 344 143 30 29 drone
115 1 351 131 34 25 drone
116 1 358 119 34 25 drone
117 1 366 108 34 25 drone
118 1 373 97 34 25 drone
119 1 380 87 34 25 drone
120 1 388 77 34 25 drone
121 1 396 68 34 25 drone
122 1 403 59 34 25 drone
123 1 411 50 34 25 drone
124 1 419 42 35 25 drone
125 1 427 38 34 25 drone
126 1 435 33 35 25 drone
127 1 443 30 35 26 drone
128 1 452 28 35 25 drone
129 1 460 26 35 25 drone
130 1 468 24 35 25 drone
131 1 476 23 35 25 drone
132 1 485 22 34 25 drone
133 1 493 21 34 25 drone
134 1 501 21 35 25 drone
135 1 510 20 34 25 drone
136 1 518 20 35 25 drone
137 1 527 20 34 25 drone
138 1 535 19 35 25 drone
139 1 543 19 34 25 drone
140 1 552 19 34 25 drone
141 1 559 18 34 25 drone
142 1 568 18 34 25 drone
143 1 576 18 34 25 drone
144 1 584 18 34 25 drone
145 1 593 18 34 25 drone
146 1 601 18 34 25 drone
147 1 609 18 34 25 drone
148 1 617 17 34 25 drone
149 1 625 17 34 25 drone
150 1 634 17 34 25 drone
151 1 642 17 34 25 drone
152 1 651 17 34 25 drone
153 1 659 17 33 25 drone
154 1 667 18 33 24 drone
155 1 673 17 33 24 drone
156 1 681 18 33 24 drone
157 1 688 18 33 25 drone
158 0
159 0
160 0
161 0
162 0
163 0
164 0
165 1 678 21 30 25 drone
166 1 672 22 30 25 drone
167 1 666 22 30 25 drone
168 1 661 23 30 25 drone
169 1 657 23 30 25 drone
170 1 654 24 30 25 drone
171 1 652 25 30 25 drone
172 1 650 26 33 25 drone
173 1 647 27 33 25 drone
174 1 645 27 33 25 drone
175 1 642 28 33 25 drone
176 1 640 28 33 25 drone
177 1 638 29 33 25 drone
178 1 636 30 33 25 drone
179 1 634 30 33 25 drone
180 1 632 31 33 25 drone
181 1 630 31 33 25 drone
182 1 623 32 33 25 drone
183 1 612 33 33 25 drone
184 1 601 34 33 25 drone
185 1 596 35 33 25 drone
186 1 595 36 33 25 drone
187 1 593 36 33 25 drone
188 1 591 37 33 25 drone
189 1 590 37 33 25 drone
190 1 589 38 33 25 drone
191 1 587 39 33 25 drone
192 1 586 40 33 25 drone
193 1 586 40 33 25 drone
194 1 584 40 33 25 drone
195 1 583 41 33 25 drone
196 1 582 42 33 25 drone
197 1 581 43 33 25 drone
198 1 579 44 33 25 drone
199 1 578 45 33 25 drone
200 1 577 46 33 25 drone
201 1 576 46 33 25 drone
202 1 575 47 33 25 drone
203 1 575 48 33 25 drone
204 1 574 50 33 25 drone
205 1 573 51 33 25 drone
206 1 572 52 33 25 drone
207 1 570 53 33 25 drone
208 1 569 54 33 25 drone
209 1 568 55 33 25 drone
210 1 567 56 33 25 drone
211 1 565 58 33 25 drone
212 1 565 59 33 25 drone
213 1 564 60 33 25 drone
214 1 564 61 33 25 drone
215 1 564 62 33 25 drone
216 1 563 63 33 25 drone
217 1 563 65 33 25 drone
218 1 562 66 33 25 drone
219 1 562 67 33 25 drone
220 1 561 68 33 25 drone
221 1 561 69 33 25 drone
222 1 560 70 32 25 drone
223 1 560 72 33 25 drone
224 1 560 73 33 25 drone
225 1 560 74 32 24 drone
226 1 559 75 32 25 drone
227 1 559 77 32 25 drone
228 1 559 78 33 25 drone
229 1 560 80 32 24 drone
230 1 559 81 32 24 drone
231 1 558 82 32 25 drone
232 1 558 84 32 24 drone
233 1 558 84 32 25 drone
234 1 557 86 32 24 drone
235 1 555 87 32 24 drone
236 1 555 89 32 24 drone
237 1 554 91 32 24 drone
238 1 552 92 32 25 drone
239 1 551 93 32 24 drone
240 1 551 95 31 24 drone
241 1 550 96 31 24 drone
242 1 548 98 32 24 drone
243 1 548 99 32 24 drone
244 1 548 101 31 24 drone
245 1 548 102 32 24 drone
246 1 547 103 32 24 drone
247 1 547 105 32 24 drone
248 1 546 106 33 25 drone
249 1 545 108 33 25 drone
250 1 544 109 33 25 drone
251 1 544 111 33 25 drone
252 1 543 112 33 25 drone
253 1 543 114 33 25 drone
254 1 543 115 33 25 drone
255 1 542 116 33 25 drone
256 1 541 117 33 25 drone
257 1 541 118 34 25 drone
258 1 542 120 32 24 drone
259 1 541 121 32 25 drone
260 1 541 122 33 25 drone
261 1 540 123 33 25 drone
262 1 540 124 33 25 drone
263 1 540 126 33 25 drone
264 1 538 127 33 25 drone
265 1 538 128 33 25 drone
266 1 537 130 33 25 drone
267 1 537 131 33 25 drone
268 1 536 132 33 25 drone
269 1 536 133 33 25 drone
270 1 535 134 33 25 drone
271 1 535 135 33 25 drone
272 1 535 137 33 25 drone
273 1 536 138 32 24 drone
274 1 534 139 33 25 drone
275 1 533 140 33 25 drone
276 1 532 142 33 25 drone
277 1 532 143 33 25 drone
278 1 532 144 33 25 drone
279 1 532 145 33 25 drone
280 1 531 146 33 25 drone
281 1 531 147 33 25 drone
282 1 531 149 33 25 drone
283 1 531 150 33 25 drone
284 1 531 151 33 25 drone
285 1 530 152 33 25 drone
286 1 530 153 33 25 drone
287 1 529 155 32 25 drone
288 1 529 156 33 25 drone
289 1 528 157 33 25 drone
290 1 528 158 32 25 drone
291 1 527 159 33 25 drone
292 1 526 161 32 25 drone
293 1 526 162 33 25 drone
294 1 525 163 32 25 drone
295 1 524 164 32 24 drone
296 1 525 166 32 24 drone
297 1 524 167 32 24 drone
298 1 524 168 31 23 drone
299 1 523 169 32 24 drone
300 1 522 170 32 24 drone
301 1 522 171 32 24 drone
302 1 521 173 32 24 drone
303 1 521 174 31 24 drone
304 1 520 175 32 24 drone
305 1 519 176 32 24 drone
306 1 518 177 32 24 drone
307 1 517 178 33 25 drone
308 1 516 179 33 25 drone
309 1 515 180 33 25 drone
310 1 515 182 33 25 drone
311 1 515 182 33 25 drone
312 1 514 184 32 24 drone
313 1 513 185 33 25 drone
314 1 513 186 33 25 drone
315 1 512 187 34 26 drone
316 1 511 188 34 26 drone
317 1 510 189 34 25 drone
318 1 508 190 33 25 drone
319 1 507 191 34 26 drone
320 1 506 193 33 25 drone
321 1 505 194 33 25 drone
322 1 503 195 34 25 drone
323 1 501 196 35 27 drone
324 1 499 197 34 26 drone
325 1 498 198 33 25 drone
326 1 496 199 34 25 drone
327 1 495 200 34 25 drone
328 1 496 202 30 23 drone
329 1 495 203 30 23 drone
330 1 493 204 30 23 drone
331 1 492 205 30 23 drone
332 1 491 207 30 23 drone
333 1 490 208 30 22 drone
334 1 489 209 30 23 drone
335 1 488 210 29 22 drone
336 1 487 211 29 22 drone
337 1 486 212 29 22 drone
338 1 484 213 29 22 drone
339 1 482 215 29 22 drone
340 1 481 216 29 22 drone
341 1 480 217 29 22 drone
342 1 479 218 29 22 drone
343 1 477 219 29 22 drone
344 1 476 220 29 22 drone
345 1 475 221 29 22 drone
346 1 474 223 29 22 drone
347 1 473 224 29 22 drone
348 1 472 225 29 22 drone
349 1 470 226 29 22 drone
350 1 469 227 29 22 drone
351 1 467 228 29 22 drone
352 1 465 229 29 22 drone
353 1 464 230 29 22 drone
354 1 463 232 29 22 drone
355 1 461 233 29 22 drone
356 1 460 234 29 22 drone
357 1 459 235 29 22 drone
358 1 457 236 29 22 drone
359 1 456 237 29 22 drone
360 1 454 238 29 22 drone
361 1 453 239 29 22 drone
362 1 451 240 29 22 drone
363 1 449 242 29 22 drone
364 1 448 243 29 22 drone
365 1 447 244 29 22 drone
366 1 444 245 29 22 drone
367 1 443 247 29 22 drone
368 1 441 248 28 22 drone
369 1 439 249 29 22 drone
370 1 439 251 28 21 drone
371 1 438 252 28 21 drone
372 1 436 253 28 21 drone
373 1 434 254 28 21 drone
374 1 432 254 29 22 drone
375 1 431 256 29 22 drone
376 1 429 258 28 21 drone
377 1 427 259 28 21 drone
378 1 425 260 28 21 drone
379 1 423 261 28 21 drone
380 1 422 262 28 21 drone
381 1 419 264 28 21 drone
382 1 418 266 28 21 drone
383 1 416 266 29 22 drone
384 1 414 267 28 21 drone
385 1 412 269 28 21 drone
386 1 410 270 28 21 drone
387 1 409 272 27 21 drone
388 1 407 273 28 21 drone
389 1 406 274 28 21 drone
390 1 404 276 28 21 drone
391 1 402 277 28 21 drone
392 1 400 278 28 21 drone
393 1 398 280 28 21 drone
394 1 396 281 28 21 drone
395 1 394 283 28 21 drone
396 1 391 284 28 21 drone
397 1 390 286 28 21 drone
398 1 388 287 29 22 drone
399 1 385 289 28 21 drone
400 1 383 290 28 22 drone
401 1 380 292 29 22 drone
402 1 377 293 29 22 drone
403 1 375 294 29 22 drone
404 1 373 296 29 22 drone
405 1 371 297 29 22 drone
406 1 369 299 29 22 drone
407 1 366 300 29 22 drone
408 1 364 302 29 22 drone
409 1 361 303 29 22 drone
410 1 359 305 29 22 drone
411 1 356 307 28 21 drone
412 1 354 309 27 21 drone
413 1 352 310 28 21 drone
414 1 348 311 29 22 drone
415 1 346 313 29 22 drone
416 1 344 315 29 22 drone
417 1 342 316 29 22 drone
418 1 339 318 29 22 drone
419 1 337 319 29 22 drone
420 1 334 320 29 22 drone
421 1 332 322 28 21 drone
422 1 329 323 28 22 drone
423 1 326 325 29 22 drone
424 1 324 326 29 22 drone
425 1 321 327 29 22 drone
426 1 320 330 28 21 drone
427 1 317 331 30 23 drone
428 1 316 332 29 22 drone
429 1 315 334 28 21 drone
430 1 316 335 29 22 drone
431 1 322 337 28 21 drone
432 1 326 339 28 21 drone
433 1 328 339 30 23 drone
434 1 335 340 30 22 drone
435 1 341 342 29 22 drone
436 1 347 343 28 21 drone
437 1 353 345 28 21 drone
438 1 357 345 30 23 drone
439 1 365 347 28 21 drone
440 1 369 348 30 23 drone
441 1 375 349 30 23 drone
442 1 374 349 36 24 drone
443 1 380 350 36 24 drone
444 1 388 351 36 24 drone
445 1 397 353 35 24 drone
446 1 403 354 35 23 drone
447 1 411 354 36 24 drone
448 1 418 355 36 24 drone
449 1 425 357 35 24 drone
450 1 434 358 35 24 drone
451 1 441 359 35 24 drone
452 1 448 360 35 23 drone
453 1 457 361 35 24 drone
454 1 463 361 36 24 drone
455 1 470 363 36 24 drone
456 1 477 364 35 23 drone
457 1 484 365 35 23 drone
458 1 491 366 35 23 drone
459 1 498 367 35 24 drone
460 1 504 368 35 23 drone
461 1 511 369 35 24 drone
462 1 518 370 35 24 drone
463 1 525 371 35 23 drone
464 1 530 372 35 23 drone
465 1 533 373 35 23 drone
466 1 541 374 35 23 drone
467 1 545 375 35 23 drone
468 1 549 376 35 23 drone
469 1 555 377 35 23 drone
470 1 557 378 35 23 drone
471 1 558 379 35 23 drone
472 1 552 381 35 24 drone
473 1 538 382 35 23 drone
474 1 519 385 35 23 drone
475 1 501 386 35 23 drone
476 1 483 390 35 23 drone
477 1 466 392 35 23 drone
478 1 451 393 35 23 drone
479 1 438 395 35 23 drone
480 1 425 396 36 23 drone
481 1 410 398 36 23 drone
482 1 384 401 36 23 drone
483 1 344 401 36 23 drone
484 1 307 403 36 23 drone
485 1 271 405 36 23 drone
486 1 238 407 33 25 drone
487 1 204 409 33 25 drone
488 1 170 411 33 25 drone
489 1 137 413 33 25 drone
490 1 103 415 33 25 drone
491 1 69 418 33 25 drone
492 1 30 418 33 25 drone
493 1 6 421 25 27 drone
494 0
495 0
496 0
497 0
498 0
499 0
500 0
501 0
502 0
503 0
504 0
505 0
506 0
507 0
508 0
509 0
510 0
511 0
512 0
513 0
514 0
515 0
516 0
517 0
518 0
519 0
520 0
521 0
522 0
523 0
524 0
525 0
526 0
527 0
528 1 9 467 16 19 drone
529 1 16 468 16 19 drone
530 1 13 466 28 25 drone
531 1 21 467 28 25 drone
532 1 26 467 31 27 drone
533 1 34 468 31 27 drone
534 1 43 470 31 27 drone
535 1 52 470 31 27 drone
536 1 61 471 31 27 drone
537 1 72 472 31 27 drone
538 1 85 474 30 26 drone
539 1 98 474 31 27 drone
540 1 113 476 30 26 drone
541 1 127 476 30 26 drone
542 1 142 477 30 26 drone
543 1 158 478 30 27 drone
544 1 174 479 30 26 drone
545 1 188 480 32 28 drone
546 1 204 481 30 26 drone
547 1 221 483 30 26 drone
548 1 237 483 29 26 drone
549 1 252 487 34 21 drone
550 1 268 488 34 21 drone
551 1 286 489 34 21 drone
552 1 300 492 34 21 drone
553 1 317 490 35 26 drone
554 1 334 493 35 26 drone
555 1 350 494 35 21 drone
556 1 364 495 35 21 drone
557 1 373 496 35 21 drone
558 1 383 497 35 21 drone
559 1 394 498 35 21 drone
560 1 409 499 34 21 drone
561 1 424 500 34 21 drone
562 1 437 501 35 21 drone
563 1 452 501 35 21 drone
564 1 467 502 35 21 drone
565 1 477 503 35 21 drone
566 1 486 504 35 21 drone
567 1 495 505 35 21 drone
568 1 504 506 35 21 drone
569 1 512 507 35 21 drone
570 1 520 508 35 21 drone
571 1 527 509 35 21 drone
572 1 535 510 35 21 drone
573 1 542 511 35 21 drone
574 1 548 512 35 21 drone
575 1 553 513 35 21 drone
576 1 560 514 35 21 drone
577 1 565 515 35 21 drone
578 1 570 516 36 21 drone
579 1 577 518 36 22 drone
580 1 582 519 36 22 drone
581 1 588 519 36 22 drone
582 1 594 521 36 22 drone
583 1 598 521 37 22 drone
584 1 604 522 37 22 drone
585 1 608 522 38 23 drone
586 1 613 523 38 23 drone
587 1 617 522 40 24 drone
588 1 622 523 39 24 drone
589 1 626 523 40 24 drone
590 1 630 523 40 24 drone
591 1 634 522 40 24 drone
592 1 635 521 41 25 drone
593 1 635 519 40 24 drone
594 1 633 515 41 25 drone
595 1 629 509 41 25 drone
596 1 625 499 41 24 drone
597 1 622 475 33 31 drone
598 1 617 452 33 31 drone
599 1 612 431 33 31 drone
600 1 609 409 33 31 drone
601 1 606 392 33 31 drone
602 1 601 374 33 31 drone
603 1 596 359 33 31 drone
604 1 590 346 34 32 drone
605 1 586 334 34 31 drone
606 1 581 323 34 32 drone
607 1 575 313 34 32 drone
608 1 570 304 35 32 drone
609 1 565 296 35 33 drone
610 1 561 289 35 33 drone
611 1 556 282 35 33 drone
612 1 551 275 34 32 drone
613 1 545 268 35 33 drone
614 1 540 263 31 34 drone
615 1 535 257 31 34 drone
616 1 529 251 31 34 drone
617 1 523 244 32 35 drone
618 1 518 238 32 35 drone
619 1 512 232 32 35 drone
620 1 513 226 32 35 drone
621 1 516 219 32 35 drone
622 1 517 213 33 36 drone
623 1 519 206 33 36 drone
624 1 522 201 33 36 drone
625 1 525 199 33 36 drone
626 1 528 197 33 37 drone
627 1 532 195 33 36 drone
628 1 535 194 33 37 drone
629 1 539 194 33 37 drone
630 1 543 194 34 37 drone
631 1 547 195 33 36 drone
632 1 550 195 34 37 drone
633 1 555 195 33 36 drone
634 1 557 196 34 38 drone
635 1 557 197 35 38 drone
636 1 556 198 34 37 drone
637 1 555 199 34 37 drone
638 1 555 201 32 35 drone
639 1 549 202 34 37 drone
640 1 543 203 34 38 drone
641 1 537 205 34 37 drone
642 1 531 207 34 37 drone
643 1 524 208 35 38 drone
644 1 516 211 34 37 drone
645 1 508 212 34 37 drone
646 1 500 215 34 37 drone
647 1 491 216 34 37 drone
648 1 482 219 34 37 drone
649 1 473 220 34 38 drone
650 1 456 223 33 36 drone
651 1 435 225 33 37 drone
652 1 414 228 33 36 drone
653 1 393 231 32 36 drone
654 1 372 233 33 36 drone
655 1 351 235 33 36 drone
656 1 329 238 32 35 drone
657 1 314 240 32 35 drone
658 1 304 242 32 35 drone
659 1 295 245 32 35 drone
660 1 284 247 31 35 drone
661 1 273 250 31 34 drone
662 1 261 253 41 34 drone
663 1 252 255 41 34 drone
664 1 243 258 41 34 drone
665 1 233 260 41 34 drone
666 1 222 262 41 34 drone
667 1 212 265 40 33 drone
668 1 202 267 41 34 drone
669 1 193 269 40 33 drone
670 1 183 272 41 34 drone
671 1 174 274 40 33 drone
672 1 164 277 39 32 drone
673 1 152 279 40 33 drone
674 1 142 281 40 33 drone
675 1 137 283 41 34 drone
676 1 135 286 41 34 drone
677 1 134 288 40 33 drone
678 1 132 290 40 34 drone
679 1 132 293 40 33 drone
680 1 131 295 41 34 drone
681 1 131 297 41 34 drone
682 1 132 300 41 34 drone
683 1 133 302 40 33 drone
684 1 133 304 41 34 drone
685 1 133 306 42 34 drone
686 1 134 309 41 34 drone
687 1 135 312 41 34 drone
688 1 136 314 41 34 drone
689 1 137 317 41 34 drone
690 1 138 319 42 35 drone
691 1 139 322 42 35 drone
692 1 140 324 42 35 drone
693 1 142 327 41 34 drone
694 1 143 330 41 34 drone
695 1 144 333 41 34 drone
696 1 145 336 41 34 drone
697 1 146 338 41 34 drone
698 1 148 341 41 34 drone
699 1 149 344 40 33 drone
700 1 149 346 40 34 drone
701 1 150 350 40 33 drone
702 1 151 352 40 33 drone
703 1 152 355 39 33 drone
704 1 153 358 40 33 drone
705 1 154 360 40 33 drone
706 1 155 364 39 32 drone
707 1 156 367 38 32 drone
708 1 156 370 38 32 drone
709 1 157 373 38 32 drone
710 1 157 376 37 31 drone
711 1 159 379 36 30 drone
712 1 159 382 36 30 drone
713 1 159 386 35 29 drone
714 1 167 385 35 29 drone
715 1 166 387 36 30 drone
716 1 167 391 35 29 drone
717 1 167 394 35 29 drone
718 1 167 396 35 29 drone
719 1 167 399 35 29 drone
720 1 167 402 35 29 drone
721 1 168 406 34 28 drone
722 1 168 409 33 27 drone
723 1 169 412 33 27 drone
724 1 168 414 33 28 drone
725 1 168 417 33 27 drone
726 1 167 420 34 28 drone
727 1 166 423 34 28 drone
728 1 167 426 34 28 drone
729 1 165 429 34 28 drone
730 1 165 432 33 28 drone
731 1 165 435 33 27 drone
732 1 163 438 33 27 drone
733 1 162 441 33 27 drone
734 1 161 444 33 27 drone
735 1 160 447 33 27 drone
736 1 160 449 34 29 drone
737 1 158 451 35 29 drone
738 1 157 454 34 29 drone
739 1 154 456 36 30 drone
740 1 154 459 36 29 drone
741 1 152 462 36 30 drone
742 1 150 465 36 29 drone
743 1 149 468 36 29 drone
744 1 147 471 35 29 drone
745 1 146 474 36 29 drone
746 1 144 477 35 29 drone
747 1 143 481 34 28 drone
748 1 140 484 34 28 drone
749 1 139 487 33 28 drone
750 1 137 490 34 28 drone
751 1 135 493 33 28 drone
752 1 133 496 33 28 drone
753 1 130 499 32 27 drone
754 1 128 501 34 28 drone
755 1 127 504 33 27 drone
756 1 123 507 34 28 drone
757 1 120 510 34 28 drone
758 1 118 513 33 27 drone
759 1 117 516 33 27 drone
760 1 114 519 33 27 drone
761 1 111 522 36 29 drone
762 1 108 524 37 30 drone
763 1 105 528 35 28 drone
764 1 102 530 37 30 drone
765 1 100 532 37 30 drone
766 1 96 535 37 30 drone
767 1 93 538 37 30 drone
768 1 87 540 41 33 drone
769 1 85 541 42 34 drone
770 1 83 543 41 33 drone
771 1 84 546 37 30 drone
772 1 82 549 35 28 drone
773 1 81 550 35 28 drone
774 1 82 553 31 25 drone
775 1 77 554 34 27 drone
776 1 77 555 32 26 drone
777 1 75 556 32 26 drone
778 0
779 0
780 0
781 0
782 0
783 0
784 0
785 0
786 0
787 0
788 1 42 545 23 25 drone
789 1 40 534 21 23 drone
790 1 38 519 21 22 drone
791 1 36 511 21 14 drone
792 1 40 497 18 12 drone
793 1 47 483 20 13 drone
794 1 56 471 17 11 drone
795 1 65 459 18 12 drone
796 1 74 448 18 12 drone
797 1 79 438 19 17 drone
798 1 87 431 19 17 drone
799 1 95 425 19 17 drone
800 1 103 420 20 18 drone
801 1 111 415 20 18 drone
802 1 118 409 20 18 drone
803 1 126 404 20 18 drone
804 1 134 399 20 18 drone
805 1 140 394 20 18 drone
806 1 146 389 19 17 drone
807 1 153 384 18 16 drone
808 1 160 380 19 17 drone
809 1 165 376 19 17 drone
810 1 171 371 18 16 drone
811 1 177 368 17 15 drone
812 1 183 364 17 15 drone
813 1 189 360 16 15 drone
814 1 195 355 17 15 drone
815 1 201 350 17 15 drone
816 1 206 345 17 15 drone
817 1 212 340 17 15 drone
818 1 218 335 17 15 drone
819 1 222 332 17 15 drone
820 1 222 329 17 15 drone
821 1 219 327 17 15 drone
822 1 217 326 17 15 drone
823 1 214 326 17 16 drone
824 1 210 326 17 16 drone
825 1 205 326 17 15 drone
826 1 201 326 18 16 drone
827 1 196 327 18 16 drone
828 1 191 328 18 16 drone
829 1 183 328 21 18 drone
830 1 177 329 21 19 drone
831 1 171 330 21 19 drone
832 1 165 332 21 19 drone
833 1 159 333 21 19 drone
834 1 153 334 21 19 drone
835 1 146 336 21 19 drone
836 1 139 337 21 19 drone
837 1 133 338 21 19 drone
838 1 126 340 22 19 drone
839 1 119 341 21 19 drone
840 1 111 343 21 19 drone
841 1 105 344 21 19 drone
842 1 97 345 21 19 drone
843 1 90 346 21 18 drone
844 1 83 348 20 18 drone
845 1 76 350 20 18 drone
846 1 69 351 21 19 drone
847 1 61 352 20 18 drone
848 1 54 353 21 19 drone
849 1 46 355 21 19 drone
850 1 39 357 20 18 drone
851 1 31 358 21 19 drone
852 1 24 359 21 18 drone
853 1 16 360 33 20 drone
854 1 9 362 33 20 drone
855 1 5 363 32 19 drone
856 0
857 0
858 0
859 0
860 0
861 0
862 0
863 0
864 0
865 0
866 0
867 1 11 381 30 11 drone
868 1 18 383 29 11 drone
869 1 25 384 29 11 drone
870 1 31 385 29 11 drone
871 1 33 387 32 12 drone
872 1 37 388 32 12 drone
873 1 41 389 32 12 drone
874 1 45 390 32 12 drone
875 1 48 391 33 12 drone
876 1 52 392 32 12 drone
877 1 55 393 32 12 drone
878 1 57 394 33 12 drone
879 1 60 395 33 12 drone
880 1 63 397 33 12 drone
881 1 67 398 33 12 drone
882 1 69 399 33 12 drone
883 1 73 396 33 16 drone
884 1 76 397 33 16 drone
885 1 79 398 33 16 drone
886 1 83 399 33 16 drone
887 1 85 400 33 16 drone
888 1 87 401 34 16 drone
889 1 89 402 34 17 drone
890 1 92 403 34 17 drone
891 1 94 404 34 16 drone
892 1 96 405 34 17 drone
893 1 98 406 36 17 drone
894 1 101 407 36 17 drone
895 1 105 409 34 17 drone
896 1 108 410 34 16 drone
897 1 112 412 33 16 drone
898 1 115 414 33 16 drone
899 1 117 415 33 16 drone
900 1 119 416 33 16 drone
901 1 122 417 32 16 drone
902 1 124 419 32 16 drone
903 1 127 420 32 15 drone
904 1 129 420 32 16 drone
905 1 130 421 32 16 drone
906 1 132 422 33 16 drone
907 1 136 423 32 16 drone
908 1 138 423 32 15 drone
909 1 142 414 29 25 drone
910 1 144 415 29 25 drone
911 1 146 415 29 25 drone
912 1 148 415 29 25 drone
913 1 149 416 29 25 drone
914 1 151 416 29 25 drone
915 1 155 415 29 25 drone
916 1 156 415 29 25 drone
917 1 158 414 29 25 drone
918 1 160 413 29 25 drone
919 1 162 411 29 25 drone
920 1 164 408 30 26 drone
921 1 166 404 30 25 drone
922 1 167 398 30 26 drone
923 1 169 390 30 26 drone
924 1 170 377 30 26 drone
925 1 172 363 30 26 drone
926 1 173 349 30 26 drone
927 1 175 335 30 26 drone
928 1 177 322 30 26 drone
929 1 179 310 30 26 drone
930 1 180 299 30 26 drone
931 1 181 289 30 26 drone
932 1 183 280 30 26 drone
933 1 186 272 30 26 drone
934 1 188 265 30 26 drone
935 1 189 258 30 26 drone
936 1 191 251 29 25 drone
937 1 193 246 30 26 drone
938 1 195 240 30 26 drone
939 1 196 235 30 26 drone
940 1 198 230 29 25 drone
941 1 199 224 30 26 drone
942 1 200 223 31 22 drone
943 1 202 218 31 22 drone
944 1 204 213 31 22 drone
945 1 205 208 31 22 drone
946 1 207 203 31 22 drone
947 1 208 198 31 22 drone
948 1 210 193 31 22 drone
949 1 211 188 31 22 drone
950 1 208 186 31 22 drone
951 1 202 183 31 22 drone
952 1 198 182 31 22 drone
953 1 192 181 31 22 drone
954 1 186 181 31 22 drone
955 1 180 180 31 22 drone
956 1 174 180 31 22 drone
957 1 167 180 31 22 drone
958 1 160 180 31 22 drone
959 1 153 181 31 22 drone
960 1 146 181 31 22 drone
961 1 139 181 32 22 drone
962 1 131 182 31 22 drone
963 1 124 182 32 23 drone
964 1 116 183 32 23 drone
965 1 109 183 32 23 drone
966 1 101 184 32 23 drone
967 1 94 185 32 23 drone
968 1 86 186 32 22 drone
969 1 79 186 32 22 drone
970 1 72 188 31 22 drone
971 1 63 188 32 23 drone
972 1 56 189 33 24 drone
973 1 48 190 32 23 drone
974 1 41 191 32 23 drone
975 1 34 192 31 22 drone
976 1 27 193 31 22 drone
977 1 20 194 31 22 drone
978 1 12 195 31 22 drone
979 1 6 196 30 21 drone
980 0
981 0
982 0
983 0
984 0
985 0
986 0
987 0
988 0
989 0
990 0
991 0
992 0
993 0
994 0
995 0
996 0
997 0
998 0
999 0
1000 0
1001 0
1002 0
1003 0
1004 0
1005 0
1006 0
1007 0
1008 0
1009 0
1010 0
1011 1 8 238 30 18 drone
1012 1 10 239 30 18 drone
1013 1 11 240 30 18 drone
1014 1 9 239 35 20 drone
1015 1 12 240 34 20 drone
1016 1 13 241 35 20 drone
1017 1 14 242 35 20 drone
1018 1 16 244 34 21 drone
1019 1 17 245 34 21 drone
1020 1 19 247 34 21 drone
1021 1 22 247 34 21 drone
1022 1 25 249 34 21 drone
1023 1 27 250 34 21 drone
1024 1 28 251 34 21 drone
1025 1 30 252 34 21 drone
1026 1 32 253 35 21 drone
1027 1 34 255 34 21 drone
1028 1 37 256 34 21 drone
1029 1 39 257 34 21 drone
1030 1 41 258 34 21 drone
1031 1 42 259 34 21 drone
1032 1 44 260 35 21 drone
1033 1 47 262 34 21 drone
1034 1 48 263 35 21 drone
1035 1 50 264 35 21 drone
1036 1 52 265 34 21 drone
1037 1 54 267 35 21 drone
1038 1 56 268 35 21 drone
1039 1 59 269 35 21 drone
1040 1 60 270 35 21 drone
1041 1 62 271 34 21 drone
1042 1 64 272 35 21 drone
1043 1 67 274 34 21 drone
1044 1 69 275 34 21 drone
1045 1 71 276 34 21 drone
1046 1 73 277 34 21 drone
1047 1 75 279 34 21 drone
1048 1 77 280 34 21 drone
1049 1 80 281 34 21 drone
1050 1 82 283 33 21 drone
1051 1 84 284 34 21 drone
1052 1 86 285 34 21 drone
1053 1 88 286 34 21 drone
1054 1 90 287 34 21 drone
1055 1 91 288 34 21 drone
1056 1 93 290 34 21 drone
1057 1 95 291 34 21 drone
1058 1 96 292 34 21 drone
1059 1 98 293 34 21 drone
1060 1 100 294 34 21 drone
1061 1 101 296 34 21 drone
1062 1 103 297 34 21 drone
1063 1 105 298 33 21 drone
1064 1 107 300 34 21 drone
1065 1 108 301 34 21 drone
1066 1 110 302 34 21 drone
1067 1 112 303 34 21 drone
1068 1 114 305 33 21 drone
1069 1 116 306 33 20 drone
1070 1 119 307 33 20 drone
1071 1 120 308 33 20 drone
1072 1 122 309 34 21 drone
1073 1 125 310 34 21 drone
1074 1 127 311 33 21 drone
1075 1 128 313 33 21 drone
1076 1 130 314 34 21 drone
1077 1 131 315 33 21 drone
1078 1 134 316 33 20 drone
1079 1 135 317 33 21 drone
1080 1 137 319 33 21 drone
1081 1 138 320 33 21 drone
1082 1 139 321 34 21 drone
1083 1 141 322 33 21 drone
1084 1 143 323 33 21 drone
1085 1 145 325 33 20 drone
1086 1 147 326 33 20 drone
1087 1 149 327 33 20 drone
1088 1 151 328 33 20 drone
1089 1 153 329 33 21 drone
1090 1 154 330 33 20 drone
1091 1 156 331 33 21 drone
1092 1 158 332 33 20 drone
1093 1 160 333 33 20 drone
1094 1 161 334 33 20 drone
1095 1 162 335 34 19 drone
1096 1 164 336 34 19 drone
1097 1 167 337 34 19 drone
1098 1 169 338 34 19 drone
1099 1 170 338 34 19 drone
1100 1 173 339 34 19 drone
1101 1 175 340 33 19 drone
1102 1 176 341 34 19 drone
1103 1 179 342 34 19 drone
1104 1 181 343 34 19 drone
1105 1 183 343 34 19 drone
1106 1 186 344 34 19 drone
1107 1 188 345 34 19 drone
1108 1 190 346 34 19 drone
1109 1 192 347 34 19 drone
1110 1 195 348 34 19 drone
1111 1 197 348 34 19 drone
1112 1 199 349 34 19 drone
1113 1 200 350 34 19 drone
1114 1 202 351 34 19 drone
1115 1 203 351 34 19 drone
1116 1 204 352 34 19 drone
1117 1 206 353 34 19 drone
1118 1 207 353 34 19 drone
1119 1 210 354 34 19 drone
1120 1 212 354 34 19 drone
1121 1 213 354 34 19 drone
1122 1 215 354 34 19 drone
1123 1 217 354 34 19 drone
1124 1 218 353 34 19 drone
1125 1 220 353 34 19 drone
1126 1 222 351 34 19 drone
1127 1 224 350 34 19 drone
1128 1 226 346 34 19 drone
1129 1 227 342 32 18 drone
1130 1 228 334 34 19 drone
1131 1 228 322 35 20 drone
1132 1 230 309 34 19 drone
1133 1 232 293 34 19 drone
1134 1 234 278 34 19 drone
1135 1 236 264 34 19 drone
1136 1 237 251 34 19 drone
1137 1 238 240 34 19 drone
1138 1 240 230 34 19 drone
1139 1 241 221 34 19 drone
1140 1 244 215 34 19 drone
1141 1 246 206 34 19 drone
1142 1 247 199 34 19 drone
1143 1 250 192 34 19 drone
1144 1 252 185 34 19 drone
1145 1 253 179 34 19 drone
1146 1 254 173 34 19 drone
1147 1 256 167 34 19 drone
1148 1 258 162 34 19 drone
1149 1 260 156 34 19 drone
1150 1 261 153 34 19 drone
1151 1 263 152 34 19 drone
1152 1 264 150 34 19 drone
1153 1 266 149 34 19 drone
1154 1 268 149 34 19 drone
1155 1 270 148 34 19 drone
1156 1 271 148 34 19 drone
1157 1 272 148 34 19 drone
1158 1 273 148 35 19 drone
1159 1 276 149 34 19 drone
1160 1 278 150 34 19 drone
1161 1 280 150 34 19 drone
1162 1 281 151 34 19 drone
1163 1 283 151 34 19 drone
1164 1 285 152 34 19 drone
1165 1 287 153 34 19 drone
1166 1 288 153 34 19 drone
1167 1 290 154 34 19 drone
1168 1 291 155 34 19 drone
1169 1 293 156 34 19 drone
1170 1 295 156 34 19 drone
1171 1 297 157 34 19 drone
1172 1 298 158 34 19 drone
1173 1 300 158 34 19 drone
1174 1 302 159 34 19 drone
1175 1 305 160 34 19 drone
1176 1 307 161 34 19 drone
1177 1 309 162 34 19 drone
1178 1 311 163 34 19 drone
1179 1 312 164 34 19 drone
1180 1 314 165 34 19 drone
1181 1 315 166 35 19 drone
1182 1 317 168 34 19 drone
1183 1 319 169 35 19 drone
1184 1 322 170 35 19 drone
1185 1 323 171 35 19 drone
1186 1 325 172 35 20 drone
1187 1 327 173 35 20 drone
1188 1 328 173 35 20 drone
1189 1 332 175 34 19 drone
1190 1 332 176 36 20 drone
1191 1 336 178 33 18 drone
1192 1 336 178 35 20 drone
1193 1 338 179 35 20 drone
1194 1 339 180 36 20 drone
1195 1 340 181 36 20 drone
1196 1 341 182 36 20 drone
1197 1 344 184 35 19 drone
1198 1 346 184 35 20 drone
1199 1 347 185 36 20 drone
1200 1 350 186 35 20 drone
1201 1 352 188 35 20 drone
1202 1 355 189 34 19 drone
1203 1 356 189 36 20 drone
1204 1 358 191 36 20 drone
1205 1 361 192 36 20 drone
1206 1 362 192 37 20 drone
1207 1 363 193 36 20 drone
1208 1 366 195 36 20 drone
1209 1 368 195 36 20 drone
1210 1 370 197 36 20 drone
1211 1 374 198 35 19 drone
1212 1 375 199 35 20 drone
1213 1 379 200 34 19 drone
1214 1 380 201 36 20 drone
1215 1 383 202 35 20 drone
1216 1 384 203 35 20 drone
1217 1 387 203 35 20 drone
1218 1 389 205 35 19 drone
1219 1 390 205 35 19 drone
1220 1 387 206 35 20 drone
1221 1 382 207 35 20 drone
1222 1 379 208 35 19 drone
1223 1 375 210 35 20 drone
1224 1 370 211 34 19 drone
1225 1 365 212 35 19 drone
1226 1 359 213 35 19 drone
1227 1 353 214 35 19 drone
1228 1 348 215 34 19 drone
1229 1 343 216 34 19 drone
1230 1 337 217 34 19 drone
1231 1 331 218 34 19 drone
1232 1 324 219 34 19 drone
1233 1 318 220 34 19 drone
1234 1 312 221 34 19 drone
1235 1 306 222 34 19 drone
1236 1 300 223 34 19 drone
1237 1 294 224 34 19 drone
1238 1 287 225 34 19 drone
1239 1 282 226 34 19 drone
1240 1 275 227 34 19 drone
1241 1 270 228 34 19 drone
1242 1 263 229 34 19 drone
1243 1 257 230 34 19 drone
1244 1 252 231 34 19 drone
1245 1 247 232 35 19 drone
1246 1 242 233 34 19 drone
1247 1 237 234 35 19 drone
1248 1 235 235 33 18 drone
1249 1 229 236 34 19 drone
1250 1 226 236 35 20 drone
1251 1 228 237 34 19 drone
1252 1 232 237 35 19 drone
1253 1 237 238 35 19 drone
1254 1 242 238 35 19 drone
1255 1 246 239 35 19 drone
1256 1 251 239 35 20 drone
1257 1 255 240 35 20 drone
1258 1 259 240 35 20 drone
1259 1 263 241 35 20 drone
1260 1 265 242 35 19 drone
1261 1 268 242 35 20 drone
1262 1 272 243 35 20 drone
1263 1 275 244 35 20 drone
1264 1 278 244 35 20 drone
1265 1 282 245 35 19 drone
1266 1 284 245 35 19 drone
1267 1 288 246 34 19 drone
1268 1 291 247 35 19 drone
1269 1 294 248 32 18 drone
1270 1 296 248 35 20 drone
1271 1 300 249 34 19 drone
1272 1 302 249 35 19 drone
1273 1 305 250 35 19 drone
1274 1 309 250 34 19 drone
1275 1 312 251 33 19 drone
1276 1 315 251 33 19 drone
1277 1 318 252 34 19 drone
1278 1 321 252 34 19 drone
1279 1 323 253 34 19 drone
1280 1 326 253 34 19 drone
1281 1 330 254 33 19 drone
1282 1 334 255 33 18 drone
1283 1 338 256 32 18 drone
1284 1 342 255 33 18 drone
1285 1 344 256 33 19 drone
1286 1 347 256 33 19 drone
1287 1 351 257 33 19 drone
1288 1 353 258 33 19 drone
1289 1 357 258 34 19 drone
1290 1 359 259 34 19 drone
1291 1 366 260 32 18 drone
1292 1 370 262 31 17 drone
1293 1 373 262 32 18 drone
1294 1 376 262 31 18 drone
1295 1 380 263 31 17 drone
1296 1 383 264 32 18 drone
1297 1 386 265 32 18 drone
1298 1 390 266 31 17 drone
1299 1 393 267 31 17 drone
1300 1 397 268 31 17 drone
1301 1 401 269 30 17 drone
1302 1 405 270 30 17 drone
1303 1 408 271 30 17 drone
1304 1 412 272 29 16 drone
1305 1 416 273 29 16 drone
1306 1 420 275 29 16 drone
1307 1 424 276 28 16 drone
1308 1 428 277 27 15 drone
1309 1 431 278 27 15 drone
1310 1 436 280 26 15 drone
1311 1 439 281 26 15 drone
1312 1 443 283 26 14 drone
1313 1 446 284 26 14 drone
1314 1 448 286 26 15 drone
1315 1 447 287 25 14 drone
1316 1 445 288 25 14 drone
1317 1 442 290 24 13 drone
1318 1 438 292 24 13 drone
1319 1 434 293 24 14 drone
1320 1 434 294 24 13 drone
1321 1 434 296 23 13 drone
1322 1 435 297 23 13 drone
1323 1 436 298 23 13 drone
1324 1 439 299 22 12 drone
1325 1 441 301 21 12 drone
1326 1 444 302 21 12 drone
1327 1 447 303 20 11 drone
1328 1 450 305 20 11 drone
1329 1 454 306 20 11 drone
1330 1 457 307 20 11 drone
1331 1 460 308 20 11 drone
1332 1 457 310 20 11 drone
1333 1 453 311 20 11 drone
1334 1 451 312 19 11 drone
1335 1 446 314 19 11 drone
1336 1 435 315 26 22 drone
1337 1 430 316 26 22 drone
1338 1 425 317 26 22 drone
1339 1 419 319 26 22 drone
1340 1 413 320 26 22 drone
1341 1 407 322 26 22 drone
1342 1 401 323 26 22 drone
1343 1 395 324 26 22 drone
1344 1 390 326 26 22 drone
1345 1 387 327 25 21 drone
1346 1 384 328 25 22 drone
1347 1 382 329 25 21 drone
1348 1 382 330 25 21 drone
1349 1 381 330 25 21 drone
1350 1 382 331 24 20 drone
1351 1 383 332 24 21 drone
1352 1 386 332 25 21 drone
1353 1 389 333 25 21 drone
1354 1 392 333 24 20 drone
1355 1 395 331 27 23 drone
1356 1 399 334 25 21 drone
1357 1 403 331 26 22 drone
1358 1 407 334 24 20 drone
1359 1 411 331 27 23 drone
1360 1 415 334 23 20 drone
1361 1 418 334 23 19 drone
1362 1 422 334 23 19 drone
1363 1 426 334 23 19 drone
1364 1 430 333 23 19 drone
1365 1 435 333 22 19 drone
1366 1 439 331 23 20 drone
1367 1 443 331 21 18 drone
1368 1 447 329 21 18 drone
1369 1 451 327 21 18 drone
1370 1 454 324 21 18 drone
1371 1 458 319 21 18 drone
1372 1 461 311 21 18 drone
1373 1 465 300 20 17 drone
1374 1 466 285 20 17 drone
1375 1 471 269 20 17 drone
1376 1 471 251 20 17 drone
1377 1 476 233 24 20 drone
1378 1 481 216 24 20 drone
1379 1 481 201 22 22 drone
1380 1 479 191 22 22 drone
1381 1 474 184 22 22 drone
1382 1 470 178 21 21 drone
1383 1 465 174 21 21 drone
1384 1 458 173 21 18 drone
1385 1 452 170 21 18 drone
1386 1 446 168 20 17 drone
1387 1 439 166 20 17 drone
1388 1 432 164 20 17 drone
1389 1 425 163 20 17 drone
1390 1 418 162 19 16 drone
1391 1 411 161 18 16 drone
1392 1 404 159 18 16 drone
1393 1 396 158 18 16 drone
1394 1 389 157 18 16 drone
1395 1 381 156 18 16 drone
1396 1 374 155 18 15 drone
1397 1 366 154 18 15 drone
1398 1 358 154 18 15 drone
1399 1 350 152 18 16 drone
1400 1 343 152 23 16 drone
1401 1 335 151 23 16 drone
1402 1 328 150 22 16 drone
1403 1 320 150 22 16 drone
1404 1 313 149 22 16 drone
1405 1 305 148 22 15 drone
1406 1 298 147 22 15 drone
1407 1 290 146 22 15 drone
1408 1 283 146 21 15 drone
1409 1 275 144 22 15 drone
1410 1 268 143 21 15 drone
1411 1 261 143 22 15 drone
1412 1 253 142 21 15 drone
1413 1 246 140 21 15 drone
1414 1 239 140 21 15 drone
1415 1 231 139 21 14 drone
1416 1 224 138 21 14 drone
1417 1 216 137 21 14 drone
1418 1 209 136 20 14 drone
1419 1 202 135 25 12 drone
1420 1 195 134 25 12 drone
1421 1 187 133 25 12 drone
1422 1 180 132 25 12 drone
1423 1 172 131 25 12 drone
1424 1 165 130 25 12 drone
1425 1 157 129 26 12 drone
1426 1 151 129 25 14 drone
1427 1 144 128 25 14 drone
1428 1 137 128 25 14 drone
1429 1 129 127 25 14 drone
1430 1 122 126 25 14 drone
1431 1 115 125 25 14 drone
1432 1 107 125 25 14 drone
1433 1 100 124 25 14 drone
1434 1 93 123 25 14 drone
1435 1 86 123 25 14 drone
1436 1 79 122 24 14 drone
1437 1 71 121 25 14 drone
1438 1 64 121 25 14 drone
1439 1 59 121 22 12 drone
1440 1 51 120 22 12 drone
1441 1 44 120 22 12 drone
1442 1 37 119 22 12 drone
1443 1 30 119 22 12 drone
1444 1 23 119 21 12 drone
1445 1 16 118 21 12 drone
1446 1 9 118 21 12 drone
1447 0
1448 0
1449 0
1450 0
1451 0
1452 0
1453 0
1454 0
1455 0
1456 0
1457 0
1458 0
1459 0
1460 0
1461 0
1462 0
1463 0
1464 0
1465 0
1466 0
1467 0
1468 1 10 111 27 17 drone
1469 1 18 111 27 17 drone
1470 1 25 110 27 17 drone
1471 1 31 109 27 17 drone
1472 1 35 109 25 15 drone
1473 1 41 109 25 15 drone
1474 1 46 109 25 15 drone
1475 1 51 109 25 15 drone
1476 1 56 109 25 15 drone
1477 1 61 109 25 15 drone
1478 1 67 108 25 15 drone
1479 1 73 108 24 15 drone
1480 1 78 108 25 15 drone
1481 1 83 108 25 15 drone
1482 1 88 108 25 15 drone
1483 1 93 108 25 15 drone
1484 1 98 108 25 15 drone
1485 1 103 108 25 15 drone
1486 1 109 108 25 15 drone
1487 1 114 108 25 15 drone
1488 1 118 108 25 15 drone
1489 1 123 108 24 15 drone
1490 1 127 108 25 15 drone
1491 1 133 108 25 15 drone
1492 1 138 108 25 15 drone
1493 1 142 108 25 15 drone
1494 1 147 108 25 15 drone
1495 1 152 107 25 15 drone
1496 1 159 108 25 15 drone
1497 1 165 107 26 15 drone
1498 1 171 107 25 15 drone
1499 1 175 107 26 16 drone
1500 1 182 107 26 15 drone
1501 1 188 107 25 15 drone
1502 1 193 107 26 16 drone
1503 1 200 107 26 16 drone
1504 1 206 107 25 15 drone
1505 1 211 107 26 16 drone
1506 1 217 108 26 15 drone
1507 1 222 108 26 16 drone
1508 1 228 108 26 16 drone
1509 1 232 108 26 16 drone
1510 1 238 108 25 15 drone
1511 1 242 108 27 16 drone
1512 1 247 108 27 16 drone
1513 1 252 108 27 16 drone
1514 1 258 109 26 16 drone
1515 1 262 108 27 16 drone
1516 1 267 108 27 16 drone
1517 1 272 109 27 16 drone
1518 1 277 108 26 16 drone
1519 1 281 109 27 16 drone
1520 1 286 109 27 16 drone
1521 1 291 109 27 16 drone
1522 1 296 109 27 16 drone
1523 1 301 109 27 16 drone
1524 1 307 109 27 16 drone
1525 1 312 109 26 16 drone
1526 1 317 109 29 20 drone
1527 1 322 109 29 20 drone
1528 1 327 109 29 20 drone
1529 1 332 110 29 20 drone
1530 1 336 109 29 20 drone
1531 1 340 110 29 20 drone
1532 1 345 110 29 20 drone
1533 1 349 110 29 20 drone
1534 1 353 110 29 20 drone
1535 1 358 110 30 20 drone
1536 1 362 110 30 20 drone
1537 1 366 110 30 21 drone
1538 1 371 111 30 20 drone
1539 1 375 111 30 20 drone
1540 1 380 111 30 21 drone
1541 1 384 111 29 20 drone
1542 1 388 111 30 20 drone
1543 1 393 112 30 20 drone
1544 1 396 112 30 21 drone
1545 1 400 112 29 20 drone
1546 1 404 112 29 20 drone
1547 1 408 113 30 20 drone
1548 1 412 113 29 20 drone
1549 1 416 113 30 21 drone
1550 1 414 113 30 20 drone
1551 1 409 114 30 20 drone
1552 1 405 115 30 21 drone
1553 1 400 115 30 21 drone
1554 1 395 116 30 20 drone
1555 1 389 116 30 20 drone
1556 1 383 117 29 20 drone
1557 1 377 118 30 20 drone
1558 1 370 118 29 20 drone
1559 1 364 119 30 20 drone
1560 1 357 120 29 20 drone
1561 1 350 121 29 20 drone
1562 1 343 121 29 20 drone
1563 1 336 122 29 20 drone
1564 1 328 123 29 20 drone
1565 1 321 124 29 20 drone
1566 1 314 125 29 20 drone
1567 1 306 125 29 20 drone
1568 1 299 126 29 20 drone
1569 1 291 126 29 20 drone
1570 1 283 127 29 20 drone
1571 1 275 128 29 20 drone
1572 1 267 129 29 20 drone
1573 1 259 130 30 21 drone
1574 1 251 130 29 20 drone
1575 1 243 131 30 21 drone
1576 1 235 132 30 20 drone
1577 1 227 133 30 20 drone
1578 1 219 134 30 20 drone
1579 1 211 135 29 20 drone
1580 1 206 136 29 20 drone
1581 1 198 137 29 20 drone
1582 1 191 138 29 20 drone
1583 1 187 140 29 20 drone
1584 1 181 141 29 20 drone
1585 1 180 142 29 20 drone
1586 1 183 143 29 20 drone
1587 1 188 144 29 20 drone
1588 1 193 144 29 20 drone
1589 1 198 145 30 20 drone
1590 1 204 146 29 20 drone
1591 1 210 147 29 20 drone
1592 1 215 148 29 20 drone
1593 1 219 149 29 20 drone
1594 1 223 150 29 20 drone
1595 1 227 151 29 20 drone
1596 1 231 152 29 20 drone
1597 1 234 154 29 20 drone
1598 1 238 155 29 20 drone
1599 1 241 156 29 20 drone
1600 1 244 157 29 20 drone
1601 1 247 158 29 20 drone
1602 1 250 159 29 20 drone
1603 1 253 159 29 20 drone
1604 1 255 160 29 20 drone
1605 1 258 161 29 20 drone
1606 1 260 162 29 20 drone
1607 1 263 164 29 20 drone
1608 1 265 164 29 20 drone
1609 1 268 166 30 20 drone
1610 1 271 166 30 20 drone
1611 1 274 168 30 21 drone
1612 1 276 169 30 21 drone
1613 1 278 170 30 21 drone
1614 1 281 172 29 20 drone
1615 1 283 173 30 21 drone
1616 1 286 173 30 21 drone
1617 1 288 175 30 21 drone
1618 1 291 176 30 21 drone
1619 1 293 177 30 21 drone
1620 1 295 179 30 21 drone
1621 1 296 180 30 21 drone
1622 1 298 181 30 21 drone
1623 1 301 183 30 20 drone
1624 1 303 184 30 21 drone
1625 1 306 186 30 20 drone
1626 1 307 188 29 20 drone
1627 1 309 188 30 21 drone
1628 1 312 190 31 21 drone
1629 1 314 191 31 21 drone
1630 1 316 192 30 21 drone
1631 1 317 194 30 21 drone
1632 1 318 195 30 21 drone
1633 1 320 197 30 21 drone
1634 1 323 198 30 21 drone
1635 1 324 199 30 21 drone
1636 1 325 201 30 21 drone
1637 1 327 202 30 21 drone
1638 1 329 204 28 19 drone
1639 1 330 205 30 20 drone
1640 1 332 206 30 21 drone
1641 1 333 207 30 20 drone
1642 1 334 208 29 20 drone
1643 1 335 209 30 20 drone
1644 1 337 210 30 20 drone
1645 1 338 211 30 20 drone
1646 1 339 213 28 19 drone
1647 1 341 214 29 20 drone
1648 1 342 214 29 20 drone
1649 1 343 216 29 20 drone
1650 1 344 217 29 20 drone
1651 1 345 218 29 20 drone
1652 1 347 219 29 20 drone
1653 1 348 220 29 20 drone
1654 1 349 221 29 20 drone
1655 1 350 222 29 20 drone
1656 1 351 223 30 20 drone
1657 1 353 224 29 20 drone
1658 1 354 225 29 20 drone
1659 1 356 226 29 20 drone
1660 1 357 226 30 20 drone
1661 1 357 227 30 21 drone
1662 1 359 228 30 20 drone
1663 1 359 229 30 21 drone
1664 1 361 230 30 20 drone
1665 1 362 231 30 20 drone
1666 1 363 233 30 20 drone
1667 1 364 234 29 20 drone
1668 1 366 235 29 20 drone
1669 1 367 236 29 20 drone
1670 1 369 237 29 20 drone
1671 1 369 238 29 20 drone
1672 1 370 239 29 20 drone
1673 1 370 240 29 20 drone
1674 1 371 241 29 20 drone
1675 1 371 242 29 20 drone
1676 1 372 243 29 20 drone
1677 1 372 244 29 20 drone
1678 1 372 245 29 20 drone
1679 1 373 246 29 20 drone
1680 1 373 247 29 20 drone
1681 1 374 249 29 20 drone
1682 1 374 249 29 20 drone
1683 1 375 250 30 20 drone
1684 1 376 252 29 20 drone
1685 1 377 252 30 20 drone
1686 1 378 254 29 20 drone
1687 1 379 254 30 20 drone
1688 1 379 256 30 21 drone
1689 1 380 257 30 21 drone
1690 1 381 257 30 21 drone
1691 1 383 258 30 21 drone
1692 1 384 259 31 21 drone
1693 1 385 260 31 21 drone
1694 1 385 261 31 21 drone
1695 1 386 262 31 22 drone
1696 1 386 264 31 21 drone
1697 1 388 265 30 21 drone
1698 1 388 267 31 21 drone
1699 1 388 268 30 21 drone
1700 1 389 269 30 21 drone
1701 1 389 270 30 21 drone
1702 1 389 271 31 21 drone
1703 1 389 273 30 21 drone
1704 1 389 274 30 21 drone
1705 1 390 276 30 20 drone
1706 1 390 277 30 20 drone
1707 1 390 278 30 20 drone
1708 1 391 279 30 21 drone
1709 1 392 280 30 20 drone
1710 1 392 282 30 21 drone
1711 1 393 283 30 20 drone
1712 1 394 284 30 20 drone
1713 1 394 286 30 21 drone
1714 1 394 287 29 20 drone
1715 1 389 288 30 20 drone
1716 1 382 290 30 21 drone
1717 1 376 291 30 21 drone
1718 1 369 293 30 21 drone
1719 1 362 294 30 21 drone
1720 1 355 295 30 21 drone
1721 1 347 297 30 21 drone
1722 1 339 298 30 21 drone
1723 1 330 300 31 21 drone
1724 1 322 301 31 21 drone
1725 1 313 303 30 21 drone
1726 1 305 304 31 21 drone
1727 1 296 307 30 21 drone
1728 1 287 307 31 21 drone
1729 1 279 309 30 21 drone
1730 1 270 311 31 21 drone
1731 1 261 312 30 21 drone
1732 1 252 314 30 21 drone
1733 1 244 316 30 21 drone
1734 1 235 318 30 21 drone
1735 1 226 319 31 21 drone
1736 1 217 321 30 21 drone
1737 1 208 323 30 21 drone
1738 1 199 324 30 21 drone
1739 1 190 326 30 21 drone
1740 1 181 328 31 21 drone
1741 1 172 329 30 21 drone
1742 1 164 331 30 21 drone
1743 1 154 332 31 21 drone
1744 1 147 334 30 21 drone
1745 1 140 336 30 21 drone
1746 1 130 337 31 21 drone
1747 1 124 339 30 21 drone
1748 1 117 341 30 20 drone
1749 1 110 342 30 21 drone
1750 1 105 344 30 21 drone
1751 1 104 345 30 21 drone
1752 1 107 347 31 21 drone
1753 1 112 348 30 21 drone
1754 1 116 349 30 21 drone
1755 1 119 351 31 21 drone
1756 1 123 352 30 20 drone
1757 1 126 354 30 21 drone
1758 1 128 355 30 20 drone
1759 1 129 357 30 21 drone
1760 1 130 358 30 21 drone
1761 1 132 359 30 21 drone
1762 1 133 361 30 21 drone
1763 1 134 363 30 21 drone
1764 1 135 365 29 20 drone
1765 1 135 366 30 20 drone
1766 1 135 367 30 20 drone
1767 1 134 369 30 21 drone
1768 1 134 370 30 21 drone
1769 1 134 372 30 20 drone
1770 1 135 373 30 20 drone
1771 1 135 374 30 21 drone
1772 1 135 375 30 20 drone
1773 1 134 377 30 21 drone
1774 1 134 378 30 21 drone
1775 1 134 380 30 21 drone
1776 1 134 382 30 21 drone
1777 1 133 382 31 21 drone
1778 1 133 384 30 20 drone
1779 1 134 385 29 20 drone
1780 1 134 387 29 20 drone
1781 1 133 388 30 20 drone
1782 1 133 389 30 20 drone
1783 1 133 391 29 20 drone
1784 1 132 392 30 20 drone
1785 1 132 393 29 20 drone
1786 1 132 395 30 21 drone
1787 1 132 396 31 21 drone
1788 1 133 397 29 20 drone
1789 1 132 399 29 20 drone
1790 1 132 400 29 20 drone
1791 1 131 401 30 21 drone
1792 1 131 403 30 21 drone
1793 1 130 404 29 20 drone
1794 1 130 406 29 20 drone
1795 1 129 406 30 21 drone
1796 1 130 408 30 21 drone
1797 1 129 409 30 21 drone
1798 1 129 410 30 21 drone
1799 1 128 412 30 20 drone
1800 1 129 413 29 20 drone
1801 1 129 414 29 20 drone
1802 1 128 416 30 21 drone
1803 1 128 417 29 20 drone
1804 1 128 418 29 20 drone
1805 1 127 420 30 21 drone
1806 1 127 421 30 21 drone
1807 1 126 422 30 21 drone
1808 1 126 424 29 20 drone
1809 1 125 425 30 20 drone
1810 1 125 426 29 20 drone
1811 1 125 428 29 20 drone
1812 1 124 429 29 20 drone
1813 1 123 430 30 20 drone
1814 1 123 432 29 20 drone
1815 1 122 433 29 20 drone
1816 1 122 434 29 20 drone
1817 1 122 436 29 20 drone
1818 1 121 437 29 20 drone
1819 1 120 438 29 20 drone
1820 1 120 439 29 20 drone
1821 1 120 440 30 21 drone
1822 1 120 442 29 20 drone
1823 1 119 443 28 20 drone
1824 1 118 444 29 20 drone
1825 1 118 445 28 20 drone
1826 1 117 446 29 20 drone
1827 1 116 447 29 20 drone
1828 1 116 449 29 20 drone
1829 1 115 450 28 19 drone
1830 1 115 451 29 20 drone
1831 1 115 452 28 20 drone
1832 1 114 453 29 20 drone
1833 1 114 454 30 20 drone
1834 1 113 456 29 20 drone
1835 1 113 457 29 20 drone
1836 1 113 458 29 20 drone
1837 1 113 459 29 20 drone
1838 1 112 460 30 20 drone
1839 1 112 461 29 20 drone
1840 1 112 462 29 20 drone
1841 1 112 463 29 20 drone
1842 1 112 465 29 20 drone
1843 1 112 466 29 20 drone
1844 1 112 467 29 20 drone
1845 1 112 467 29 20 drone
1846 1 112 468 29 20 drone
1847 1 112 469 29 20 drone
1848 1 111 470 29 20 drone
1849 1 110 470 29 20 drone
1850 1 110 471 29 20 drone
1851 1 109 471 29 20 drone
1852 1 110 471 29 20 drone
1853 1 109 471 29 20 drone
1854 1 108 471 29 20 drone
1855 1 108 471 29 20 drone
1856 1 107 470 30 21 drone
1857 1 106 467 29 20 drone
1858 1 105 464 29 20 drone
1859 1 105 457 29 20 drone
1860 1 103 447 30 21 drone
1861 1 101 429 28 20 drone
1862 1 102 408 28 20 drone
1863 1 100 389 28 20 drone
1864 1 98 367 28 20 drone
1865 1 98 350 28 19 drone
1866 1 98 334 28 21 drone
1867 1 98 320 28 21 drone
1868 1 97 308 28 21 drone
1869 1 95 297 28 21 drone
1870 1 94 288 28 21 drone
1871 1 94 279 28 21 drone
1872 1 93 271 28 21 drone
1873 1 92 265 28 21 drone
1874 1 91 258 28 21 drone
1875 1 91 252 28 21 drone
1876 1 90 246 28 21 drone
1877 1 90 240 28 21 drone
1878 1 89 235 28 21 drone
1879 1 89 230 28 21 drone
1880 1 88 225 28 21 drone
1881 1 88 220 28 21 drone
1882 1 88 216 28 21 drone
1883 1 87 211 29 21 drone
1884 1 86 206 29 22 drone
1885 1 86 204 29 21 drone
1886 1 86 203 28 21 drone
1887 1 86 201 28 21 drone
1888 1 86 200 27 21 drone
1889 1 85 200 28 21 drone
1890 1 84 200 28 21 drone
1891 1 84 200 27 21 drone
1892 1 83 199 29 21 drone
1893 1 82 200 27 20 drone
1894 1 81 200 28 21 drone
1895 1 81 201 27 20 drone
1896 1 79 201 27 20 drone
1897 1 79 202 27 20 drone
1898 1 78 203 27 20 drone
1899 1 77 203 28 21 drone
1900 1 77 204 28 21 drone
1901 1 75 205 28 21 drone
1902 1 74 205 27 21 drone
1903 1 74 206 27 21 drone
1904 1 74 207 27 21 drone
1905 1 73 208 28 21 drone
1906 1 72 209 27 20 drone
1907 1 72 209 28 21 drone
1908 1 72 211 27 20 drone
1909 1 72 211 27 20 drone
1910 1 71 212 28 21 drone
1911 1 72 213 27 20 drone
1912 1 71 214 29 22 drone
1913 1 70 215 28 21 drone
1914 1 69 215 29 22 drone
1915 1 69 217 27 20 drone
1916 1 69 219 27 20 drone
1917 1 69 220 26 20 drone
1918 1 68 221 27 20 drone
1919 1 68 221 28 21 drone
1920 1 68 223 26 20 drone
1921 1 68 224 27 20 drone
1922 1 67 224 28 21 drone
1923 1 68 226 26 19 drone
1924 1 68 227 27 20 drone
1925 1 69 228 26 19 drone
1926 1 69 229 26 19 drone
1927 1 68 230 26 19 drone
1928 1 68 230 27 21 drone
1929 1 68 232 25 19 drone
1930 1 68 233 26 19 drone
1931 1 67 234 26 19 drone
1932 1 67 235 26 19 drone
1933 1 66 236 26 19 drone
1934 1 66 237 26 19 drone
1935 1 66 238 26 19 drone
1936 1 65 239 26 19 drone
1937 1 65 240 26 19 drone
1938 1 64 241 26 20 drone
1939 1 65 242 26 19 drone
1940 1 70 243 26 19 drone
1941 1 79 244 26 20 drone
1942 1 87 244 27 20 drone
1943 1 96 245 26 20 drone
1944 1 105 245 27 20 drone
1945 1 108 247 26 20 drone
1946 1 109 247 27 20 drone
1947 1 110 249 27 20 drone
1948 1 111 250 27 20 drone
1949 1 113 251 26 20 drone
1950 1 120 252 26 20 drone
1951 1 130 253 26 20 drone
1952 1 139 253 26 20 drone
1953 1 149 254 26 20 drone
1954 1 159 255 27 20 drone
1955 1 170 256 26 20 drone
1956 1 182 257 26 20 drone
1957 1 192 258 26 20 drone
1958 1 204 259 26 20 drone
1959 1 216 259 26 20 drone
1960 1 227 260 26 19 drone
1961 1 239 261 26 20 drone
1962 1 250 263 26 19 drone
1963 1 262 263 26 19 drone
1964 1 273 265 25 19 drone
1965 1 278 265 25 19 drone
1966 1 278 267 25 19 drone
1967 1 280 268 25 19 drone
1968 1 282 270 25 19 drone
1969 1 284 270 25 19 drone
1970 1 286 272 25 19 drone
1971 1 287 273 25 19 drone
1972 1 288 274 25 19 drone
1973 1 290 275 25 18 drone
1974 1 291 276 25 19 drone
1975 1 292 277 26 19 drone
1976 1 293 278 26 19 drone
1977 1 295 279 25 19 drone
1978 1 296 280 25 19 drone
1979 1 298 281 25 19 drone
1980 1 300 283 25 19 drone
1981 1 302 284 26 19 drone
1982 1 304 286 25 19 drone
1983 1 306 286 25 19 drone
1984 1 308 287 25 19 drone
1985 1 309 288 26 19 drone
1986 1 311 289 25 19 drone
1987 1 313 290 26 19 drone
1988 1 316 292 26 20 drone
1989 1 317 293 26 20 drone
1990 1 319 293 26 20 drone
1991 1 322 294 27 20 drone
1992 1 325 296 26 20 drone
1993 1 327 297 26 20 drone
1994 1 329 298 26 19 drone
1995 1 331 299 26 20 drone
1996 1 334 300 26 19 drone
1997 1 337 301 25 19 drone
1998 1 339 302 26 19 drone
1999 1 343 303 25 19 drone
2000 1 346 304 25 19 drone
2001 1 349 305 25 19 drone
2002 1 352 306 25 19 drone
2003 1 355 307 25 19 drone
2004 1 358 308 26 19 drone
2005 1 361 309 25 19 drone
2006 1 364 309 26 19 drone
2007 1 367 310 26 19 drone
2008 1 370 311 25 19 drone
2009 1 372 311 25 19 drone
2010 1 375 312 26 19 drone
2011 1 379 312 25 19 drone
2012 1 382 312 26 19 drone
2013 1 385 313 26 19 drone
2014 1 388 313 25 19 drone
2015 1 391 313 26 19 drone
2016 1 394 313 26 19 drone
2017 1 397 313 26 19 drone
2018 1 399 313 26 19 drone
2019 1 402 313 25 19 drone
2020 1 407 313 28 21 drone
2021 1 410 312 26 19 drone
2022 1 413 312 25 19 drone
2023 1 416 311 25 19 drone
2024 1 419 309 25 19 drone
2025 1 423 307 26 19 drone
2026 1 427 304 27 20 drone
2027 1 431 300 25 19 drone
2028 1 436 292 26 19 drone
2029 1 440 282 25 19 drone
2030 1 443 269 25 19 drone
2031 1 447 253 25 19 drone
2032 1 451 237 25 19 drone
2033 1 455 219 25 19 drone
2034 1 461 203 25 19 drone
2035 1 464 192 25 19 drone
2036 1 469 178 25 19 drone
2037 1 474 167 25 19 drone
2038 1 479 157 25 19 drone
2039 1 484 147 25 19 drone
2040 1 489 138 25 19 drone
2041 1 493 130 25 19 drone
2042 1 499 122 25 19 drone
2043 1 503 115 25 19 drone
2044 1 508 109 25 19 drone
2045 1 514 103 25 19 drone
2046 1 518 96 25 19 drone
2047 1 524 91 25 19 drone
2048 1 529 84 25 19 drone
2049 1 534 78 25 19 drone
2050 1 539 75 25 19 drone
2051 1 543 72 26 20 drone
2052 1 548 70 26 20 drone
2053 1 553 69 25 19 drone
2054 1 558 67 25 19 drone
2055 1 563 66 25 19 drone
2056 1 568 66 26 19 drone
2057 1 574 65 26 20 drone
2058 1 579 64 26 20 drone
2059 1 585 64 25 19 drone
2060 1 590 64 26 20 drone
2061 1 596 64 26 20 drone
2062 1 600 64 26 20 drone
2063 1 604 64 26 20 drone
2064 1 609 64 25 19 drone
2065 1 609 64 26 20 drone
2066 1 605 64 26 20 drone
2067 1 601 65 26 20 drone
2068 1 597 66 26 19 drone
2069 1 593 66 25 19 drone
2070 1 592 66 26 19 drone
2071 1 594 67 25 19 drone
2072 1 595 68 24 19 drone
2073 1 596 68 25 19 drone
2074 1 599 69 24 18 drone
2075 1 597 69 25 19 drone
2076 1 592 70 25 19 drone
2077 1 589 71 24 18 drone
2078 1 584 71 25 19 drone
2079 1 579 72 24 18 drone
2080 1 573 73 25 19 drone
2081 1 567 74 24 18 drone
2082 1 561 75 25 19 drone
2083 1 554 76 25 19 drone
2084 1 547 77 25 19 drone
2085 1 541 78 24 18 drone
2086 1 534 78 25 19 drone
2087 1 527 79 26 20 drone
2088 1 520 80 25 19 drone
2089 1 513 81 25 19 drone
2090 1 505 83 25 19 drone
2091 1 498 84 25 19 drone
2092 1 489 84 26 20 drone
2093 1 483 86 24 18 drone
2094 1 475 87 24 18 drone
2095 1 466 88 26 20 drone
2096 1 459 89 24 18 drone
2097 1 451 91 25 19 drone
2098 1 443 91 26 20 drone
2099 1 435 93 25 19 drone
2100 1 427 94 25 19 drone
2101 1 419 95 24 18 drone
2102 1 411 96 26 19 drone
2103 1 404 98 24 18 drone
2104 1 396 99 24 19 drone
2105 1 390 99 26 19 drone
2106 1 382 101 24 18 drone
2107 1 376 102 25 19 drone
2108 1 371 103 25 19 drone
2109 1 365 104 25 19 drone
2110 1 363 105 24 19 drone
2111 1 366 106 24 18 drone
2112 1 372 107 24 18 drone
2113 1 379 108 24 18 drone
2114 1 386 108 25 19 drone
2115 1 393 109 25 19 drone
2116 1 401 109 25 19 drone
2117 1 409 111 24 19 drone
2118 1 417 111 25 19 drone
2119 1 425 112 24 18 drone
2120 1 433 113 24 18 drone
2121 1 439 113 25 19 drone
2122 1 446 114 24 18 drone
2123 1 452 114 26 19 drone
2124 1 459 116 24 18 drone
2125 1 465 116 25 19 drone
2126 1 470 116 25 19 drone
2127 1 476 118 24 18 drone
2128 1 481 118 25 19 drone
2129 1 487 119 25 19 drone
2130 1 493 120 24 18 drone
2131 1 498 121 24 19 drone
2132 1 503 120 26 20 drone
2133 1 508 122 24 18 drone
2134 1 514 123 24 18 drone
2135 1 519 122 26 20 drone
2136 1 524 124 24 19 drone
2137 1 529 125 23 17 drone
2138 1 533 125 25 19 drone
2139 1 539 126 24 18 drone
2140 1 543 127 24 18 drone
2141 1 548 127 24 18 drone
2142 1 553 128 23 18 drone
2143 1 558 128 25 19 drone
2144 1 563 129 24 18 drone
2145 1 567 130 24 18 drone
2146 1 571 130 24 18 drone
2147 1 576 130 24 18 drone
2148 1 581 131 23 18 drone
2149 1 585 132 24 18 drone
2150 1 587 132 23 18 drone
2151 1 590 133 23 18 drone
2152 1 595 133 24 18 drone
2153 1 599 133 24 18 drone
2154 1 601 133 26 20 drone
2155 1 604 134 23 18 drone
2156 1 606 134 27 21 drone
2157 1 611 135 24 18 drone
2158 1 613 136 24 18 drone
2159 1 616 136 24 18 drone
2160 1 619 137 25 19 drone
2161 1 623 137 23 18 drone
2162 1 625 137 26 20 drone
2163 1 629 138 24 18 drone
2164 1 632 137 24 19 drone
2165 1 637 137 25 19 drone
2166 1 640 137 26 20 drone
2167 1 643 136 26 20 drone
2168 1 647 136 26 20 drone
2169 1 649 136 27 20 drone
2170 1 653 136 27 20 drone
2171 1 656 136 27 20 drone
2172 1 658 137 26 20 drone
2173 1 660 137 26 20 drone
2174 1 663 138 26 20 drone
2175 1 667 139 25 19 drone
2176 1 670 140 25 19 drone
2177 1 673 140 25 19 drone
2178 1 677 141 24 18 drone
2179 1 681 142 27 22 drone
2180 1 685 143 26 22 drone
2181 1 688 143 26 21 drone
2182 1 691 144 24 20 drone
2183 1 695 144 24 19 drone
2184 1 697 144 23 19 drone
2185 0
2186 0
2187 0
2188 1 682 148 28 15 drone
2189 1 676 149 28 15 drone
2190 1 669 150 28 15 drone
2191 1 662 150 28 15 drone
2192 1 656 151 28 15 drone
2193 1 648 152 28 15 drone
2194 1 641 153 29 15 drone
2195 1 634 153 29 16 drone
2196 1 626 154 29 16 drone
2197 1 619 155 29 16 drone
2198 1 611 155 30 16 drone
2199 1 603 156 30 16 drone
2200 1 595 156 29 16 drone
2201 1 588 157 29 16 drone
2202 1 580 157 29 16 drone
2203 1 573 158 29 15 drone
2204 1 564 158 29 15 drone
2205 1 557 159 29 15 drone
2206 1 549 160 28 15 drone
2207 1 542 160 28 15 drone
2208 1 534 161 28 15 drone
2209 1 526 161 28 15 drone
2210 1 518 162 27 15 drone
2211 1 510 162 27 15 drone
2212 1 503 163 27 15 drone
2213 1 495 163 27 15 drone
2214 1 487 164 27 14 drone
2215 1 479 164 27 15 drone
2216 1 471 164 27 15 drone
2217 1 463 165 27 15 drone
2218 1 455 165 27 15 drone
2219 1 448 165 28 15 drone
2220 1 443 165 28 15 drone
2221 1 434 166 28 15 drone
2222 1 427 166 28 15 drone
2223 1 421 166 28 15 drone
2224 1 414 167 28 15 drone
2225 1 408 167 29 15 drone
2226 1 404 167 28 15 drone
2227 1 401 167 29 15 drone
2228 1 406 167 29 15 drone
2229 1 415 166 28 15 drone
2230 1 423 166 29 16 drone
2231 1 430 165 28 15 drone
2232 1 436 165 28 15 drone
2233 1 442 165 28 15 drone
2234 1 447 165 28 15 drone
2235 1 451 165 28 15 drone
2236 1 455 164 28 15 drone
2237 1 459 164 28 15 drone
2238 1 462 164 28 15 drone
2239 1 464 164 28 15 drone
2240 1 468 164 28 15 drone
2241 1 470 164 28 15 drone
2242 1 472 163 28 15 drone
2243 1 475 163 28 15 drone
2244 1 477 163 28 15 drone
2245 1 479 163 28 15 drone
2246 1 481 163 28 15 drone
2247 1 483 163 28 15 drone
2248 1 485 163 28 15 drone
2249 1 488 163 28 15 drone
2250 1 490 162 28 15 drone
2251 1 493 162 28 15 drone
2252 1 495 162 28 15 drone
2253 1 497 162 27 15 drone
2254 1 500 162 28 15 drone
2255 1 498 162 27 15 drone
2256 1 492 162 27 15 drone
2257 1 487 162 28 15 drone
2258 1 482 163 27 15 drone
2259 1 476 163 27 15 drone
2260 1 470 163 27 14 drone
2261 1 463 164 27 15 drone
2262 1 456 164 28 15 drone
2263 1 449 164 28 15 drone
2264 1 441 164 28 15 drone
2265 1 434 165 28 15 drone
2266 1 427 165 28 15 drone
2267 1 419 166 27 15 drone
2268 1 411 166 28 15 drone
2269 1 403 166 28 15 drone
2270 1 395 167 27 15 drone
2271 1 388 167 27 15 drone
2272 1 380 168 27 15 drone
2273 1 372 168 28 15 drone
2274 1 364 169 28 15 drone
2275 1 356 169 28 15 drone
2276 1 348 170 28 15 drone
2277 1 340 170 28 15 drone
2278 1 333 171 28 15 drone
2279 1 325 171 28 15 drone
2280 1 317 172 28 15 drone
2281 1 310 172 28 15 drone
2282 1 304 173 29 15 drone
2283 1 296 173 28 15 drone
2284 1 290 174 28 15 drone
2285 1 284 174 28 15 drone
2286 1 278 175 28 15 drone
2287 1 274 175 29 15 drone
2288 1 274 176 28 15 drone
2289 1 277 176 29 15 drone
2290 1 282 176 29 16 drone
2291 1 287 177 29 15 drone
2292 1 292 177 29 16 drone
2293 1 297 177 29 16 drone
2294 1 302 178 29 16 drone
2295 1 306 179 29 16 drone
2296 1 310 179 29 16 drone
2297 1 313 180 29 16 drone
2298 1 316 181 29 16 drone
2299 1 319 181 30 16 drone
2300 1 322 182 29 16 drone
2301 1 324 183 29 16 drone
2302 1 326 184 30 16 drone
2303 1 329 185 29 16 drone
2304 1 331 186 30 16 drone
2305 1 334 187 30 16 drone
2306 1 336 188 30 16 drone
2307 1 338 189 30 16 drone
2308 1 340 190 30 16 drone
2309 1 341 191 30 16 drone
2310 1 343 192 30 16 drone
2311 1 345 193 30 16 drone
2312 1 346 194 30 16 drone
2313 1 348 195 30 16 drone
2314 1 350 196 30 16 drone
2315 1 351 197 30 16 drone
2316 1 353 199 30 16 drone
2317 1 354 200 30 16 drone
2318 1 356 201 30 16 drone
2319 1 357 203 30 16 drone
2320 1 359 204 29 16 drone
2321 1 360 205 29 16 drone
2322 1 361 206 29 16 drone
2323 1 362 208 29 15 drone
2324 1 364 209 28 15 drone
2325 1 365 210 28 15 drone
2326 1 367 211 29 15 drone
2327 1 368 213 28 15 drone
2328 1 370 214 28 15 drone
2329 1 371 216 28 15 drone
2330 1 372 217 28 15 drone
2331 1 374 219 28 15 drone
2332 1 375 220 28 15 drone
2333 1 377 221 28 15 drone
2334 1 378 222 28 15 drone
2335 1 379 224 28 15 drone
2336 1 380 225 28 15 drone
2337 1 381 226 28 15 drone
2338 1 382 227 28 15 drone
2339 1 383 229 28 15 drone
2340 1 385 230 28 15 drone
2341 1 386 231 28 15 drone
2342 1 387 233 28 15 drone
2343 1 387 234 28 15 drone
2344 1 388 235 28 15 drone
2345 1 388 236 28 15 drone
2346 1 389 238 28 15 drone
2347 1 390 239 27 15 drone
2348 1 390 240 27 15 drone
2349 1 391 241 28 15 drone
2350 1 392 242 28 15 drone
2351 1 392 243 28 15 drone
2352 1 393 244 28 15 drone
2353 1 394 245 28 15 drone
2354 1 394 246 28 15 drone
2355 1 395 247 28 15 drone
2356 1 396 248 28 15 drone
2357 1 397 249 28 15 drone
2358 1 398 249 28 15 drone
2359 1 399 250 28 15 drone
2360 1 400 251 28 15 drone
2361 1 401 251 28 15 drone
2362 1 401 252 28 15 drone
2363 1 403 253 28 15 drone
2364 1 404 254 28 15 drone
2365 1 405 254 28 15 drone
2366 1 405 255 28 15 drone
2367 1 406 255 28 15 drone
2368 1 408 256 28 15 drone
2369 1 409 256 28 15 drone
2370 1 410 257 27 15 drone
2371 1 410 257 28 15 drone
2372 1 410 258 28 15 drone
2373 1 411 258 28 15 drone
2374 1 412 258 27 15 drone
2375 1 413 258 28 15 drone
2376 1 413 258 28 15 drone
2377 1 413 258 28 15 drone
2378 1 414 258 28 15 drone
2379 1 414 258 28 15 drone
2380 1 415 258 28 15 drone
2381 1 416 259 28 15 drone
2382 1 416 259 28 15 drone
2383 1 417 259 28 15 drone
2384 1 417 259 28 15 drone
2385 1 418 259 28 15 drone
2386 1 419 259 28 15 drone
2387 1 420 258 28 15 drone
2388 1 421 258 28 15 drone
2389 1 421 258 27 15 drone
2390 1 422 258 28 15 drone
2391 1 424 258 27 15 drone
2392 1 425 258 27 15 drone
2393 1 425 258 27 14 drone
2394 1 425 258 27 15 drone
2395 1 426 257 27 14 drone
2396 1 427 257 27 14 drone
2397 1 428 257 26 14 drone
2398 1 428 257 27 14 drone
2399 1 429 257 26 14 drone
2400 1 430 256 26 14 drone
2401 1 431 256 26 14 drone
2402 1 432 256 26 14 drone
2403 1 433 256 26 14 drone
2404 1 434 256 26 14 drone
2405 1 435 256 26 14 drone
2406 1 436 255 26 14 drone
2407 1 437 255 26 14 drone
2408 1 437 255 26 14 drone
2409 1 439 255 26 14 drone
2410 1 440 255 26 14 drone
2411 1 441 255 26 14 drone
2412 1 442 255 26 14 drone
2413 1 442 254 26 14 drone
2414 1 443 254 26 14 drone
2415 1 443 254 26 14 drone
2416 1 444 254 25 14 drone
2417 1 444 254 25 14 drone
2418 1 445 254 25 13 drone
2419 1 446 254 25 13 drone
2420 1 442 254 25 13 drone
2421 1 436 254 25 13 drone
2422 1 431 254 25 14 drone
2423 1 425 255 25 13 drone
2424 1 418 255 25 14 drone
2425 1 411 255 25 14 drone
2426 1 405 255 25 13 drone
2427 1 398 256 24 13 drone
2428 1 390 256 25 13 drone
2429 1 383 257 25 13 drone
2430 1 376 257 25 13 drone
2431 1 368 258 24 13 drone
2432 1 361 258 24 13 drone
2433 1 353 259 25 13 drone
2434 1 345 259 25 13 drone
2435 1 337 259 25 13 drone
2436 1 329 260 25 13 drone
2437 1 322 260 25 13 drone
2438 1 314 260 25 13 drone
2439 1 306 260 24 13 drone
2440 1 298 260 25 13 drone
2441 1 290 260 25 13 drone
2442 1 283 261 24 13 drone
2443 1 275 260 25 13 drone
2444 1 268 260 25 13 drone
2445 1 262 261 25 13 drone
2446 1 254 261 25 13 drone
2447 1 248 261 24 13 drone
2448 1 242 262 25 13 drone
2449 1 237 261 25 13 drone
2450 1 233 261 25 13 drone
2451 1 232 260 24 13 drone
2452 1 236 259 24 13 drone
2453 1 240 259 24 13 drone
2454 1 244 258 24 13 drone
2455 1 247 256 25 13 drone
2456 1 251 254 25 13 drone
2457 1 254 251 24 13 drone
2458 1 257 247 23 13 drone
2459 1 259 240 24 13 drone
2460 1 261 231 24 13 drone
2461 1 262 216 24 13 drone
2462 1 264 198 25 15 drone
2463 1 264 178 26 16 drone
2464 1 263 158 25 18 drone
2465 1 263 138 30 18 drone
2466 1 264 122 30 18 drone
2467 1 265 107 30 18 drone
2468 1 265 95 30 18 drone
2469 1 266 83 30 18 drone
2470 1 267 73 30 18 drone
2471 1 266 66 32 15 drone
2472 1 267 57 32 15 drone
2473 1 269 49 32 15 drone
2474 1 270 41 32 15 drone
2475 1 271 34 32 15 drone
2476 1 272 28 32 15 drone
2477 1 274 21 32 15 drone
2478 1 275 14 32 15 drone
2479 1 276 7 32 15 drone
2480 1 276 7 32 15 drone
2481 1 278 0 31 15 drone
2482 1 278 0 31 15 drone
2483 1 279 -6 36 17 drone
2484 1 279 -6 36 17 drone
2485 1 283 -7 32 15 drone
2486 0
2487 0
2488 0
2489 0
2490 0
2491 0
2492 0
2493 0
2494 0
2495 0
2496 0
2497 0
2498 0
2499 0
2500 0
2501 1 295 0 34 10 drone
2502 1 295 0 34 10 drone
2503 1 296 2 34 10 drone
2504 1 296 2 34 10 drone
2505 1 298 2 34 10 drone
2506 1 298 2 34 10 drone
2507 1 303 -1 31 14 drone
2508 1 303 -1 31 14 drone
2509 1 305 1 31 13 drone
2510 1 305 1 31 13 drone
2511 1 306 2 31 13 drone
2512 1 306 2 31 13 drone
2513 1 308 3 31 13 drone
2514 1 308 3 31 13 drone
2515 1 310 5 31 13 drone
2516 1 310 5 31 13 drone
2517 1 311 6 31 13 drone
2518 1 311 6 31 13 drone
2519 1 313 7 31 13 drone
2520 1 313 7 31 13 drone
2521 1 314 8 31 13 drone
2522 1 314 8 31 13 drone
2523 1 316 9 31 13 drone
2524 1 316 9 31 13 drone
2525 1 317 10 31 13 drone
2526 1 317 10 31 13 drone
2527 1 318 11 32 13 drone
2528 1 319 12 32 13 drone
2529 1 320 13 30 13 drone
2530 1 321 13 30 13 drone
2531 1 321 13 32 13 drone
2532 1 321 13 33 14 drone
2533 1 322 14 32 13 drone
2534 1 323 14 32 13 drone
2535 1 325 15 31 13 drone
2536 1 326 16 30 13 drone
2537 1 326 16 31 13 drone
2538 1 327 16 31 13 drone
2539 1 328 16 31 13 drone
2540 1 330 17 30 13 drone
2541 1 330 17 31 13 drone
2542 1 331 17 31 13 drone
2543 1 332 18 31 13 drone
2544 1 332 18 31 13 drone
2545 1 333 19 31 13 drone
2546 1 334 19 31 13 drone
2547 1 335 20 31 13 drone
2548 1 335 19 32 13 drone
2549 1 337 20 31 13 drone
2550 1 337 19 33 14 drone
2551 1 339 20 31 13 drone
2552 1 340 20 31 13 drone
2553 1 342 21 31 13 drone
2554 1 344 21 31 13 drone
2555 1 345 22 31 13 drone
2556 1 345 21 31 13 drone
2557 1 347 22 31 13 drone
2558 1 348 22 31 13 drone
2559 1 349 22 31 13 drone
2560 1 351 23 31 13 drone
2561 1 352 23 31 13 drone
2562 1 353 23 31 13 drone
2563 1 355 23 31 13 drone
2564 1 355 23 31 13 drone
2565 1 357 23 31 13 drone
2566 1 358 24 31 13 drone
2567 1 360 24 31 13 drone
2568 1 360 24 31 13 drone
2569 1 361 24 31 13 drone
2570 1 363 24 31 13 drone
2571 1 364 25 31 13 drone
2572 1 366 25 31 13 drone
2573 1 367 25 31 13 drone
2574 1 369 25 31 13 drone
2575 1 370 24 31 13 drone
2576 1 372 25 31 13 drone
2577 1 373 25 31 13 drone
2578 1 374 26 31 13 drone
2579 1 376 26 31 13 drone
2580 1 378 26 31 13 drone
2581 1 379 26 31 13 drone
2582 1 381 26 30 13 drone
2583 1 382 26 31 13 drone
2584 1 383 26 31 13 drone
2585 1 385 26 31 13 drone
2586 1 386 26 31 13 drone
2587 1 388 27 31 13 drone
2588 1 388 26 32 13 drone
2589 1 391 26 32 13 drone
2590 1 393 27 32 13 drone
2591 1 394 27 32 13 drone
2592 1 396 27 32 13 drone
2593 1 397 27 31 13 drone
2594 1 399 27 32 13 drone
2595 1 401 28 32 13 drone
2596 1 403 28 31 13 drone
2597 1 405 28 32 13 drone
2598 1 407 28 32 13 drone
2599 1 409 28 31 13 drone
2600 1 410 29 31 13 drone
2601 1 413 29 32 13 drone
2602 1 415 29 32 13 drone
2603 1 417 29 32 13 drone
2604 1 419 29 31 13 drone
2605 1 421 30 31 13 drone
2606 1 423 31 31 13 drone
2607 1 425 31 31 13 drone
2608 1 428 31 31 13 drone
2609 1 430 32 31 13 drone
2610 1 433 32 31 13 drone
2611 1 436 32 31 13 drone
2612 1 439 33 31 13 drone
2613 1 442 33 31 13 drone
2614 1 444 34 30 13 drone
2615 1 440 34 31 13 drone
2616 1 435 35 31 13 drone
2617 1 431 36 30 13 drone
2618 1 425 37 31 13 drone
2619 1 419 37 31 13 drone
2620 1 413 38 31 13 drone
2621 1 407 39 32 13 drone
2622 1 400 40 31 13 drone
2623 1 393 41 31 13 drone
2624 1 387 41 31 13 drone
2625 1 379 43 31 13 drone
2626 1 372 43 31 13 drone
2627 1 364 44 31 13 drone
2628 1 357 45 31 13 drone
2629 1 349 46 31 13 drone
2630 1 341 47 31 13 drone
2631 1 334 48 31 13 drone
2632 1 326 49 31 13 drone
2633 1 318 50 31 13 drone
2634 1 311 51 31 13 drone
2635 1 303 52 31 13 drone
2636 1 295 53 32 13 drone
2637 1 288 54 32 13 drone
2638 1 280 55 31 13 drone
2639 1 273 56 31 13 drone
2640 1 265 57 31 13 drone
2641 1 257 58 31 13 drone
2642 1 250 59 30 13 drone
2643 1 242 59 32 13 drone
2644 1 234 60 32 13 drone
2645 1 227 61 31 13 drone
2646 1 218 62 31 13 drone
2647 1 212 63 32 13 drone
2648 1 203 64 31 13 drone
2649 1 196 66 32 13 drone
2650 1 191 67 31 13 drone
2651 1 183 68 30 13 drone
2652 1 177 69 32 13 drone
2653 1 171 70 32 13 drone
2654 1 164 71 31 13 drone
2655 1 159 72 31 13 drone
2656 1 155 73 33 14 drone
2657 1 154 74 33 14 drone
2658 1 158 75 32 14 drone
2659 1 167 76 31 13 drone
2660 1 175 77 32 13 drone
2661 1 183 79 30 13 drone
2662 1 190 79 32 13 drone
2663 1 196 80 32 13 drone
2664 1 203 81 32 14 drone
2665 1 208 83 32 13 drone
2666 1 214 85 29 12 drone
2667 1 218 86 32 13 drone
2668 1 223 88 32 13 drone
2669 1 226 91 33 14 drone
2670 1 231 94 31 13 drone
2671 1 235 98 32 13 drone
2672 1 239 104 29 12 drone
2673 1 243 111 31 13 drone
2674 1 248 122 29 12 drone
2675 1 256 135 28 15 drone
2676 1 258 151 28 15 drone
2677 1 262 168 28 15 drone
2678 1 267 182 28 15 drone
2679 1 270 195 28 15 drone
2680 1 274 206 28 15 drone
2681 1 280 218 28 15 drone
2682 1 284 228 28 15 drone
2683 1 289 238 28 15 drone
2684 1 294 247 28 15 drone
2685 1 298 255 28 15 drone
2686 1 303 263 28 15 drone
2687 1 308 271 28 15 drone
2688 1 313 278 28 15 drone
2689 1 317 286 28 15 drone
2690 1 322 293 28 15 drone
2691 1 328 301 26 14 drone
2692 1 332 308 28 15 drone
2693 1 336 315 28 15 drone
2694 1 341 322 27 15 drone
2695 1 345 330 27 15 drone
2696 1 349 337 28 15 drone
2697 1 353 344 29 15 drone
2698 1 358 352 28 15 drone
2699 1 363 359 28 15 drone
2700 1 361 364 29 16 drone
2701 1 357 368 29 16 drone
2702 1 354 372 28 15 drone
2703 1 349 375 27 14 drone
2704 1 344 378 29 16 drone
2705 1 338 380 28 15 drone
2706 1 333 382 29 16 drone
2707 1 333 384 29 15 drone
2708 1 333 385 28 15 drone
2709 1 333 387 29 15 drone
2710 1 334 389 29 15 drone
2711 1 337 390 28 15 drone
2712 1 341 391 29 15 drone
2713 1 345 392 26 14 drone
2714 1 348 393 28 15 drone
2715 1 353 394 28 15 drone
2716 1 358 395 29 15 drone
2717 1 363 396 28 15 drone
2718 1 369 397 28 15 drone
2719 1 374 397 28 15 drone
2720 1 380 397 28 15 drone
2721 1 386 397 28 15 drone
2722 1 392 398 28 15 drone
2723 1 398 398 28 15 drone
2724 1 404 398 28 15 drone
2725 1 411 398 28 15 drone
2726 1 418 398 28 15 drone
2727 1 425 398 27 15 drone
2728 1 431 399 27 15 drone
2729 1 437 399 28 15 drone
2730 1 443 399 27 15 drone
2731 1 449 400 28 15 drone
2732 1 454 400 27 15 drone
2733 1 460 400 27 15 drone
2734 1 466 400 27 15 drone
2735 1 473 401 27 15 drone
2736 1 480 401 27 15 drone
2737 1 485 401 28 15 drone
2738 1 491 401 28 15 drone
2739 1 497 402 28 15 drone
2740 1 504 402 28 15 drone
2741 1 510 402 28 15 drone
2742 1 516 403 28 15 drone
2743 1 522 403 28 15 drone
2744 1 527 403 28 15 drone
2745 1 525 403 28 15 drone
2746 1 521 403 28 15 drone
2747 1 518 404 28 15 drone
2748 1 514 405 28 15 drone
2749 1 509 405 28 15 drone
2750 1 504 405 28 15 drone
2751 1 498 406 28 15 drone
2752 1 492 407 28 15 drone
2753 1 485 407 28 15 drone
2754 1 479 408 28 15 drone
2755 1 472 408 28 15 drone
2756 1 466 409 28 15 drone
2757 1 464 410 28 15 drone
2758 1 462 410 28 15 drone
2759 1 460 411 28 15 drone
2760 1 455 411 28 15 drone
2761 1 449 412 28 15 drone
2762 1 445 413 28 15 drone
2763 1 439 414 28 15 drone
2764 1 433 415 28 15 drone
2765 1 427 416 28 15 drone
2766 1 421 416 28 15 drone
2767 1 414 417 27 15 drone
2768 1 408 418 28 15 drone
2769 1 401 419 28 15 drone
2770 1 394 420 28 15 drone
2771 1 387 421 28 15 drone
2772 1 381 421 28 15 drone
2773 1 373 422 28 15 drone
2774 1 367 422 28 15 drone
2775 1 364 423 28 15 drone
2776 1 361 424 28 15 drone
2777 1 359 424 28 15 drone
2778 1 360 424 28 15 drone
2779 1 362 424 28 15 drone
2780 1 366 424 28 15 drone
2781 1 370 424 28 15 drone
2782 1 376 424 28 15 drone
2783 1 382 424 28 15 drone
2784 1 388 424 27 15 drone
2785 1 395 424 27 15 drone
2786 1 403 424 27 14 drone
2787 1 410 424 27 14 drone
2788 1 417 424 27 14 drone
2789 1 424 424 26 14 drone
2790 1 432 424 27 14 drone
2791 1 439 424 26 14 drone
2792 1 445 424 26 14 drone
2793 1 452 423 26 14 drone
2794 1 459 423 26 14 drone
2795 1 465 423 27 14 drone
2796 1 472 422 26 14 drone
2797 1 478 422 26 14 drone
2798 1 485 421 26 14 drone
2799 1 490 420 27 14 drone
2800 1 496 419 27 14 drone
2801 1 502 417 26 14 drone
2802 1 509 414 26 14 drone
2803 1 516 412 26 14 drone
2804 1 521 407 26 14 drone
2805 1 520 401 26 14 drone
2806 1 516 393 26 14 drone
2807 1 513 382 26 14 drone
2808 1 509 370 26 14 drone
2809 1 502 356 26 14 drone
2810 1 498 342 30 16 drone
2811 1 493 330 30 16 drone
2812 1 487 319 30 16 drone
2813 1 481 309 30 16 drone
2814 1 475 300 30 16 drone
2815 1 469 291 29 16 drone
2816 1 462 284 30 16 drone
2817 1 456 277 30 16 drone
2818 1 450 270 29 16 drone
2819 1 443 263 29 16 drone
2820 1 436 258 30 16 drone
2821 1 429 252 30 16 drone
2822 1 422 247 30 16 drone
2823 1 415 242 30 16 drone
2824 1 408 237 29 16 drone
2825 1 402 230 29 15 drone
2826 1 395 225 29 15 drone
2827 1 387 220 29 15 drone
2828 1 380 214 29 16 drone
2829 1 373 209 29 15 drone
2830 1 366 205 29 16 drone
2831 1 359 203 29 16 drone
2832 1 352 201 29 16 drone
2833 1 345 199 29 15 drone
2834 1 338 198 30 16 drone
2835 1 331 197 29 16 drone
2836 1 326 195 28 15 drone
2837 1 319 195 28 15 drone
2838 1 311 194 28 15 drone
2839 1 305 194 27 15 drone
2840 1 299 194 27 14 drone
2841 1 292 194 27 14 drone
2842 1 285 195 27 14 drone
2843 1 278 195 27 14 drone
2844 1 270 195 28 15 drone
2845 1 263 196 27 15 drone
2846 1 257 196 26 14 drone
2847 1 250 197 27 14 drone
2848 1 242 198 27 15 drone
2849 1 236 198 26 21 drone
2850 1 229 199 26 21 drone
2851 1 222 199 26 21 drone
2852 1 215 201 26 21 drone
2853 1 208 202 26 21 drone
2854 1 201 203 25 21 drone
2855 1 193 204 26 21 drone
2856 1 187 205 25 20 drone
2857 1 183 206 25 20 drone
2858 1 175 207 25 20 drone
2859 1 168 208 25 20 drone
2860 1 164 209 24 20 drone
2861 1 157 210 24 19 drone
2862 1 152 211 24 19 drone
2863 1 148 212 23 19 drone
2864 1 146 213 23 19 drone
2865 1 148 214 23 18 drone
2866 1 157 215 23 18 drone
2867 1 168 217 27 22 drone
2868 1 176 217 28 22 drone
2869 1 191 217 28 22 drone
2870 1 201 217 28 22 drone
2871 1 211 218 28 22 drone
2872 1 218 219 28 22 drone
2873 1 225 220 27 22 drone
2874 1 231 221 27 22 drone
2875 1 237 222 27 21 drone
2876 1 243 222 27 21 drone
2877 1 249 223 27 21 drone
2878 1 253 224 27 21 drone
2879 1 259 225 27 21 drone
2880 1 263 226 26 21 drone
2881 1 267 227 26 20 drone
2882 1 271 227 26 20 drone
2883 1 275 227 27 21 drone
2884 1 280 228 25 20 drone
2885 1 285 229 25 20 drone
2886 1 289 229 26 20 drone
2887 1 293 230 25 20 drone
2888 1 297 230 25 19 drone
2889 1 301 231 25 20 drone
2890 1 300 231 25 20 drone
2891 1 295 232 24 19 drone
2892 1 290 233 24 19 drone
2893 1 286 234 25 20 drone
2894 1 281 235 24 19 drone
2895 1 274 235 24 19 drone
2896 1 269 236 23 18 drone
2897 1 262 235 25 19 drone
2898 1 256 236 24 19 drone
2899 1 250 237 24 19 drone
2900 1 249 237 24 19 drone
2901 1 248 237 24 19 drone
2902 1 247 236 24 19 drone
2903 1 248 236 24 18 drone
2904 1 250 236 25 19 drone
2905 1 253 237 23 18 drone
2906 1 256 237 24 18 drone
2907 1 259 237 22 18 drone
2908 1 263 238 21 17 drone
2909 1 267 237 22 17 drone
2910 1 272 237 22 17 drone
2911 1 276 237 21 17 drone
2912 1 280 237 21 17 drone
2913 1 284 237 21 16 drone
2914 1 289 236 21 17 drone
2915 1 292 235 22 18 drone
2916 1 295 235 21 17 drone
2917 1 299 235 21 16 drone
2918 1 303 234 22 17 drone
2919 1 308 234 21 17 drone
2920 1 312 234 20 16 drone
2921 1 315 234 19 15 drone
2922 1 318 233 20 16 drone
2923 1 322 233 20 16 drone
2924 1 326 232 20 15 drone
2925 1 331 233 18 14 drone
2926 1 335 232 18 14 drone
2927 1 339 231 18 14 drone
2928 1 343 231 18 14 drone
2929 1 347 230 18 14 drone
2930 1 351 229 18 14 drone
2931 1 355 228 17 14 drone
2932 1 360 227 17 14 drone
2933 1 364 227 17 13 drone
2934 1 368 225 17 13 drone
2935 1 372 224 17 13 drone
2936 1 377 224 16 13 drone
2937 1 381 222 17 13 drone
2938 1 385 221 17 13 drone
2939 1 391 220 16 13 drone
2940 1 396 219 17 13 drone
2941 1 400 217 17 13 drone
2942 1 404 216 17 13 drone
2943 1 409 215 17 13 drone
2944 1 414 214 16 13 drone
2945 1 418 212 17 13 drone
2946 1 423 211 17 13 drone
2947 1 428 208 17 13 drone
2948 1 434 207 16 13 drone
2949 1 439 206 16 12 drone
2950 1 444 204 16 12 drone
2951 1 449 203 16 12 drone
2952 1 454 201 15 12 drone
2953 1 460 199 19 17 drone
2954 1 466 197 19 17 drone
2955 1 471 195 19 17 drone
2956 1 476 194 19 17 drone
2957 1 482 192 19 17 drone
2958 1 487 190 19 17 drone
2959 1 492 188 19 17 drone
2960 1 492 186 19 17 drone
2961 1 490 184 19 17 drone
2962 1 489 183 19 17 drone
2963 1 487 181 19 17 drone
2964 1 485 179 18 16 drone
2965 1 482 178 19 17 drone
2966 1 480 176 19 17 drone
2967 1 477 174 19 17 drone
2968 1 475 172 18 16 drone
2969 1 472 170 19 17 drone
2970 1 469 169 18 16 drone
2971 1 466 168 18 16 drone
2972 1 462 166 19 17 drone
2973 1 460 164 19 17 drone
2974 1 456 162 19 17 drone
2975 1 453 160 20 18 drone
2976 1 450 158 20 18 drone
2977 1 447 157 21 19 drone
2978 1 445 155 20 18 drone
2979 1 442 154 20 18 drone
2980 1 438 151 20 18 drone
2981 1 436 150 21 19 drone
2982 1 433 147 22 20 drone
2983 1 430 146 21 19 drone
2984 1 428 144 22 19 drone
2985 1 425 142 22 20 drone
2986 1 422 140 22 20 drone
2987 1 420 138 21 19 drone
2988 1 417 136 22 20 drone
2989 1 415 135 22 20 drone
2990 1 413 133 21 19 drone
2991 1 410 132 22 19 drone
2992 1 408 130 22 20 drone
2993 1 406 129 22 20 drone
2994 1 404 127 21 19 drone
2995 1 404 125 21 19 drone
2996 1 401 123 22 20 drone
2997 1 400 122 21 19 drone
2998 1 400 120 22 19 drone
2999 1 399 118 21 19 drone
3000 1 390 116 31 15 drone
