0 1 847 305 14 10 drone
1 1 835 290 13 10 drone
2 1 821 276 13 10 drone
3 1 806 264 21 10 drone
4 1 795 249 22 10 drone
5 1 784 232 21 10 drone
6 1 781 227 24 12 drone
7 1 791 235 24 12 drone
8 1 796 243 24 12 drone
9 1 804 255 23 11 drone
10 1 807 263 24 12 drone
11 1 814 275 24 12 drone
12 1 810 286 23 11 drone
13 1 814 299 24 12 drone
14 1 815 308 24 12 drone
15 1 814 314 25 13 drone
16 1 813 319 25 13 drone
17 1 809 320 25 13 drone
18 1 797 321 25 13 drone
19 1 784 319 25 13 drone
20 1 763 312 25 13 drone
21 1 739 305 25 13 drone
22 1 715 299 25 13 drone
23 1 683 291 39 13 drone
24 1 653 283 47 15 drone
25 1 616 274 54 22 drone
26 1 586 276 57 23 drone
27 1 546 277 57 23 drone
28 1 492 273 89 29 drone
29 1 471 277 89 29 drone
30 1 459 292 93 30 drone
31 1 481 301 118 41 drone
32 1 553 332 118 41 drone
33 1 605 356 147 54 drone
34 1 691 401 147 54 drone
35 1 759 456 147 54 drone
36 1 783 489 170 57 drone
37 1 813 538 170 57 drone
38 1 855 570 170 57 drone
39 1 907 601 178 60 drone
40 1 946 612 178 60 drone
41 1 983 607 187 63 drone
42 1 1011 601 178 60 drone
43 1 1020 597 170 57 drone
44 1 1023 596 170 57 drone
45 1 1010 605 170 57 drone
46 1 986 615 170 57 drone
47 1 959 625 170 57 drone
48 1 924 631 162 54 drone
49 1 887 634 162 54 drone
50 1 862 637 162 54 drone
51 1 834 641 183 73 drone
52 1 812 642 174 70 drone
53 1 788 641 174 70 drone
54 1 776 635 174 70 drone
55 1 759 620 183 73 drone
56 1 750 594 183 73 drone
57 1 748 574 183 73 drone
58 1 757 559 173 89 drone
59 1 752 532 173 89 drone
60 1 749 505 173 89 drone
61 1 744 484 182 93 drone
62 1 733 478 182 93 drone
63 1 722 455 182 93 drone
64 1 725 446 182 93 drone
65 1 736 436 182 93 drone
66 1 742 407 191 98 drone
67 1 752 390 191 98 drone
68 1 756 372 191 98 drone
69 1 753 357 191 98 drone
70 1 747 347 162 115 drone
71 1 754 334 162 115 drone
72 1 751 327 162 115 drone
73 1 749 321 162 115 drone
74 1 757 321 149 130 drone
75 1 774 316 149 130 drone
76 1 782 312 149 130 drone
77 1 774 313 149 130 drone
78 1 733 314 149 130 drone
79 1 748 307 149 130 drone
80 1 707 314 149 130 drone
81 1 743 308 149 130 drone
82 1 752 309 149 130 drone
83 1 754 321 149 130 drone
84 1 728 334 148 125 drone
85 1 727 341 148 125 drone
86 1 671 363 148 125 drone
87 1 661 368 148 125 drone
88 1 607 377 148 115 drone
89 1 614 382 148 115 drone
90 1 594 380 148 115 drone
91 1 636 375 148 115 drone
92 1 662 378 148 115 drone
93 1 659 386 146 102 drone
94 1 689 388 146 102 drone
95 1 673 402 142 94 drone
96 1 690 406 142 94 drone
97 1 688 409 142 94 drone
98 1 661 413 149 99 drone
99 1 683 411 149 99 drone
100 1 691 413 142 94 drone
101 1 669 418 142 94 drone
102 1 653 415 142 94 drone
103 1 642 412 143 95 drone
104 1 624 407 144 95 drone
105 1 605 403 144 96 drone
106 1 596 397 144 96 drone
107 1 595 391 144 96 drone
108 1 603 385 144 96 drone
109 1 627 379 144 95 drone
110 1 642 373 144 95 drone
111 1 654 367 144 95 drone
112 1 657 364 144 95 drone
113 1 658 363 144 95 drone
114 1 661 365 144 95 drone
115 1 670 368 144 95 drone
116 1 690 370 144 95 drone
117 1 709 375 144 95 drone
118 1 734 380 144 95 drone
119 1 754 386 144 95 drone
120 1 763 388 144 96 drone
121 1 767 389 144 96 drone
122 1 771 392 144 96 drone
123 1 779 396 145 96 drone
124 1 782 401 145 96 drone
125 1 786 409 144 96 drone
126 1 797 416 144 96 drone
127 1 804 421 145 96 drone
128 1 811 428 145 96 drone
129 1 818 433 146 96 drone
130 1 823 437 146 97 drone
131 1 822 441 146 96 drone
132 1 818 443 146 96 drone
133 1 804 447 146 97 drone
134 1 792 449 146 96 drone
135 1 771 453 145 96 drone
136 1 752 453 145 96 drone
137 1 728 429 150 132 drone
138 1 695 427 150 132 drone
139 1 649 424 150 132 drone
140 1 622 421 151 132 drone
141 1 624 418 151 132 drone
142 1 663 401 150 132 drone
143 1 711 391 150 132 drone
144 1 779 376 150 132 drone
145 1 806 361 150 132 drone
146 1 798 347 149 131 drone
147 1 783 337 149 131 drone
148 1 764 329 149 131 drone
149 1 757 319 149 131 drone
150 1 758 312 148 131 drone
151 1 765 307 149 131 drone
152 1 775 304 148 131 drone
153 1 789 307 149 131 drone
154 1 814 320 149 131 drone
155 1 839 331 149 131 drone
156 1 863 352 149 131 drone
157 1 886 368 148 130 drone
158 1 896 395 148 130 drone
159 1 908 411 147 129 drone
160 1 920 433 147 129 drone
161 1 922 454 147 129 drone
162 1 912 468 146 129 drone
163 1 882 484 145 128 drone
164 1 847 495 145 128 drone
165 1 796 501 146 128 drone
166 1 762 509 146 129 drone
167 1 726 516 146 129 drone
168 1 708 527 146 129 drone
169 1 694 536 146 128 drone
170 1 674 545 146 129 drone
171 1 657 553 145 128 drone
172 1 612 563 145 127 drone
173 1 578 573 145 128 drone
174 1 549 580 146 128 drone
175 1 549 590 146 128 drone
176 1 551 594 145 128 drone
177 1 530 603 144 127 drone
178 1 508 601 136 135 drone
179 1 454 610 136 135 drone
180 1 424 615 137 136 drone
181 1 386 618 138 137 drone
182 1 401 605 138 137 drone
183 1 424 598 137 136 drone
184 1 461 586 137 136 drone
185 1 482 577 137 136 drone
186 1 492 564 137 136 drone
187 1 488 554 137 136 drone
188 1 465 541 137 136 drone
189 1 426 528 137 136 drone
190 1 392 521 138 137 drone
191 1 376 512 138 137 drone
192 1 388 503 137 136 drone
193 1 419 495 137 136 drone
194 1 443 488 136 135 drone
195 1 454 478 136 135 drone
196 1 438 469 135 134 drone
197 1 429 463 135 134 drone
198 1 417 457 135 134 drone
199 1 427 447 119 139 drone
200 1 433 441 119 139 drone
201 1 434 437 119 139 drone
202 1 433 433 119 139 drone
203 1 438 431 119 139 drone
204 1 451 428 119 139 drone
205 1 458 420 119 139 drone
206 1 468 414 118 138 drone
207 1 500 416 118 138 drone
208 1 522 419 118 138 drone
209 1 549 420 118 138 drone
210 1 576 422 118 138 drone
211 1 593 423 118 138 drone
212 1 612 425 118 138 drone
213 1 628 425 118 138 drone
214 1 655 429 118 138 drone
215 1 681 432 118 137 drone
216 1 714 436 118 138 drone
217 1 746 440 118 137 drone
218 1 766 445 117 137 drone
219 1 795 449 117 136 drone
220 1 807 450 117 136 drone
221 1 802 454 116 136 drone
222 1 786 456 116 135 drone
223 1 757 460 116 135 drone
224 1 727 464 116 135 drone
225 1 714 467 116 135 drone
226 1 708 470 116 135 drone
227 1 716 475 116 135 drone
228 1 719 477 116 135 drone
229 1 720 484 115 134 drone
230 1 716 489 115 135 drone
231 1 714 493 116 136 drone
232 1 727 501 116 136 drone
233 1 754 510 116 135 drone
234 1 787 515 116 135 drone
235 1 844 525 114 133 drone
236 1 886 534 112 131 drone
237 1 938 540 113 132 drone
238 1 1000 547 113 132 drone
239 1 1041 556 113 132 drone
240 1 1090 563 112 131 drone
241 1 1105 571 112 131 drone
242 1 1133 579 112 130 drone
243 1 1098 592 111 129 drone
244 1 1027 593 120 140 drone
245 1 979 608 118 138 drone
246 1 927 619 119 139 drone
247 1 779 628 119 139 drone
248 1 665 630 119 139 drone
249 1 556 650 119 139 drone
250 1 514 660 128 133 drone
251 1 564 679 127 132 drone
252 1 646 692 127 132 drone
253 1 746 715 127 132 drone
254 1 824 726 127 132 drone
255 1 903 745 127 132 drone
256 1 1012 760 127 132 drone
257 1 1069 770 127 132 drone
258 1 1144 777 127 132 drone
259 1 1191 775 128 133 drone
260 1 1184 766 127 132 drone
261 1 1069 747 127 132 drone
262 1 913 725 127 132 drone
263 1 698 695 127 132 drone
264 1 621 660 127 132 drone
265 1 491 628 127 132 drone
266 1 361 629 136 132 drone
267 1 285 624 136 132 drone
268 1 213 624 136 132 drone
269 1 142 631 136 132 drone
270 1 100 629 136 132 drone
271 1 129 629 135 131 drone
272 1 184 625 135 131 drone
273 1 270 628 135 131 drone
274 1 347 641 135 131 drone
275 1 464 634 135 131 drone
276 1 570 623 135 131 drone
277 1 682 619 135 131 drone
278 1 750 619 135 131 drone
279 1 844 621 135 131 drone
280 1 911 618 136 132 drone
281 1 934 628 137 133 drone
282 1 907 645 137 133 drone
283 1 908 632 135 131 drone
284 1 919 620 134 130 drone
285 1 862 624 131 127 drone
286 1 858 619 130 126 drone
287 1 929 614 130 126 drone
288 1 955 599 130 126 drone
289 1 997 584 130 126 drone
290 1 1027 572 130 126 drone
291 1 1034 563 130 126 drone
292 1 1009 557 130 126 drone
293 1 949 539 130 126 drone
294 1 886 528 130 126 drone
295 1 847 524 131 127 drone
296 1 806 519 132 128 drone
297 1 794 513 133 129 drone
298 1 783 507 133 129 drone
299 1 773 500 133 129 drone
300 1 742 490 133 128 drone
301 1 697 482 133 128 drone
302 1 669 481 133 129 drone
303 1 634 478 133 129 drone
304 1 609 476 134 130 drone
305 1 605 471 126 122 drone
306 1 630 468 119 115 drone
307 1 674 464 111 108 drone
308 1 714 461 103 100 drone
309 1 740 463 97 94 drone
310 1 769 467 87 84 drone
311 1 794 473 78 75 drone
312 1 835 479 66 64 drone
313 1 863 484 59 57 drone
314 1 888 490 51 50 drone
315 1 906 497 45 44 drone
316 1 912 502 41 40 drone
317 1 925 507 36 35 drone
318 1 936 510 33 32 drone
319 1 949 512 30 29 drone
320 1 959 513 28 27 drone
321 1 968 514 25 25 drone
322 1 971 515 24 23 drone
323 1 972 516 23 23 drone
324 1 975 517 23 22 drone
325 1 977 518 23 22 drone
326 1 980 520 23 22 drone
327 1 983 521 23 22 drone
328 1 987 523 23 22 drone
329 1 992 525 23 23 drone
330 1 995 527 23 22 drone
331 1 997 529 23 23 drone
332 1 998 531 23 22 drone
333 1 998 533 23 22 drone
334 1 997 534 23 22 drone
335 1 997 536 23 22 drone
336 1 996 537 23 22 drone
337 1 996 538 23 22 drone
338 1 995 539 23 22 drone
339 1 994 540 23 22 drone
340 1 992 542 22 22 drone
341 1 990 543 23 22 drone
342 1 987 545 22 22 drone
343 1 986 546 22 22 drone
344 1 987 547 22 21 drone
345 1 989 548 22 21 drone
346 1 994 548 22 22 drone
347 1 998 550 22 21 drone
348 1 1001 549 22 21 drone
349 1 1006 549 22 21 drone
350 1 1013 549 22 21 drone
351 1 1018 548 22 21 drone
352 1 1028 547 22 21 drone
353 1 1033 546 22 21 drone
354 1 1036 544 22 21 drone
355 1 1043 544 22 21 drone
356 1 1055 542 22 21 drone
357 1 1073 542 22 21 drone
358 1 1082 543 22 21 drone
359 1 1096 546 22 21 drone
360 1 1103 550 22 21 drone
361 1 1115 556 21 20 drone
362 1 1077 553 21 20 drone
363 1 1076 580 21 20 drone
364 1 1089 583 21 20 drone
365 1 1097 587 21 20 drone
366 1 1101 595 22 21 drone
367 1 1083 605 21 20 drone
368 1 1029 616 24 16 drone
369 1 987 626 24 16 drone
370 1 932 641 24 16 drone
371 1 864 642 24 16 drone
372 1 810 643 24 16 drone
373 1 740 646 24 16 drone
374 1 703 649 24 16 drone
375 1 678 647 24 16 drone
376 1 687 647 23 16 drone
377 1 699 661 23 16 drone
378 1 669 668 23 16 drone
379 1 664 667 23 16 drone
380 1 668 676 23 16 drone
381 1 669 683 23 16 drone
382 1 679 690 22 16 drone
383 1 698 695 22 16 drone
384 1 730 703 22 16 drone
385 1 761 709 22 16 drone
386 1 784 716 22 16 drone
387 1 810 722 22 16 drone
388 1 827 727 22 16 drone
389 1 844 734 22 16 drone
390 1 853 738 22 16 drone
391 1 864 744 22 16 drone
392 1 875 749 21 16 drone
393 1 888 753 21 15 drone
394 1 910 755 21 15 drone
395 1 921 757 21 15 drone
396 1 931 759 21 15 drone
397 1 939 760 21 15 drone
398 1 951 760 21 15 drone
399 1 962 760 21 15 drone
400 1 968 759 21 15 drone
401 1 977 757 21 15 drone
402 1 981 755 20 15 drone
403 1 984 752 20 15 drone
404 1 985 749 21 15 drone
405 1 987 744 20 15 drone
406 1 987 738 21 15 drone
407 1 988 733 21 15 drone
408 1 993 723 20 15 drone
409 1 998 715 20 15 drone
410 1 1005 705 20 15 drone
411 1 1009 698 20 15 drone
412 1 1014 692 20 15 drone
413 1 1017 687 21 15 drone
414 1 1018 683 21 15 drone
415 1 1018 679 21 15 drone
416 1 1017 677 21 15 drone
417 1 1016 674 20 15 drone
418 1 1014 673 21 15 drone
419 1 1012 672 20 15 drone
420 1 1011 671 21 15 drone
421 1 1011 670 20 15 drone
422 1 1011 669 20 15 drone
423 1 1012 669 20 14 drone
424 1 1014 669 20 14 drone
425 1 1015 670 20 15 drone
426 1 1017 670 20 14 drone
427 1 1018 669 20 15 drone
428 1 1018 669 20 14 drone
429 1 1017 668 20 14 drone
430 1 1017 667 19 14 drone
431 1 1014 665 19 14 drone
432 1 1012 663 19 14 drone
433 1 1011 660 19 14 drone
434 1 1010 657 19 14 drone
435 1 1011 653 19 14 drone
436 1 1016 648 19 14 drone
437 1 1020 641 19 14 drone
438 1 1027 631 19 14 drone
439 1 1033 623 19 14 drone
440 1 1038 611 19 14 drone
441 1 1041 598 19 14 drone
442 1 1042 589 19 14 drone
443 1 1040 577 19 14 drone
444 1 1039 569 19 14 drone
445 1 1036 559 19 14 drone
446 1 1035 551 19 13 drone
447 1 1032 542 19 13 drone
448 1 1031 533 18 13 drone
449 1 1030 526 19 14 drone
450 1 1029 516 19 14 drone
451 1 1028 509 19 14 drone
452 1 1027 500 18 13 drone
453 1 1027 493 18 13 drone
454 1 1025 484 19 14 drone
455 1 1022 475 19 14 drone
456 1 1021 470 19 14 drone
457 1 1020 461 19 14 drone
458 1 1018 454 20 14 drone
459 1 1020 445 19 14 drone
460 1 1023 437 18 13 drone
461 1 1028 426 19 14 drone
462 1 1031 415 19 13 drone
463 1 1032 407 18 13 drone
464 1 1032 395 19 14 drone
465 1 1031 388 19 14 drone
466 1 1030 382 18 13 drone
467 1 1029 376 18 13 drone
468 1 1025 369 18 13 drone
469 1 1024 362 18 13 drone
470 1 1024 357 18 13 drone
471 1 1023 351 18 13 drone
472 1 1024 347 18 13 drone
473 1 1024 340 19 14 drone
474 1 1025 336 18 13 drone
475 1 1022 333 18 13 drone
476 1 1021 330 19 14 drone
477 1 1019 329 19 14 drone
478 1 1020 325 18 13 drone
479 1 1021 321 18 13 drone
480 1 1024 316 18 13 drone
481 1 1026 311 18 13 drone
482 1 1029 306 18 13 drone
483 1 1030 299 18 13 drone
484 1 1032 295 18 13 drone
485 1 1030 291 18 13 drone
486 1 1031 288 17 13 drone
487 1 1027 285 18 13 drone
488 1 1024 283 18 13 drone
489 1 1018 281 18 13 drone
490 1 1014 280 17 13 drone
491 1 1009 280 18 13 drone
492 1 1005 283 18 13 drone
493 1 1003 289 17 12 drone
494 1 999 302 16 12 drone
495 1 996 314 16 12 drone
496 1 990 332 20 10 drone
497 1 984 348 20 10 drone
498 1 983 358 20 10 drone
499 1 981 370 20 10 drone
500 1 979 378 20 10 drone
501 1 979 380 20 10 drone
502 1 979 379 20 10 drone
503 1 980 379 20 10 drone
504 1 983 379 20 10 drone
505 1 984 379 20 10 drone
506 1 987 380 20 10 drone
507 1 989 380 20 10 drone
508 1 991 380 20 10 drone
509 1 993 380 20 10 drone
510 1 995 381 20 10 drone
511 1 997 382 20 10 drone
512 1 999 382 20 10 drone
513 1 1000 383 20 10 drone
514 1 1001 383 20 10 drone
515 1 1003 384 20 10 drone
516 1 1005 385 20 10 drone
517 1 1008 386 20 10 drone
518 1 1009 388 20 10 drone
519 1 1008 389 20 10 drone
520 1 1009 391 20 10 drone
521 1 1010 392 20 10 drone
522 1 1011 393 20 10 drone
523 1 1012 394 20 10 drone
524 1 1014 395 20 10 drone
525 1 1016 397 20 10 drone
526 1 1017 397 20 10 drone
527 1 1019 399 20 10 drone
528 1 1022 400 20 10 drone
529 1 1024 403 20 10 drone
530 1 1025 405 20 10 drone
531 1 1028 408 20 10 drone
532 1 1029 411 20 10 drone
533 1 1029 412 20 10 drone
534 1 1028 414 20 10 drone
535 1 1028 416 20 10 drone
536 1 1027 418 20 10 drone
537 1 1027 420 20 10 drone
538 1 1029 423 18 10 drone
539 1 1030 425 18 10 drone
540 1 1030 427 18 10 drone
541 1 1033 429 18 10 drone
542 1 1035 431 18 10 drone
543 1 1039 433 18 10 drone
544 1 1040 435 18 10 drone
545 1 1041 438 18 10 drone
546 1 1041 440 18 10 drone
547 1 1040 442 18 10 drone
548 1 1039 444 18 10 drone
549 1 1038 446 18 10 drone
550 1 1035 448 18 10 drone
551 1 1034 449 18 10 drone
552 1 1030 452 18 10 drone
553 1 1025 454 18 10 drone
554 1 1021 456 18 10 drone
555 1 1014 458 18 10 drone
556 1 1007 459 19 10 drone
557 1 1000 461 19 10 drone
558 1 994 462 19 10 drone
559 1 988 464 18 10 drone
560 1 984 465 18 10 drone
561 1 980 467 19 10 drone
562 1 976 469 19 10 drone
563 1 973 470 18 10 drone
564 1 969 473 18 10 drone
565 1 965 475 18 10 drone
566 1 959 477 18 10 drone
567 1 952 479 18 10 drone
568 1 948 481 18 10 drone
569 1 946 482 18 10 drone
570 1 946 484 19 10 drone
571 1 946 485 18 10 drone
572 1 945 487 19 10 drone
573 1 942 489 19 10 drone
574 1 938 491 18 10 drone
575 1 934 492 18 10 drone
576 1 932 493 18 10 drone
577 1 926 494 18 10 drone
578 1 912 496 18 10 drone
579 1 903 498 18 10 drone
580 1 889 502 18 10 drone
581 1 864 503 18 14 drone
582 1 834 503 15 13 drone
583 1 788 507 19 12 drone
584 1 756 507 17 12 drone
585 1 727 506 12 14 drone
586 1 709 508 12 12 drone
587 1 684 508 14 14 drone
588 1 676 508 12 12 drone
589 1 672 509 12 12 drone
590 1 672 509 12 12 drone
591 1 672 509 12 12 drone
592 1 687 513 10 10 drone
593 1 697 513 15 10 drone
594 1 713 513 19 10 drone
595 0
596 1 727 516 13 10 drone
597 1 727 516 13 10 drone
598 1 716 513 17 12 drone
599 1 716 513 17 12 drone
600 0
601 0
602 0
603 0
604 0
605 0
606 0
607 0
608 1 645 516 12 10 drone
609 1 636 516 12 10 drone
610 1 630 516 13 11 drone
611 1 623 516 13 10 drone
612 1 616 516 12 10 drone
613 1 607 516 10 10 drone
614 0
615 0
616 0
617 0
618 1 570 520 11 10 drone
619 1 564 521 11 10 drone
620 1 557 522 11 10 drone
621 1 557 522 11 10 drone
622 1 557 522 11 10 drone
623 1 557 522 11 10 drone
624 1 538 526 17 12 drone
625 1 532 527 18 12 drone
626 1 526 527 17 12 drone
627 1 534 519 19 13 drone
628 0
629 0
630 0
631 0
632 1 495 531 13 11 drone
633 1 491 532 12 10 drone
634 1 486 532 12 11 drone
635 1 482 533 13 11 drone
636 1 477 533 12 11 drone
637 1 472 533 13 11 drone
638 1 469 533 14 12 drone
639 1 465 535 12 10 drone
640 1 461 535 12 10 drone
641 1 457 536 14 11 drone
642 0
643 0
644 0
645 0
646 0
647 0
648 0
649 0
650 0
651 0
652 0
653 0
654 0
655 0
656 0
657 0
658 0
659 0
660 0
661 0
662 0
663 0
664 0
665 0
666 0
667 0
668 0
669 0
670 0
671 0
672 0
673 0
674 0
675 0
676 0
677 0
678 0
679 0
680 0
681 0
682 0
683 0
684 0
685 0
686 0
687 0
688 0
689 0
690 0
691 0
692 0
693 0
694 0
695 0
696 0
697 0
698 0
699 0
700 0
701 0
702 0
703 0
704 0
705 0
706 0
707 0
708 0
709 0
710 0
711 0
712 0
713 0
714 0
715 0
716 0
717 0
718 0
719 0
720 0
721 0
722 0
723 0
724 0
725 0
726 0
727 0
728 0
729 0
730 0
731 0
732 0
733 0
734 0
735 0
736 0
737 0
738 0
739 0
740 0
741 0
742 0
743 0
744 0
745 0
746 0
747 0
748 0
749 0
750 0
751 0
752 0
753 0
754 0
755 0
756 0
757 0
758 0
759 0
760 0
761 0
762 0
763 0
764 0
765 0
766 0
767 0
768 0
769 0
770 0
771 0
772 0
773 0
774 0
775 0
776 0
777 0
778 0
779 0
780 0
781 0
782 0
783 0
784 0
785 0
786 0
787 0
788 0
789 0
790 0
791 0
792 0
793 0
794 0
795 0
796 0
797 0
798 0
799 0
800 1 348 584 11 10 drone
801 1 345 583 11 10 drone
802 1 341 582 11 10 drone
803 1 339 581 11 10 drone
804 1 337 579 11 10 drone
805 1 333 578 11 10 drone
806 1 331 577 11 10 drone
807 1 327 576 11 10 drone
808 1 324 575 12 11 drone
809 1 322 574 11 10 drone
810 1 319 573 11 10 drone
811 1 315 572 11 10 drone
812 1 313 571 11 10 drone
813 1 310 570 12 11 drone
814 1 307 569 12 11 drone
815 1 304 568 12 11 drone
816 1 300 567 11 10 drone
817 1 298 566 11 10 drone
818 1 294 566 11 10 drone
819 1 291 565 12 11 drone
820 1 288 564 11 10 drone
821 1 284 564 11 10 drone
822 1 281 563 11 10 drone
823 1 278 562 11 10 drone
824 1 275 561 12 10 drone
825 1 272 560 12 10 drone
826 1 268 559 11 10 drone
827 1 266 559 11 10 drone
828 1 261 558 11 10 drone
829 1 258 557 12 11 drone
830 1 254 557 12 11 drone
831 1 251 556 11 10 drone
832 1 246 556 11 10 drone
833 1 242 554 11 10 drone
834 1 240 553 11 10 drone
835 1 235 553 12 11 drone
836 1 232 552 12 11 drone
837 1 230 551 12 10 drone
838 1 232 551 12 11 drone
839 1 235 551 12 11 drone
840 0
