0 1 1573 538 52 16 drone
1 1 1653 535 56 16 drone
2 1 1672 530 56 16 drone
3 1 1681 528 56 16 drone
4 1 1693 526 56 16 drone
5 1 1698 525 56 16 drone
6 1 1711 524 56 16 drone
7 1 1717 523 56 16 drone
8 1 1699 522 56 16 drone
9 1 1653 521 53 15 drone
10 1 1612 521 52 15 drone
11 1 1573 522 53 15 drone
12 1 1562 523 51 15 drone
13 1 1556 524 52 15 drone
14 1 1561 524 52 15 drone
15 1 1568 524 51 14 drone
16 1 1580 523 50 14 drone
17 1 1588 523 50 14 drone
18 1 1596 522 50 14 drone
19 1 1604 521 51 14 drone
20 1 1611 519 55 16 drone
21 1 1631 519 46 13 drone
22 1 1642 517 46 13 drone
23 1 1656 513 47 13 drone
24 1 1663 513 46 13 drone
25 1 1668 515 43 12 drone
26 1 1673 515 45 13 drone
27 1 1683 517 45 13 drone
28 1 1696 520 45 13 drone
29 1 1703 524 45 13 drone
30 1 1706 526 43 12 drone
31 1 1692 528 45 13 drone
32 1 1637 528 55 16 drone
33 1 1603 531 54 16 drone
34 1 1556 534 54 16 drone
35 1 1507 538 54 16 drone
36 1 1503 541 54 16 drone
37 1 1517 547 53 16 drone
38 1 1523 551 53 16 drone
39 1 1537 555 53 16 drone
40 1 1543 558 54 16 drone
41 1 1559 562 52 15 drone
42 1 1567 566 53 16 drone
43 1 1574 570 54 16 drone
44 1 1581 573 54 16 drone
45 1 1590 577 53 16 drone
46 1 1597 580 54 16 drone
47 1 1606 583 53 16 drone
48 1 1614 586 53 16 drone
49 1 1625 590 53 16 drone
50 1 1632 593 53 16 drone
51 1 1643 597 52 16 drone
52 1 1651 599 52 16 drone
53 1 1662 602 53 16 drone
54 1 1668 604 54 16 drone
55 1 1679 607 53 16 drone
56 1 1689 610 54 16 drone
57 1 1694 611 57 17 drone
58 1 1704 614 53 16 drone
59 1 1708 617 53 16 drone
60 1 1699 622 52 15 drone
61 1 1636 623 52 15 drone
62 1 1523 624 52 15 drone
63 1 1406 627 52 15 drone
64 1 1344 630 52 15 drone
65 1 1341 633 53 15 drone
66 1 1352 635 51 15 drone
67 1 1363 637 53 15 drone
68 1 1372 639 52 15 drone
69 1 1382 641 52 15 drone
70 1 1391 645 52 15 drone
71 1 1400 647 50 14 drone
72 1 1409 650 52 15 drone
73 1 1417 653 50 14 drone
74 1 1426 656 50 14 drone
75 1 1432 659 51 15 drone
76 1 1443 662 50 15 drone
77 1 1452 666 51 15 drone
78 1 1459 669 49 14 drone
79 1 1469 672 51 15 drone
80 1 1476 675 50 14 drone
81 1 1485 678 51 15 drone
82 1 1492 681 50 15 drone
83 1 1501 685 51 15 drone
84 1 1510 689 51 15 drone
85 1 1515 691 51 15 drone
86 1 1509 694 49 14 drone
87 1 1422 694 48 14 drone
88 1 1320 696 48 14 drone
89 1 1269 699 48 14 drone
90 1 1194 702 48 14 drone
91 1 1148 703 48 15 drone
92 1 1155 706 47 15 drone
93 1 1169 709 47 15 drone
94 1 1177 712 47 15 drone
95 1 1186 715 47 15 drone
96 1 1194 717 46 14 drone
97 1 1201 720 48 15 drone
98 1 1211 722 48 15 drone
99 1 1218 725 47 15 drone
100 1 1229 727 45 14 drone
101 1 1232 728 46 14 drone
102 1 930 702 46 14 drone
103 1 667 692 46 14 drone
104 1 547 699 46 15 drone
105 1 554 705 47 15 drone
106 1 558 711 46 15 drone
107 1 569 720 48 15 drone
108 1 577 723 47 15 drone
109 1 585 729 46 15 drone
110 1 595 732 46 15 drone
111 1 601 737 46 15 drone
112 1 607 738 46 15 drone
113 1 613 740 46 15 drone
114 1 623 742 46 15 drone
115 1 633 744 44 14 drone
116 1 643 747 46 15 drone
117 1 648 749 45 15 drone
118 1 656 753 45 15 drone
119 1 665 755 45 15 drone
120 1 669 757 45 15 drone
121 1 684 759 43 14 drone
122 1 691 754 45 15 drone
123 1 711 747 44 15 drone
124 1 723 739 45 15 drone
125 1 737 731 44 15 drone
126 1 725 715 45 15 drone
127 1 703 700 45 15 drone
128 1 684 664 42 15 drone
129 1 669 625 42 15 drone
130 1 643 563 42 15 drone
131 1 628 521 42 15 drone
132 1 628 484 42 15 drone
133 1 639 491 42 15 drone
134 1 645 501 43 15 drone
135 1 667 515 45 16 drone
136 1 681 519 42 15 drone
137 1 693 526 44 16 drone
138 1 698 529 45 16 drone
139 1 714 534 43 15 drone
140 1 725 536 44 16 drone
141 1 732 540 45 16 drone
142 1 740 544 44 16 drone
143 1 745 550 43 16 drone
144 1 752 559 42 15 drone
145 1 757 565 43 15 drone
146 1 764 578 44 16 drone
147 1 776 591 42 15 drone
148 1 788 600 42 15 drone
149 1 803 611 41 15 drone
150 1 813 617 40 14 drone
151 1 838 623 41 15 drone
152 1 863 629 41 15 drone
153 1 881 634 42 15 drone
154 1 891 638 42 15 drone
155 1 894 641 42 15 drone
156 1 900 643 42 15 drone
157 1 904 646 43 15 drone
158 1 913 649 42 15 drone
159 1 919 651 43 15 drone
160 1 927 654 43 15 drone
161 1 935 657 41 15 drone
162 1 941 660 42 15 drone
163 1 949 663 42 15 drone
164 1 956 665 40 14 drone
165 1 964 668 41 15 drone
166 1 970 670 41 15 drone
167 1 978 673 41 15 drone
168 1 987 677 41 15 drone
169 1 993 679 41 15 drone
170 1 1002 682 40 14 drone
171 1 1009 684 40 14 drone
172 1 1017 687 40 14 drone
173 1 1024 690 38 14 drone
174 1 1052 696 40 14 drone
175 1 1058 698 41 15 drone
176 1 1062 700 42 15 drone
177 1 1070 703 41 15 drone
178 1 1074 702 42 24 drone
179 1 1080 706 43 24 drone
180 1 1085 709 41 23 drone
181 1 1090 713 42 24 drone
182 1 1093 719 41 23 drone
183 1 1095 723 34 25 drone
184 1 1095 728 35 26 drone
185 1 1094 733 37 27 drone
186 1 1094 738 36 26 drone
187 1 1091 744 34 25 drone
188 1 1085 751 35 25 drone
189 1 1077 757 36 26 drone
190 1 1070 762 36 27 drone
191 1 1058 767 37 27 drone
192 1 1049 772 38 28 drone
193 1 1033 777 38 28 drone
194 1 1021 781 38 28 drone
195 1 1002 786 38 28 drone
196 1 982 790 38 28 drone
197 1 966 792 39 29 drone
198 1 930 785 39 29 drone
199 1 914 788 38 29 drone
200 1 899 798 37 28 drone
201 1 881 799 37 28 drone
202 1 937 803 37 28 drone
203 1 1188 808 37 28 drone
204 1 1439 812 37 28 drone
205 1 1618 814 37 28 drone
206 1 1646 817 37 28 drone
207 1 1613 821 37 28 drone
208 1 1584 824 37 28 drone
209 1 1559 825 37 28 drone
210 1 1529 825 36 27 drone
211 1 1508 824 36 27 drone
212 1 1473 828 36 27 drone
213 1 1453 827 36 27 drone
214 1 1422 830 36 27 drone
215 1 1398 831 36 27 drone
216 1 1377 832 36 27 drone
217 1 1340 833 36 27 drone
218 1 1317 837 36 27 drone
219 1 1285 839 36 27 drone
220 1 1266 840 36 27 drone
221 1 1231 842 36 27 drone
222 1 1211 844 36 27 drone
223 1 1186 848 34 26 drone
224 1 1148 855 36 27 drone
225 1 1131 859 38 28 drone
226 1 1122 865 29 20 drone
227 1 1161 867 30 21 drone
228 1 1299 872 30 21 drone
229 1 1430 876 29 20 drone
230 1 1591 887 30 21 drone
231 1 1728 894 29 20 drone
232 1 1824 899 29 20 drone
233 0
234 0
235 1 1885 920 33 19 drone
236 1 1865 926 33 19 drone
237 1 1829 928 35 20 drone
238 1 1797 941 35 20 drone
239 1 1775 944 35 20 drone
240 1 1740 950 35 18 drone
241 1 1717 953 37 19 drone
242 1 1686 959 37 19 drone
243 1 1665 962 37 19 drone
244 1 1640 970 35 18 drone
245 1 1601 976 34 17 drone
246 1 1576 982 36 18 drone
247 1 1555 989 34 17 drone
248 1 1534 992 34 17 drone
249 1 1494 994 34 17 drone
250 1 1467 996 36 18 drone
251 1 1404 996 36 18 drone
252 1 1259 993 36 18 drone
253 1 1138 985 36 18 drone
254 1 1024 976 36 18 drone
255 1 1000 974 36 18 drone
256 1 1024 972 36 18 drone
257 1 1077 975 36 18 drone
258 1 1160 975 36 18 drone
259 1 1242 974 34 17 drone
260 1 1272 971 34 17 drone
261 1 1318 968 34 17 drone
262 1 1354 962 36 18 drone
263 1 1380 953 36 18 drone
264 1 1389 935 36 18 drone
265 1 1386 894 38 19 drone
266 1 1378 841 40 20 drone
267 1 1369 803 40 20 drone
268 1 1346 774 38 19 drone
269 1 1343 765 39 19 drone
270 1 1332 757 39 19 drone
271 1 1339 755 39 19 drone
272 1 1363 747 39 19 drone
273 1 1385 745 39 19 drone
274 1 1382 736 39 19 drone
275 1 1375 727 39 19 drone
276 1 1379 725 39 19 drone
277 1 1395 709 39 19 drone
278 1 1380 697 39 19 drone
279 1 1354 680 39 19 drone
280 1 1324 677 39 19 drone
281 1 1314 678 35 17 drone
282 1 1317 679 35 17 drone
283 1 1336 680 35 17 drone
284 1 1354 680 35 17 drone
285 1 1355 682 35 17 drone
286 1 1369 684 35 17 drone
287 1 1386 683 37 18 drone
288 1 1411 680 37 18 drone
289 1 1458 685 37 18 drone
290 1 1456 688 37 18 drone
291 1 1449 689 37 18 drone
292 1 1451 691 37 18 drone
293 1 1459 692 36 18 drone
294 1 1467 694 37 18 drone
295 1 1466 694 37 18 drone
296 1 1455 696 37 18 drone
297 1 1448 699 38 18 drone
298 1 1450 700 37 18 drone
299 1 1453 700 38 18 drone
300 1 1448 703 38 18 drone
301 1 1449 705 38 18 drone
302 1 1466 705 38 18 drone
303 1 1494 713 38 18 drone
304 1 1482 717 38 18 drone
305 1 1460 726 38 18 drone
306 1 1449 733 38 18 drone
307 1 1472 754 38 18 drone
308 1 1520 759 38 18 drone
309 1 1538 761 38 18 drone
310 1 1539 765 37 18 drone
311 1 1521 765 37 18 drone
312 1 1497 769 37 18 drone
313 1 1477 773 37 18 drone
314 1 1447 774 37 18 drone
315 1 1419 776 37 18 drone
316 1 1392 778 37 18 drone
317 1 1364 778 37 18 drone
318 1 1344 777 37 18 drone
319 1 1320 778 37 18 drone
320 1 1300 778 37 18 drone
321 1 1272 777 37 18 drone
322 1 1271 777 37 18 drone
323 1 1318 777 35 17 drone
324 1 1424 777 33 16 drone
325 1 1537 780 33 16 drone
326 1 1678 782 31 15 drone
327 1 1781 782 31 15 drone
328 1 1868 785 30 14 drone
329 0
330 0
331 0
332 0
333 0
334 1 1882 789 36 18 drone
335 1 1855 789 38 19 drone
336 1 1833 790 38 19 drone
337 1 1814 789 38 19 drone
338 1 1794 791 36 18 drone
339 1 1767 791 38 19 drone
340 1 1737 792 40 20 drone
341 1 1718 792 38 19 drone
342 1 1691 792 38 19 drone
343 1 1668 793 38 19 drone
344 1 1645 795 38 19 drone
345 1 1614 795 40 20 drone
346 1 1597 795 40 20 drone
347 1 1586 796 38 19 drone
348 1 1552 796 38 19 drone
349 1 1516 795 38 19 drone
350 1 1492 796 40 20 drone
351 1 1475 796 40 20 drone
352 1 1448 798 40 20 drone
353 1 1426 798 42 21 drone
354 1 1398 797 42 21 drone
355 1 1375 796 44 22 drone
356 1 1346 796 44 22 drone
357 1 1318 796 46 23 drone
358 1 1298 795 46 23 drone
359 1 1274 795 34 21 drone
360 1 1256 795 34 21 drone
361 1 1230 796 34 21 drone
362 1 1207 795 34 21 drone
363 1 1180 794 36 22 drone
364 1 1153 794 37 23 drone
365 1 1142 794 37 23 drone
366 1 1166 795 37 23 drone
367 1 1240 797 37 23 drone
368 1 1332 800 30 20 drone
369 1 1344 803 30 20 drone
370 1 1320 804 29 19 drone
371 1 1294 806 29 19 drone
372 1 1278 804 30 20 drone
373 1 1255 803 30 20 drone
374 1 1234 801 31 21 drone
375 1 1195 797 31 21 drone
376 1 1177 797 33 22 drone
377 1 1163 796 33 22 drone
378 1 1184 796 33 22 drone
379 1 1227 797 33 22 drone
380 1 1283 795 33 22 drone
381 1 1322 795 33 22 drone
382 1 1393 795 33 22 drone
383 1 1430 793 33 22 drone
384 1 1461 797 33 22 drone
385 1 1482 798 33 22 drone
386 1 1499 796 33 22 drone
387 1 1561 796 33 22 drone
388 1 1607 793 33 22 drone
389 1 1638 794 33 22 drone
390 1 1648 795 33 22 drone
391 1 1618 796 31 21 drone
392 1 1588 795 30 20 drone
393 1 1568 797 29 19 drone
394 1 1540 797 27 18 drone
395 1 1523 797 27 18 drone
396 1 1500 797 28 19 drone
397 1 1472 795 30 20 drone
398 1 1449 796 31 21 drone
399 1 1420 797 31 21 drone
400 1 1408 797 31 21 drone
401 1 1389 798 31 21 drone
402 1 1384 798 31 21 drone
403 1 1364 798 33 22 drone
404 1 1347 798 33 22 drone
405 1 1317 797 31 21 drone
406 1 1300 797 31 21 drone
407 1 1288 798 31 21 drone
408 1 1279 799 30 20 drone
409 1 1280 800 30 20 drone
410 1 1312 799 30 20 drone
411 1 1357 800 30 20 drone
412 1 1417 803 30 20 drone
413 1 1458 804 30 20 drone
414 1 1493 804 30 20 drone
415 1 1537 803 30 20 drone
416 1 1580 802 30 20 drone
417 1 1636 807 30 20 drone
418 1 1685 805 30 20 drone
419 1 1756 807 30 20 drone
420 1 1789 807 30 20 drone
421 1 1787 808 30 20 drone
422 1 1764 807 30 20 drone
423 1 1742 805 30 20 drone
424 1 1713 807 30 20 drone
425 1 1693 807 31 21 drone
426 1 1663 807 33 22 drone
427 1 1634 805 31 21 drone
428 1 1616 805 31 21 drone
429 1 1595 806 31 21 drone
430 1 1566 805 30 20 drone
431 1 1538 807 31 21 drone
432 1 1521 811 33 22 drone
433 1 1490 806 33 22 drone
434 1 1466 806 33 22 drone
435 1 1443 806 33 22 drone
436 1 1422 806 35 23 drone
437 1 1411 807 35 23 drone
438 1 1422 809 33 22 drone
439 1 1447 811 31 21 drone
440 1 1469 812 31 21 drone
441 1 1478 812 33 22 drone
442 1 1476 812 33 22 drone
443 1 1485 812 33 22 drone
444 1 1493 812 33 22 drone
445 1 1500 814 33 22 drone
446 1 1507 814 33 22 drone
447 1 1512 813 35 23 drone
448 1 1514 816 35 23 drone
449 1 1511 816 33 22 drone
450 1 1504 817 33 22 drone
451 1 1497 819 33 22 drone
452 1 1489 819 33 22 drone
453 1 1478 818 33 22 drone
454 1 1461 819 33 22 drone
455 1 1465 821 31 21 drone
456 1 1483 823 31 21 drone
457 1 1483 823 31 21 drone
458 1 1493 825 30 20 drone
459 1 1501 825 30 20 drone
460 1 1511 827 30 20 drone
461 1 1525 829 30 20 drone
462 1 1555 829 29 19 drone
463 1 1617 830 27 18 drone
464 1 1708 830 27 18 drone
465 1 1721 830 26 17 drone
466 1 1693 833 36 15 drone
467 1 1667 835 38 16 drone
468 1 1639 835 38 16 drone
469 1 1616 836 38 16 drone
470 1 1591 837 38 16 drone
471 1 1563 837 38 16 drone
472 1 1543 836 38 16 drone
473 1 1520 838 38 16 drone
474 1 1497 837 38 16 drone
475 1 1467 838 40 17 drone
476 1 1442 838 40 17 drone
477 1 1423 839 38 16 drone
478 1 1397 838 38 16 drone
479 1 1377 840 38 16 drone
480 1 1348 840 38 16 drone
481 1 1331 840 36 15 drone
482 1 1303 840 38 16 drone
483 1 1278 841 36 15 drone
484 1 1257 841 38 16 drone
485 1 1227 841 38 16 drone
486 1 1209 840 36 15 drone
487 1 1180 841 38 16 drone
488 1 1162 842 38 16 drone
489 1 1136 841 38 16 drone
490 1 1108 844 38 16 drone
491 1 1089 842 38 16 drone
492 1 1064 845 36 15 drone
493 1 1042 844 38 16 drone
494 1 1016 846 38 16 drone
495 1 995 847 36 15 drone
496 1 968 846 38 16 drone
497 1 943 847 38 16 drone
498 1 921 847 38 16 drone
499 1 897 847 38 16 drone
500 1 878 848 36 15 drone
501 1 851 849 36 15 drone
502 1 831 851 36 15 drone
503 1 806 850 36 15 drone
504 1 778 851 36 15 drone
505 1 759 851 36 15 drone
506 1 731 853 36 15 drone
507 1 713 853 36 15 drone
508 1 691 854 38 16 drone
509 1 696 857 36 15 drone
510 1 693 858 36 15 drone
511 1 666 860 34 14 drone
512 1 653 862 33 14 drone
513 1 625 862 33 14 drone
514 1 593 861 33 14 drone
515 1 574 861 33 14 drone
516 1 557 860 33 14 drone
517 1 531 863 33 14 drone
518 1 549 866 33 14 drone
519 1 602 864 31 15 drone
520 1 668 870 30 14 drone
521 1 691 872 30 14 drone
522 1 691 873 30 14 drone
523 1 683 872 30 14 drone
524 1 667 874 30 14 drone
525 1 652 874 29 13 drone
526 1 651 877 29 13 drone
527 1 661 878 30 14 drone
528 1 677 879 30 14 drone
529 1 697 882 30 14 drone
530 1 703 882 30 14 drone
531 1 751 879 30 18 drone
532 1 806 883 30 18 drone
533 1 839 885 36 16 drone
534 1 904 889 36 16 drone
535 1 940 892 34 15 drone
536 1 999 893 32 14 drone
537 1 1033 895 30 15 drone
538 1 1075 895 30 15 drone
539 1 1096 897 30 15 drone
540 1 1115 900 30 15 drone
541 1 1109 900 30 15 drone
542 1 1089 901 30 15 drone
543 1 1064 900 30 15 drone
544 1 1049 899 30 15 drone
545 1 1026 899 30 15 drone
546 1 1002 898 31 16 drone
547 1 979 899 33 17 drone
548 1 939 898 35 17 drone
549 1 913 898 35 17 drone
550 1 881 898 31 20 drone
551 1 865 898 33 21 drone
552 1 845 899 33 21 drone
553 1 824 900 33 21 drone
554 1 804 902 33 21 drone
555 1 791 907 31 20 drone
556 1 785 910 31 20 drone
557 1 799 916 31 20 drone
558 1 817 918 30 19 drone
559 1 859 919 30 28 drone
560 1 881 921 31 29 drone
561 1 893 925 30 28 drone
562 1 905 927 30 28 drone
563 1 906 930 30 28 drone
564 1 918 932 30 28 drone
565 1 932 937 30 28 drone
566 1 946 936 30 28 drone
567 1 971 937 30 28 drone
568 1 989 938 30 28 drone
569 1 1005 941 30 28 drone
570 1 1007 941 30 28 drone
571 1 1015 940 29 27 drone
572 1 1019 942 29 27 drone
573 1 1017 943 29 27 drone
574 1 1034 941 30 28 drone
575 1 1059 940 35 28 drone
576 1 1079 938 35 28 drone
577 1 1114 941 33 27 drone
578 1 1138 942 33 27 drone
579 1 1151 941 33 27 drone
580 1 1143 939 35 28 drone
581 1 1133 942 35 28 drone
582 1 1123 939 33 27 drone
583 1 1108 934 33 27 drone
584 1 1098 934 33 27 drone
585 1 1092 934 33 27 drone
586 1 1080 928 31 26 drone
587 1 1074 926 31 26 drone
588 1 1063 924 31 26 drone
589 1 1060 923 31 26 drone
590 1 1055 920 31 26 drone
591 1 1055 917 31 26 drone
592 1 1056 913 33 27 drone
593 1 1063 914 33 27 drone
594 1 1067 910 33 27 drone
595 1 1069 908 33 27 drone
596 1 1074 907 31 26 drone
597 1 1083 904 33 27 drone
598 1 1087 902 31 26 drone
599 1 1095 898 33 27 drone
600 1 1105 897 34 29 drone
601 1 1114 896 36 30 drone
602 1 1122 893 38 32 drone
603 1 1129 892 38 32 drone
604 1 1140 888 40 33 drone
605 1 1151 887 42 35 drone
606 1 1161 882 44 37 drone
607 1 1174 881 44 37 drone
608 1 1189 882 44 37 drone
609 1 1209 879 44 37 drone
610 1 1226 879 44 37 drone
611 1 1248 877 46 39 drone
612 1 1268 877 49 41 drone
613 1 1297 873 49 41 drone
614 1 1318 875 47 37 drone
615 1 1340 875 49 39 drone
616 1 1379 871 43 39 drone
617 1 1400 869 45 41 drone
618 1 1424 868 47 43 drone
619 1 1441 866 47 43 drone
620 1 1463 867 47 43 drone
621 1 1483 863 47 43 drone
622 1 1504 863 47 43 drone
623 1 1475 860 50 45 drone
624 1 1411 864 43 39 drone
625 1 1333 857 43 39 drone
626 1 1273 858 43 39 drone
627 1 1179 860 38 28 drone
628 1 1124 862 38 28 drone
629 1 1075 858 40 29 drone
630 1 1032 856 40 29 drone
631 1 998 857 40 29 drone
632 1 977 857 40 29 drone
633 1 997 859 42 30 drone
634 1 1025 859 42 30 drone
635 1 1054 859 44 32 drone
636 1 1081 860 46 34 drone
637 1 1102 860 46 34 drone
638 1 1120 857 35 36 drone
639 1 1091 852 35 36 drone
640 1 1038 851 37 36 drone
641 1 970 848 36 36 drone
642 1 949 847 38 38 drone
643 1 938 848 38 38 drone
644 1 927 847 38 38 drone
645 1 902 845 40 40 drone
646 1 859 848 33 32 drone
647 1 847 848 33 32 drone
648 1 845 848 33 32 drone
649 1 864 850 35 34 drone
650 1 884 851 35 34 drone
651 1 892 849 35 34 drone
652 1 888 848 35 34 drone
653 1 890 849 35 34 drone
654 1 904 852 35 34 drone
655 1 926 852 37 36 drone
656 1 939 852 37 36 drone
657 1 939 855 37 36 drone
658 1 905 858 35 34 drone
659 1 884 860 35 34 drone
660 1 831 860 35 34 drone
661 1 799 858 35 34 drone
662 1 756 862 33 32 drone
663 1 714 860 33 29 drone
664 1 653 862 33 29 drone
665 1 600 861 33 29 drone
666 1 578 863 35 30 drone
667 1 568 864 35 30 drone
668 1 566 868 35 30 drone
669 1 579 868 35 30 drone
670 1 594 872 35 30 drone
671 1 619 874 35 30 drone
672 1 636 876 35 30 drone
673 1 650 882 33 29 drone
674 1 665 883 33 29 drone
675 1 682 886 33 23 drone
676 1 695 892 31 22 drone
677 1 713 891 31 22 drone
678 1 725 894 31 22 drone
679 1 738 896 31 22 drone
680 1 750 897 31 22 drone
681 1 762 901 31 22 drone
682 1 775 901 31 22 drone
683 1 783 902 31 22 drone
684 1 798 903 31 22 drone
685 1 804 905 33 23 drone
686 1 813 907 33 23 drone
687 1 818 906 33 23 drone
688 1 824 909 35 24 drone
689 1 829 912 35 24 drone
690 1 840 910 35 24 drone
691 1 839 912 35 24 drone
692 1 849 912 35 24 drone
693 1 859 914 35 24 drone
694 1 859 915 35 24 drone
695 1 869 918 35 24 drone
696 1 864 920 35 24 drone
697 1 869 920 35 24 drone
698 1 874 921 35 24 drone
699 1 875 923 35 24 drone
700 1 875 925 35 24 drone
701 1 874 924 36 25 drone
702 1 870 926 36 25 drone
703 1 871 929 36 25 drone
704 1 868 930 35 24 drone
705 1 868 932 33 23 drone
706 1 863 933 33 23 drone
707 1 858 935 35 24 drone
708 1 855 937 35 24 drone
709 1 848 941 33 23 drone
710 1 844 941 33 23 drone
711 1 838 944 33 23 drone
712 1 829 946 31 22 drone
713 1 822 949 31 22 drone
714 1 816 952 31 22 drone
715 1 809 953 33 23 drone
716 1 800 953 35 24 drone
717 1 787 955 35 24 drone
718 1 779 958 33 23 drone
719 1 772 960 33 23 drone
720 1 764 958 33 23 drone
721 1 752 965 33 23 drone
722 1 753 967 33 23 drone
723 1 816 969 31 22 drone
724 1 876 973 30 21 drone
725 1 948 970 29 20 drone
726 1 991 973 29 23 drone
727 1 1043 976 29 23 drone
728 1 1072 977 29 23 drone
729 1 1059 978 29 23 drone
730 1 1034 983 29 23 drone
731 1 1016 986 29 23 drone
732 1 1000 988 29 23 drone
733 1 982 988 30 24 drone
734 1 975 988 30 24 drone
735 1 973 990 30 24 drone
736 1 986 994 30 24 drone
737 1 1004 998 29 23 drone
738 1 1016 996 29 23 drone
739 1 1077 995 29 23 drone
740 1 1089 996 29 23 drone
741 1 1090 998 28 22 drone
742 1 1073 996 26 21 drone
743 1 1036 997 32 25 drone
744 1 1014 998 32 25 drone
745 1 996 997 32 25 drone
746 1 976 995 32 25 drone
747 1 989 992 32 25 drone
748 1 1036 988 32 25 drone
749 1 1084 984 30 24 drone
750 1 1088 984 30 24 drone
751 1 1094 982 29 23 drone
752 1 1115 981 30 24 drone
753 1 1137 978 30 24 drone
754 1 1145 976 30 24 drone
755 1 1161 977 31 25 drone
756 1 1171 974 31 25 drone
757 1 1168 973 30 24 drone
758 1 1154 972 30 24 drone
759 1 1148 973 29 23 drone
760 1 1142 971 29 23 drone
761 1 1148 970 29 23 drone
762 1 1142 965 29 23 drone
763 1 1135 963 27 22 drone
764 1 1132 961 26 21 drone
765 1 1131 954 27 22 drone
766 1 1128 946 27 22 drone
767 1 1118 930 27 22 drone
768 1 1107 914 27 22 drone
769 1 1097 886 27 22 drone
770 1 1096 812 29 23 drone
771 1 1127 721 29 23 drone
772 1 1172 610 29 23 drone
773 1 1200 542 28 22 drone
774 1 1269 485 28 22 drone
775 1 1344 458 28 22 drone
776 1 1412 439 28 22 drone
777 1 1450 439 27 21 drone
778 1 1442 444 27 21 drone
779 1 1429 451 27 21 drone
780 1 1416 457 27 21 drone
781 1 1397 461 30 27 drone
782 1 1390 466 30 27 drone
783 1 1386 472 30 27 drone
784 1 1389 473 29 26 drone
785 1 1388 474 29 26 drone
786 1 1365 477 29 26 drone
787 1 1358 480 29 26 drone
788 1 1335 486 29 26 drone
789 1 1322 485 29 26 drone
790 1 1303 489 29 26 drone
791 1 1285 489 29 26 drone
792 1 1273 489 29 26 drone
793 1 1248 501 29 26 drone
794 1 1228 515 27 24 drone
795 1 1240 538 32 27 drone
796 1 1257 570 30 26 drone
797 1 1290 613 30 26 drone
798 1 1299 661 31 27 drone
799 1 1311 690 31 27 drone
800 1 1307 718 36 25 drone
801 1 1291 726 36 25 drone
802 1 1291 740 34 24 drone
803 1 1297 749 33 23 drone
804 1 1341 786 33 23 drone
805 1 1351 834 33 23 drone
806 1 1377 890 31 22 drone
807 1 1391 957 31 22 drone
808 1 1405 1010 30 21 drone
809 0
810 0
811 0
812 0
813 0
814 0
815 0
816 0
817 0
818 0
819 0
820 0
821 0
822 0
823 1 1279 957 44 15 drone
824 1 1273 881 42 14 drone
825 1 1282 799 42 14 drone
826 1 1278 728 42 14 drone
827 1 1274 669 44 15 drone
828 1 1280 599 44 15 drone
829 1 1279 550 46 16 drone
830 1 1279 484 48 17 drone
831 1 1273 426 48 17 drone
832 1 1278 359 48 17 drone
833 1 1272 305 48 17 drone
834 1 1269 268 46 16 drone
835 1 1264 209 48 17 drone
836 1 1268 169 37 14 drone
837 1 1271 116 39 15 drone
838 1 1272 72 39 20 drone
839 1 1274 32 39 20 drone
840 0
