0 1 9 254 31 12 drone
1 1 16 255 31 12 drone
2 1 19 256 33 13 drone
3 1 23 257 33 13 drone
4 1 26 257 33 13 drone
5 1 28 257 34 13 drone
6 1 29 258 34 13 drone
7 1 29 258 34 13 drone
8 1 29 258 35 14 drone
9 1 34 259 35 14 drone
10 1 40 259 35 14 drone
11 1 46 260 35 14 drone
12 1 53 261 34 14 drone
13 1 59 261 35 14 drone
14 1 66 262 35 14 drone
15 1 73 263 35 14 drone
16 1 79 264 35 14 drone
17 1 86 264 35 14 drone
18 1 93 265 33 13 drone
19 1 97 265 37 14 drone
20 1 104 266 37 15 drone
21 1 110 267 37 14 drone
22 1 117 267 37 14 drone
23 1 124 268 36 14 drone
24 1 130 268 36 14 drone
25 1 135 268 36 14 drone
26 1 141 269 36 14 drone
27 1 147 269 36 14 drone
28 1 150 269 36 14 drone
29 1 150 270 36 14 drone
30 1 147 270 36 14 drone
31 1 145 270 36 14 drone
32 1 149 271 36 14 drone
33 1 155 271 36 14 drone
34 1 161 271 36 14 drone
35 1 166 271 36 14 drone
36 1 173 271 36 14 drone
37 1 186 267 28 18 drone
38 1 192 267 28 18 drone
39 1 199 267 28 18 drone
40 1 206 267 28 18 drone
41 1 214 267 28 18 drone
42 1 222 267 27 18 drone
43 1 230 267 27 17 drone
44 1 239 267 27 17 drone
45 1 247 268 27 17 drone
46 1 254 267 26 17 drone
47 1 261 267 26 17 drone
48 1 267 266 26 17 drone
49 1 273 266 26 17 drone
50 1 280 266 26 17 drone
51 1 286 265 26 17 drone
52 1 293 265 26 17 drone
53 1 299 265 25 16 drone
54 1 306 264 25 16 drone
55 1 313 264 25 16 drone
56 1 319 264 25 16 drone
57 1 326 263 25 16 drone
58 1 332 263 26 16 drone
59 1 339 263 25 16 drone
60 1 345 262 25 16 drone
61 1 352 262 25 16 drone
62 1 357 261 26 17 drone
63 1 365 261 24 15 drone
64 1 371 261 25 16 drone
65 1 374 261 24 15 drone
66 1 373 260 24 15 drone
67 1 367 261 24 15 drone
68 1 360 261 24 15 drone
69 1 350 261 25 16 drone
70 1 336 261 24 15 drone
71 1 313 260 26 17 drone
72 1 295 261 24 15 drone
73 1 279 261 23 15 drone
74 1 265 262 23 15 drone
75 1 248 261 23 15 drone
76 1 227 261 23 15 drone
77 1 204 261 23 15 drone
78 1 183 261 22 14 drone
79 1 163 261 22 14 drone
80 1 144 261 22 14 drone
81 1 125 261 22 14 drone
82 1 104 260 22 14 drone
83 1 84 259 22 14 drone
84 1 63 259 21 14 drone
85 1 41 259 21 14 drone
86 1 20 258 21 14 drone
87 0
88 0
89 0
90 0
91 0
92 0
93 0
94 0
95 0
96 0
97 0
98 0
99 0
100 0
101 0
102 0
103 0
104 0
105 1 12 244 14 14 drone
106 1 14 243 18 16 drone
107 1 21 242 18 16 drone
108 1 27 241 18 16 drone
109 1 34 240 18 16 drone
110 1 40 240 18 16 drone
111 1 47 239 18 16 drone
112 1 54 237 18 16 drone
113 1 60 236 18 16 drone
114 1 67 235 18 16 drone
115 1 73 234 17 16 drone
116 1 80 234 17 15 drone
117 1 86 233 17 15 drone
118 1 92 231 17 15 drone
119 1 99 230 17 15 drone
120 1 105 228 17 15 drone
121 1 112 228 17 15 drone
122 1 118 227 17 15 drone
123 1 124 226 17 15 drone
124 1 131 225 17 15 drone
125 1 137 224 17 15 drone
126 1 144 222 17 15 drone
127 1 150 221 17 15 drone
128 1 156 220 17 15 drone
129 1 163 219 17 15 drone
130 1 169 218 17 15 drone
131 1 175 217 17 15 drone
132 1 182 216 17 15 drone
133 1 188 214 17 15 drone
134 1 194 213 17 15 drone
135 1 200 212 17 15 drone
136 1 207 212 17 15 drone
137 1 213 210 17 15 drone
138 1 219 209 17 15 drone
139 1 226 208 17 15 drone
140 1 232 207 17 15 drone
141 1 239 206 17 15 drone
142 1 245 205 17 15 drone
143 1 251 203 17 15 drone
144 1 258 202 17 15 drone
145 1 263 201 17 15 drone
146 1 270 199 17 15 drone
147 1 276 198 17 15 drone
148 1 282 197 17 15 drone
149 1 289 196 17 15 drone
150 1 295 195 17 15 drone
151 1 300 193 17 15 drone
152 1 307 191 17 15 drone
153 1 313 190 17 15 drone
154 1 319 189 17 15 drone
155 1 325 188 17 15 drone
156 1 331 186 17 15 drone
157 1 337 184 17 15 drone
158 1 343 183 16 15 drone
159 1 349 182 17 15 drone
160 1 355 180 17 16 drone
161 1 361 179 17 15 drone
162 1 367 177 17 15 drone
163 1 372 176 18 16 drone
164 1 378 174 18 16 drone
165 1 382 173 18 16 drone
166 1 388 171 18 16 drone
167 1 392 170 18 16 drone
168 1 395 169 18 16 drone
169 1 394 167 19 17 drone
170 1 390 166 19 17 drone
171 1 386 165 19 17 drone
172 1 384 164 18 16 drone
173 1 383 163 18 16 drone
174 1 382 162 19 17 drone
175 1 380 160 19 17 drone
176 1 379 159 20 17 drone
177 1 378 158 20 18 drone
178 1 377 156 21 18 drone
179 1 375 155 21 19 drone
180 1 374 153 22 19 drone
181 1 373 152 22 20 drone
182 1 371 151 23 20 drone
183 1 370 149 23 21 drone
184 1 368 148 24 21 drone
185 1 366 146 24 22 drone
186 1 365 145 24 22 drone
187 1 364 144 24 22 drone
188 1 362 143 24 21 drone
189 1 361 142 24 21 drone
190 1 367 135 24 21 drone
191 1 366 134 24 21 drone
192 1 365 133 24 21 drone
193 1 363 133 24 21 drone
194 1 361 132 24 21 drone
195 1 360 132 24 21 drone
196 1 358 135 24 21 drone
197 1 357 141 24 21 drone
198 1 355 148 24 21 drone
199 1 353 154 25 22 drone
200 1 352 163 24 21 drone
201 1 350 172 24 21 drone
202 1 348 181 23 21 drone
203 1 345 188 24 21 drone
204 1 344 196 24 21 drone
205 1 342 204 23 20 drone
206 1 338 212 24 21 drone
207 1 336 220 23 20 drone
208 1 334 227 23 20 drone
209 1 331 235 23 21 drone
210 1 327 242 25 22 drone
211 1 325 251 24 21 drone
212 1 323 259 24 21 drone
213 1 320 268 23 20 drone
214 1 316 276 24 21 drone
215 1 317 285 24 21 drone
216 1 320 294 25 22 drone
217 1 323 303 25 22 drone
218 1 328 312 23 20 drone
219 1 331 320 24 21 drone
220 1 334 330 24 21 drone
221 1 338 339 24 21 drone
222 1 341 349 24 21 drone
223 1 345 359 24 21 drone
224 1 349 368 24 21 drone
225 1 353 374 24 21 drone
226 1 356 379 25 22 drone
227 1 360 385 24 21 drone
228 1 365 391 23 20 drone
229 1 368 396 23 20 drone
230 1 372 401 23 20 drone
231 1 376 406 23 20 drone
232 1 379 412 24 21 drone
233 1 383 417 23 20 drone
234 1 385 421 24 21 drone
235 1 388 422 24 21 drone
236 1 392 422 23 20 drone
237 1 396 422 23 20 drone
238 1 399 421 23 20 drone
239 1 402 419 23 20 drone
240 1 404 418 24 21 drone
241 1 406 415 25 22 drone
242 1 407 413 26 23 drone
243 1 411 410 26 22 drone
244 1 414 408 25 22 drone
245 1 417 405 25 22 drone
246 1 419 402 25 22 drone
247 1 421 399 26 22 drone
248 1 424 397 25 22 drone
249 1 426 394 26 23 drone
250 1 428 391 26 23 drone
251 1 430 388 27 23 drone
252 1 432 385 27 23 drone
253 1 434 382 27 24 drone
254 1 435 379 27 23 drone
255 1 437 376 27 23 drone
256 1 439 372 27 23 drone
257 1 440 369 27 24 drone
258 1 441 366 27 24 drone
259 1 442 362 27 24 drone
260 1 442 359 28 25 drone
261 1 444 355 28 25 drone
262 1 445 352 28 25 drone
263 1 446 349 28 25 drone
264 1 446 345 28 25 drone
265 1 447 342 28 25 drone
266 1 448 339 28 25 drone
267 1 448 335 28 25 drone
268 1 448 332 29 25 drone
269 1 448 328 28 25 drone
270 1 447 325 28 25 drone
271 1 446 321 29 25 drone
272 1 443 318 29 25 drone
273 1 435 314 28 25 drone
274 1 425 311 29 25 drone
275 1 415 307 29 25 drone
276 1 405 304 29 25 drone
277 1 396 301 28 25 drone
278 1 387 297 28 25 drone
279 1 377 293 29 25 drone
280 1 368 289 29 25 drone
281 1 359 285 29 25 drone
282 1 350 280 42 27 drone
283 1 341 276 42 27 drone
284 1 332 272 42 27 drone
285 1 323 268 43 27 drone
286 1 314 264 43 28 drone
287 1 305 260 43 28 drone
288 1 296 256 43 28 drone
289 1 287 252 44 28 drone
290 1 282 248 44 28 drone
291 1 279 244 44 28 drone
292 1 277 240 44 28 drone
293 1 273 236 45 29 drone
294 1 270 232 45 29 drone
295 1 267 228 46 30 drone
296 1 266 224 45 29 drone
297 1 263 220 46 29 drone
298 1 261 215 46 30 drone
299 1 258 211 46 29 drone
300 1 255 207 46 30 drone
301 1 253 203 46 30 drone
302 1 250 199 47 30 drone
303 1 247 195 47 30 drone
304 1 245 191 47 30 drone
305 1 242 187 47 30 drone
306 1 239 183 48 31 drone
307 1 236 179 48 31 drone
308 1 233 175 48 31 drone
309 1 230 172 48 31 drone
310 1 236 168 39 30 drone
311 1 233 164 39 30 drone
312 1 230 160 39 30 drone
313 1 226 156 39 30 drone
314 1 223 152 39 30 drone
315 1 221 148 40 31 drone
316 1 217 144 40 31 drone
317 1 214 140 40 31 drone
318 1 211 136 40 31 drone
319 1 208 133 40 31 drone
320 1 205 129 41 32 drone
321 1 203 125 41 31 drone
322 1 201 121 41 31 drone
323 1 201 118 41 32 drone
324 1 201 114 41 31 drone
325 1 203 110 41 32 drone
326 1 204 106 41 32 drone
327 1 205 103 42 32 drone
328 1 207 99 42 33 drone
329 1 210 95 42 32 drone
330 1 212 92 42 32 drone
331 1 214 88 42 32 drone
332 1 216 84 42 32 drone
333 1 218 81 41 32 drone
334 1 220 77 43 33 drone
335 1 223 73 42 32 drone
336 1 225 69 43 33 drone
337 1 227 66 42 32 drone
338 1 228 62 44 34 drone
339 1 229 58 44 34 drone
340 1 231 55 44 34 drone
341 1 232 51 44 34 drone
342 1 233 48 44 34 drone
343 1 235 44 44 34 drone
344 1 236 41 45 34 drone
345 1 237 37 45 34 drone
346 1 237 34 45 35 drone
347 1 238 31 45 35 drone
348 1 239 29 45 35 drone
349 1 240 27 45 35 drone
350 1 240 28 45 35 drone
351 1 241 33 45 35 drone
352 1 242 41 45 35 drone
353 1 241 50 47 36 drone
354 1 242 58 46 35 drone
355 1 242 67 45 35 drone
356 1 242 76 45 35 drone
357 1 242 85 45 35 drone
358 1 242 93 45 35 drone
359 1 241 102 46 35 drone
360 1 241 111 46 35 drone
361 1 240 119 45 35 drone
362 1 239 126 45 35 drone
363 1 236 135 46 36 drone
364 1 236 142 45 35 drone
365 1 233 155 46 36 drone
366 1 232 170 46 35 drone
367 1 232 184 46 35 drone
368 1 229 198 46 36 drone
369 1 227 213 46 36 drone
370 1 225 229 46 36 drone
371 1 223 244 46 35 drone
372 1 221 258 46 35 drone
373 1 219 273 46 35 drone
374 1 217 287 46 35 drone
375 1 214 300 46 35 drone
376 1 211 313 46 35 drone
377 1 209 325 46 35 drone
378 1 206 337 46 35 drone
379 1 203 349 45 35 drone
380 1 200 359 45 35 drone
381 1 197 369 45 35 drone
382 1 193 375 45 34 drone
383 1 190 379 45 34 drone
384 1 187 383 44 34 drone
385 1 187 388 44 34 drone
386 1 190 391 44 34 drone
387 1 194 394 44 34 drone
388 1 197 398 44 34 drone
389 1 199 400 44 34 drone
390 1 201 404 44 34 drone
391 1 203 407 44 34 drone
392 1 204 410 44 34 drone
393 1 206 413 44 34 drone
394 1 207 414 44 34 drone
395 1 207 414 43 33 drone
396 1 208 413 43 33 drone
397 1 209 411 43 33 drone
398 1 209 410 43 33 drone
399 1 210 408 43 33 drone
400 1 211 406 42 33 drone
401 1 211 405 42 33 drone
402 1 211 403 42 32 drone
403 1 212 401 42 32 drone
404 1 212 399 42 32 drone
405 1 212 397 42 32 drone
406 1 212 395 41 32 drone
407 1 212 393 41 32 drone
408 1 212 392 41 32 drone
409 1 211 390 41 32 drone
410 1 211 388 41 32 drone
411 1 211 386 41 32 drone
412 1 211 385 42 32 drone
413 1 211 383 42 32 drone
414 1 211 382 42 32 drone
415 1 211 380 41 32 drone
416 1 211 367 36 51 drone
417 1 211 366 36 51 drone
418 1 210 365 36 51 drone
419 1 210 364 36 50 drone
420 1 209 363 36 51 drone
421 1 208 361 36 51 drone
422 1 208 360 36 51 drone
423 1 207 359 36 51 drone
424 1 206 359 36 50 drone
425 1 206 358 36 50 drone
426 1 205 357 36 51 drone
427 1 205 356 36 51 drone
428 1 204 355 35 50 drone
429 1 204 355 35 50 drone
430 1 203 354 36 50 drone
431 1 203 354 36 51 drone
432 1 203 354 34 48 drone
433 1 202 353 36 51 drone
434 1 202 353 36 51 drone
435 1 201 353 36 50 drone
436 1 201 353 34 48 drone
437 1 201 353 35 50 drone
438 1 200 353 35 49 drone
439 1 200 353 35 50 drone
440 1 199 353 34 48 drone
441 1 199 353 34 49 drone
442 1 198 353 34 49 drone
443 1 198 354 32 46 drone
444 1 198 355 33 46 drone
445 1 198 355 33 46 drone
446 1 198 355 32 46 drone
447 1 198 356 32 46 drone
448 1 198 356 32 46 drone
449 1 198 357 32 46 drone
450 1 199 357 32 45 drone
451 1 199 358 32 46 drone
452 1 200 359 32 46 drone
453 1 201 359 32 45 drone
454 1 202 360 32 45 drone
455 1 203 361 32 45 drone
456 1 205 362 31 44 drone
457 1 206 363 31 44 drone
458 1 208 364 32 45 drone
459 1 210 365 31 45 drone
460 1 212 366 32 45 drone
461 1 214 366 32 46 drone
462 1 216 367 32 46 drone
463 1 219 368 32 46 drone
464 1 222 369 33 46 drone
465 1 226 371 31 44 drone
466 1 230 373 31 43 drone
467 1 233 373 32 45 drone
468 1 237 375 30 43 drone
469 1 242 377 30 43 drone
470 1 246 377 33 46 drone
471 1 251 377 34 47 drone
472 1 257 381 31 43 drone
473 1 262 382 31 43 drone
474 1 268 384 30 43 drone
475 1 273 386 31 43 drone
476 1 279 387 31 43 drone
477 1 284 389 30 43 drone
478 1 290 391 30 43 drone
479 1 296 393 30 43 drone
480 1 302 395 30 43 drone
481 1 309 397 30 42 drone
482 1 315 399 29 42 drone
483 1 321 402 29 41 drone
484 1 328 404 29 40 drone
485 1 330 406 28 40 drone
486 1 327 408 28 40 drone
487 1 325 410 29 40 drone
488 1 323 413 28 40 drone
489 1 322 414 29 41 drone
490 1 320 416 29 41 drone
491 1 318 418 29 41 drone
492 1 317 420 29 41 drone
493 1 316 423 29 41 drone
494 1 314 425 29 41 drone
495 1 313 427 29 42 drone
496 1 311 430 29 42 drone
497 1 310 432 30 42 drone
498 1 309 435 30 42 drone
499 1 308 437 30 42 drone
500 1 307 440 45 40 drone
501 1 306 443 45 40 drone
502 1 304 445 45 40 drone
503 1 303 448 45 40 drone
504 1 302 451 45 40 drone
505 1 301 453 45 40 drone
506 1 299 456 45 40 drone
507 1 293 459 45 40 drone
508 1 286 462 45 40 drone
509 1 281 465 45 40 drone
510 1 279 467 45 40 drone
511 1 278 470 45 40 drone
512 1 276 472 45 40 drone
513 1 275 474 45 40 drone
514 1 274 477 46 40 drone
515 1 273 479 46 41 drone
516 1 272 480 45 40 drone
517 1 271 478 45 40 drone
518 1 270 473 45 40 drone
519 1 269 466 45 40 drone
520 1 268 461 45 40 drone
521 1 268 457 44 39 drone
522 1 268 453 44 39 drone
523 1 267 450 44 39 drone
524 1 267 445 44 39 drone
525 1 266 438 44 39 drone
526 1 265 429 44 39 drone
527 1 265 421 43 39 drone
528 1 264 413 43 39 drone
529 1 264 405 43 38 drone
530 1 263 396 43 38 drone
531 1 263 388 43 38 drone
532 1 262 379 43 38 drone
533 1 262 369 43 38 drone
534 1 261 360 42 38 drone
535 1 261 354 42 38 drone
536 1 261 350 42 38 drone
537 1 261 345 42 37 drone
538 1 260 340 42 37 drone
539 1 261 335 42 37 drone
540 1 260 330 42 37 drone
541 1 260 325 42 37 drone
542 1 260 320 42 37 drone
543 1 260 315 42 37 drone
544 1 260 310 42 37 drone
545 1 260 305 42 37 drone
546 1 260 300 42 37 drone
547 1 261 295 42 37 drone
548 1 261 289 41 36 drone
549 1 261 285 41 37 drone
550 1 262 284 41 36 drone
551 1 262 285 41 36 drone
552 1 263 285 40 36 drone
553 1 264 296 41 22 drone
554 1 265 297 41 22 drone
555 1 265 299 41 22 drone
556 1 266 301 41 22 drone
557 1 271 304 41 22 drone
558 1 279 306 41 22 drone
559 1 286 308 42 22 drone
560 1 294 311 41 22 drone
561 1 301 314 40 22 drone
562 1 307 317 40 22 drone
563 1 313 320 40 22 drone
564 1 319 323 40 21 drone
565 1 325 326 40 22 drone
566 1 331 328 40 22 drone
567 1 337 331 40 21 drone
568 1 343 334 39 21 drone
569 1 349 337 40 21 drone
570 1 356 340 39 21 drone
571 1 362 343 39 21 drone
572 1 368 346 39 21 drone
573 1 374 349 39 21 drone
574 1 380 352 39 21 drone
575 1 387 355 38 21 drone
576 1 393 358 38 20 drone
577 1 399 360 38 20 drone
578 1 405 363 37 20 drone
579 1 411 366 37 20 drone
580 1 417 369 37 20 drone
581 1 423 371 37 20 drone
582 1 426 374 36 20 drone
583 1 425 377 37 20 drone
584 1 424 380 36 19 drone
585 1 421 382 36 19 drone
586 1 417 385 37 20 drone
587 1 414 387 36 19 drone
588 1 411 389 36 19 drone
589 1 403 393 43 14 drone
590 1 400 393 43 14 drone
591 1 396 391 42 14 drone
592 1 392 384 42 14 drone
593 1 388 374 42 14 drone
594 1 384 365 41 14 drone
595 1 379 357 42 14 drone
596 1 376 348 41 13 drone
597 1 371 338 42 14 drone
598 1 367 329 42 14 drone
599 1 363 319 41 13 drone
600 1 359 306 41 13 drone
601 1 355 290 41 13 drone
602 1 351 274 41 13 drone
603 1 347 259 41 13 drone
604 1 343 243 41 13 drone
605 1 338 227 41 13 drone
606 1 333 213 43 14 drone
607 1 330 203 41 13 drone
608 1 326 194 41 13 drone
609 1 322 185 41 13 drone
610 1 318 177 42 14 drone
611 1 314 169 41 13 drone
612 1 311 162 41 13 drone
613 1 307 156 41 13 drone
614 1 303 150 42 14 drone
615 1 299 144 42 14 drone
616 1 295 139 41 13 drone
617 1 291 134 42 14 drone
618 1 287 129 42 14 drone
619 1 284 125 41 13 drone
620 1 280 124 41 13 drone
621 1 277 125 40 13 drone
622 1 274 126 39 13 drone
623 1 270 127 40 13 drone
624 1 267 128 40 13 drone
625 1 263 130 40 13 drone
626 1 259 131 40 13 drone
627 1 256 133 41 13 drone
628 1 252 135 41 13 drone
629 1 248 136 41 13 drone
630 1 246 138 41 13 drone
631 1 242 140 41 13 drone
632 1 239 142 40 13 drone
633 1 235 144 40 13 drone
634 1 232 146 40 13 drone
635 1 228 148 40 13 drone
636 1 226 150 39 13 drone
637 1 222 152 39 13 drone
638 1 219 154 39 13 drone
639 1 216 155 39 13 drone
640 1 213 157 39 13 drone
641 1 210 159 38 12 drone
642 1 207 161 37 12 drone
643 1 203 163 38 12 drone
644 1 200 165 37 12 drone
645 1 199 167 36 12 drone
646 1 196 169 37 12 drone
647 1 192 170 38 12 drone
648 1 191 172 37 12 drone
649 1 190 174 37 12 drone
650 1 192 176 37 12 drone
651 1 197 178 38 12 drone
652 1 202 179 38 12 drone
653 1 206 180 38 12 drone
654 1 209 182 39 13 drone
655 1 212 184 38 12 drone
656 1 214 186 38 12 drone
657 1 216 187 38 12 drone
658 1 217 189 38 12 drone
659 1 220 191 34 11 drone
660 1 222 193 34 11 drone
661 1 224 194 33 11 drone
662 1 227 196 31 10 drone
663 1 228 198 31 10 drone
664 1 229 199 31 10 drone
665 1 231 200 33 11 drone
666 1 233 202 33 11 drone
667 1 235 203 31 10 drone
668 1 237 205 31 10 drone
669 1 239 207 31 10 drone
670 1 242 208 31 10 drone
671 1 244 210 31 10 drone
672 1 247 211 31 10 drone
673 1 248 213 31 10 drone
674 1 249 214 31 10 drone
675 1 251 215 31 10 drone
676 1 254 217 32 10 drone
677 1 255 219 33 11 drone
678 1 258 220 32 11 drone
679 1 260 221 32 10 drone
680 1 263 223 32 10 drone
681 1 266 225 31 10 drone
682 1 268 226 31 10 drone
683 1 271 228 31 10 drone
684 1 273 229 31 10 drone
685 1 274 230 32 10 drone
686 1 278 232 31 10 drone
687 1 280 233 32 10 drone
688 1 281 235 33 11 drone
689 1 285 236 33 11 drone
690 1 288 238 33 11 drone
691 1 292 239 31 10 drone
692 1 294 240 33 11 drone
693 1 298 242 31 10 drone
694 1 301 243 32 10 drone
695 1 305 245 32 10 drone
696 1 309 246 31 10 drone
697 1 312 248 31 10 drone
698 1 315 249 31 10 drone
699 1 318 250 32 10 drone
700 1 322 252 31 10 drone
701 1 325 253 31 10 drone
702 1 328 254 32 10 drone
703 1 333 256 31 10 drone
704 1 336 257 31 10 drone
705 1 340 258 31 10 drone
706 1 344 259 31 10 drone
707 1 348 260 31 10 drone
708 1 352 262 31 10 drone
709 1 356 263 31 10 drone
710 1 360 264 31 10 drone
711 1 365 265 31 10 drone
712 1 368 266 32 10 drone
713 1 373 268 31 10 drone
714 1 378 269 31 10 drone
715 1 382 269 32 10 drone
716 1 386 271 31 10 drone
717 1 389 272 31 10 drone
718 1 394 272 31 10 drone
719 1 398 273 33 11 drone
720 1 404 274 31 10 drone
721 1 407 275 32 10 drone
722 1 412 276 31 10 drone
723 1 417 277 32 10 drone
724 1 423 278 31 10 drone
725 1 427 278 33 11 drone
726 1 432 279 33 11 drone
727 1 437 280 34 11 drone
728 1 442 281 33 11 drone
729 1 448 282 32 11 drone
730 1 451 282 35 11 drone
731 1 457 283 34 11 drone
732 1 463 284 34 11 drone
733 1 468 285 35 11 drone
734 1 475 286 33 11 drone
735 1 476 286 33 11 drone
736 1 476 288 31 10 drone
737 1 475 288 32 10 drone
738 1 474 289 32 10 drone
739 1 474 290 31 10 drone
740 1 471 291 32 11 drone
741 1 470 292 33 11 drone
742 1 468 292 33 11 drone
743 1 467 293 31 10 drone
744 1 466 295 31 10 drone
745 1 464 296 31 10 drone
746 1 460 296 36 12 drone
747 1 459 297 35 12 drone
748 1 458 298 34 11 drone
749 1 456 299 34 11 drone
750 1 454 299 35 11 drone
751 1 454 301 32 10 drone
752 1 450 301 34 11 drone
753 1 450 301 34 11 drone
754 1 444 301 38 12 drone
755 1 444 302 36 12 drone
756 1 442 304 34 11 drone
757 1 439 304 35 11 drone
758 1 436 305 35 11 drone
759 1 434 305 35 11 drone
760 1 433 306 34 11 drone
761 1 430 307 35 11 drone
762 1 427 308 35 11 drone
763 1 426 309 34 11 drone
764 1 424 309 34 11 drone
765 1 423 310 33 11 drone
766 1 422 311 31 10 drone
767 1 420 312 31 10 drone
768 1 417 312 32 10 drone
769 1 416 312 31 10 drone
770 1 414 313 31 10 drone
771 1 413 314 31 10 drone
772 1 410 314 32 10 drone
773 1 407 314 33 11 drone
774 1 404 315 34 11 drone
775 1 400 315 35 11 drone
776 1 399 316 35 11 drone
777 1 397 316 34 11 drone
778 1 395 317 34 11 drone
779 1 395 318 31 10 drone
780 1 391 318 33 11 drone
781 1 390 318 32 11 drone
782 1 388 319 32 10 drone
783 1 386 319 33 11 drone
784 1 383 320 33 11 drone
785 1 381 320 34 11 drone
786 1 379 321 33 11 drone
787 1 378 321 32 10 drone
788 1 375 322 33 11 drone
789 1 371 321 34 11 drone
790 1 369 322 35 11 drone
791 1 368 323 34 11 drone
792 1 365 323 34 11 drone
793 1 363 323 35 11 drone
794 1 362 324 33 11 drone
795 1 359 325 34 11 drone
796 1 359 326 31 10 drone
797 1 358 327 31 10 drone
798 1 355 327 32 10 drone
799 1 351 327 34 11 drone
800 1 352 329 31 10 drone
801 1 349 329 33 11 drone
802 1 346 329 33 11 drone
803 1 345 330 33 11 drone
804 1 343 330 32 11 drone
805 1 342 331 32 10 drone
806 1 341 332 31 10 drone
807 1 337 332 32 11 drone
808 1 336 333 31 10 drone
809 1 335 334 31 10 drone
810 1 334 335 31 10 drone
811 1 333 335 31 10 drone
812 1 331 335 32 10 drone
813 1 332 336 31 10 drone
814 1 335 336 31 10 drone
815 1 342 337 33 11 drone
816 1 351 337 33 11 drone
817 1 361 337 32 11 drone
818 1 371 337 32 10 drone
819 1 378 338 32 11 drone
820 1 385 338 32 10 drone
821 1 393 339 31 10 drone
822 1 399 339 31 10 drone
823 1 406 339 31 10 drone
824 1 411 339 32 11 drone
825 1 418 339 33 11 drone
826 1 426 340 31 10 drone
827 1 431 340 33 11 drone
828 1 438 340 33 11 drone
829 1 446 341 31 10 drone
830 1 451 341 33 11 drone
831 1 458 342 31 10 drone
832 1 463 342 32 10 drone
833 1 470 343 31 10 drone
834 1 477 343 31 10 drone
835 1 481 344 32 11 drone
836 1 485 343 34 11 drone
837 1 492 344 33 11 drone
838 1 499 345 32 10 drone
839 1 504 345 33 11 drone
840 1 510 346 33 11 drone
841 1 516 346 32 11 drone
842 1 521 346 33 11 drone
843 1 526 347 33 11 drone
844 1 533 348 31 10 drone
845 1 533 347 33 11 drone
846 1 532 348 31 10 drone
847 1 531 349 31 10 drone
848 1 531 350 31 10 drone
849 1 530 351 31 10 drone
850 1 530 352 31 10 drone
851 1 529 352 31 10 drone
852 1 526 353 32 10 drone
853 1 525 354 31 10 drone
854 1 525 355 31 10 drone
855 1 523 356 31 10 drone
856 1 522 356 31 10 drone
857 1 521 357 31 10 drone
858 1 519 358 32 10 drone
859 1 518 359 31 10 drone
860 1 515 359 33 11 drone
861 1 512 360 34 11 drone
862 1 512 361 33 11 drone
863 1 511 362 32 10 drone
864 1 509 363 33 11 drone
865 1 507 364 33 11 drone
866 1 504 365 34 11 drone
867 1 504 366 32 11 drone
868 1 501 367 34 11 drone
869 1 500 367 34 11 drone
870 1 500 368 33 11 drone
871 1 497 369 34 11 drone
872 1 495 370 34 11 drone
873 1 493 371 34 11 drone
874 1 491 372 34 11 drone
875 1 491 373 34 11 drone
876 1 488 373 36 12 drone
877 1 486 374 37 12 drone
878 1 486 375 35 12 drone
879 1 484 376 36 12 drone
880 1 480 376 39 13 drone
881 1 479 377 38 12 drone
882 1 477 378 38 12 drone
883 1 475 379 38 12 drone
884 1 472 379 41 13 drone
885 1 470 380 41 13 drone
886 1 467 380 43 14 drone
887 1 466 381 42 14 drone
888 1 464 382 43 14 drone
889 1 462 383 44 14 drone
890 1 460 384 43 14 drone
891 1 460 385 41 13 drone
892 1 456 385 44 14 drone
893 1 455 386 44 14 drone
894 1 455 387 42 14 drone
895 1 454 388 41 13 drone
896 1 451 388 43 14 drone
897 1 452 390 38 12 drone
898 1 449 390 40 13 drone
899 1 449 391 38 12 drone
900 1 448 392 37 12 drone
901 1 445 392 40 13 drone
902 1 442 393 41 13 drone
903 1 443 394 38 12 drone
904 1 441 395 38 12 drone
905 1 438 395 40 13 drone
906 1 439 396 36 12 drone
907 1 438 397 36 12 drone
908 1 436 397 36 12 drone
909 1 434 398 37 12 drone
910 1 434 399 33 11 drone
911 1 433 399 35 11 drone
912 1 432 399 33 11 drone
913 1 431 400 33 11 drone
914 1 430 401 32 10 drone
915 1 429 402 31 10 drone
916 1 428 402 31 10 drone
917 1 426 402 31 10 drone
918 1 425 403 31 10 drone
919 1 422 403 33 11 drone
920 1 422 404 31 10 drone
921 1 422 404 31 10 drone
922 1 418 404 34 11 drone
923 1 416 405 36 12 drone
924 1 415 405 35 11 drone
925 1 413 405 36 12 drone
926 1 411 406 35 11 drone
927 1 410 407 34 11 drone
928 1 410 407 33 11 drone
929 1 408 407 34 11 drone
930 1 407 407 34 11 drone
931 1 405 408 35 11 drone
932 1 404 408 34 11 drone
933 1 402 408 34 11 drone
934 1 402 408 33 11 drone
935 1 401 407 32 11 drone
936 1 399 402 32 10 drone
937 1 397 393 32 10 drone
938 1 397 380 31 10 drone
939 1 395 368 32 10 drone
940 1 393 360 31 10 drone
941 1 391 351 31 10 drone
942 1 389 343 31 10 drone
943 1 386 335 32 11 drone
944 1 386 329 31 10 drone
945 1 383 322 32 10 drone
946 1 382 316 32 10 drone
947 1 381 311 32 11 drone
948 1 378 306 34 11 drone
949 1 378 301 31 10 drone
950 1 377 297 31 10 drone
951 1 375 292 32 10 drone
952 1 372 287 33 11 drone
953 1 370 282 36 12 drone
954 1 370 279 33 11 drone
955 1 367 274 35 11 drone
956 1 367 271 32 10 drone
957 1 365 267 34 11 drone
958 1 361 263 36 12 drone
959 1 360 259 37 12 drone
960 1 359 259 38 12 drone
961 1 357 259 38 13 drone
962 1 357 259 35 12 drone
963 1 356 259 39 13 drone
964 1 353 259 41 13 drone
965 1 353 260 36 12 drone
966 1 350 259 42 14 drone
967 1 349 261 42 14 drone
968 1 346 261 44 14 drone
969 1 346 263 39 13 drone
970 1 345 263 40 13 drone
971 1 345 264 37 12 drone
972 1 345 264 35 11 drone
973 1 342 266 36 12 drone
974 1 341 266 35 11 drone
975 1 341 267 35 11 drone
976 1 341 268 32 11 drone
977 1 339 269 32 11 drone
978 1 337 269 33 11 drone
979 1 336 270 32 10 drone
980 1 333 271 36 12 drone
981 1 333 272 33 11 drone
982 1 332 273 32 10 drone
983 1 331 274 31 10 drone
984 1 328 275 31 10 drone
985 1 326 275 33 11 drone
986 1 325 276 31 10 drone
987 1 323 276 33 11 drone
988 1 321 277 33 11 drone
989 1 320 278 33 11 drone
990 1 319 278 33 11 drone
991 1 316 279 35 11 drone
992 1 316 281 31 10 drone
993 1 315 281 31 10 drone
994 1 313 281 32 10 drone
995 1 312 282 31 10 drone
996 1 310 283 32 11 drone
997 1 308 283 32 10 drone
998 1 307 284 32 10 drone
999 1 307 285 31 10 drone
1000 1 305 286 31 10 drone
1001 1 303 286 31 10 drone
1002 1 301 286 34 11 drone
1003 1 299 287 36 12 drone
1004 1 298 287 35 11 drone
1005 1 295 288 36 12 drone
1006 1 295 289 33 11 drone
1007 1 293 289 37 12 drone
1008 1 291 290 36 12 drone
1009 1 291 291 34 11 drone
1010 1 288 291 36 12 drone
1011 1 287 292 37 12 drone
1012 1 285 293 36 12 drone
1013 1 282 291 41 13 drone
1014 1 282 293 37 12 drone
1015 1 281 294 37 12 drone
1016 1 279 294 39 13 drone
1017 1 277 294 39 13 drone
1018 1 277 295 37 12 drone
1019 1 275 295 40 13 drone
1020 1 275 296 37 12 drone
1021 1 273 297 37 12 drone
1022 1 272 298 35 12 drone
1023 1 271 298 35 11 drone
1024 1 269 299 37 12 drone
1025 1 268 299 35 11 drone
1026 1 264 300 37 12 drone
1027 1 264 300 37 12 drone
1028 1 261 301 38 12 drone
1029 1 260 302 36 12 drone
1030 1 258 302 36 12 drone
1031 1 257 303 35 11 drone
1032 1 253 303 41 13 drone
1033 1 251 303 44 14 drone
1034 1 249 303 42 14 drone
1035 1 249 303 41 13 drone
1036 1 247 303 43 14 drone
1037 1 246 304 43 14 drone
1038 1 245 305 39 13 drone
1039 1 245 305 38 12 drone
1040 1 243 305 38 12 drone
1041 1 242 305 36 12 drone
1042 1 242 306 35 11 drone
1043 1 242 308 32 10 drone
1044 1 240 307 31 10 drone
1045 1 238 308 31 10 drone
1046 1 234 307 34 11 drone
1047 1 232 307 37 12 drone
1048 1 229 307 39 13 drone
1049 1 229 309 37 12 drone
1050 1 229 310 34 11 drone
1051 1 227 309 37 12 drone
1052 1 228 310 33 11 drone
1053 1 227 310 34 11 drone
1054 1 226 311 35 11 drone
1055 1 226 312 35 12 drone
1056 1 227 313 33 11 drone
1057 1 231 313 32 10 drone
1058 1 239 313 19 12 drone
1059 1 256 313 15 11 drone
1060 1 268 313 15 11 drone
1061 1 277 314 15 11 drone
1062 1 283 313 15 11 drone
1063 1 288 313 17 12 drone
1064 1 297 315 14 10 drone
1065 1 301 315 15 11 drone
1066 1 308 316 14 10 drone
1067 1 315 316 14 10 drone
1068 1 321 316 14 10 drone
1069 1 327 317 14 10 drone
1070 1 331 317 14 11 drone
1071 1 336 318 14 10 drone
1072 1 340 318 15 11 drone
1073 1 344 318 16 12 drone
1074 1 347 318 16 12 drone
1075 1 347 318 17 13 drone
1076 1 355 319 17 12 drone
1077 1 360 319 19 14 drone
1078 1 364 320 18 13 drone
1079 1 369 319 19 14 drone
1080 1 369 319 19 14 drone
1081 1 377 320 19 14 drone
1082 1 382 320 20 14 drone
1083 1 388 322 17 13 drone
1084 1 394 323 17 12 drone
1085 1 393 323 18 13 drone
1086 1 393 324 17 13 drone
1087 1 393 324 17 13 drone
1088 1 390 325 17 13 drone
1089 1 389 326 17 12 drone
1090 1 388 327 15 11 drone
1091 1 387 328 16 12 drone
1092 1 388 328 16 12 drone
1093 1 385 328 17 12 drone
1094 1 385 329 17 13 drone
1095 1 384 331 15 11 drone
1096 1 383 331 14 11 drone
1097 1 383 331 14 11 drone
1098 1 378 331 16 12 drone
1099 1 378 332 16 12 drone
1100 1 377 332 16 12 drone
1101 1 373 333 17 12 drone
1102 1 373 334 16 12 drone
1103 1 373 335 16 12 drone
1104 1 372 335 16 12 drone
1105 1 370 335 18 13 drone
1106 1 369 336 18 13 drone
1107 1 369 336 18 13 drone
1108 1 364 337 18 13 drone
1109 1 364 338 19 14 drone
1110 1 363 338 17 13 drone
1111 1 364 340 15 11 drone
1112 1 364 340 15 11 drone
1113 1 364 340 15 11 drone
1114 1 364 340 15 11 drone
1115 1 354 342 16 12 drone
1116 1 353 342 17 12 drone
1117 1 352 342 17 12 drone
1118 1 350 343 17 12 drone
1119 1 350 344 16 12 drone
1120 1 350 344 18 13 drone
1121 1 351 345 18 13 drone
1122 1 352 345 18 13 drone
1123 1 353 345 18 13 drone
1124 1 360 347 17 12 drone
1125 1 368 347 17 12 drone
1126 1 373 347 16 11 drone
1127 1 377 348 15 11 drone
1128 1 384 347 15 11 drone
1129 1 387 347 16 12 drone
1130 1 390 347 18 13 drone
1131 1 395 349 15 11 drone
1132 1 402 349 14 10 drone
1133 1 408 349 15 11 drone
1134 1 412 349 15 11 drone
1135 1 417 350 14 10 drone
1136 1 421 351 15 11 drone
1137 1 424 350 14 11 drone
1138 1 428 351 14 10 drone
1139 1 432 351 15 11 drone
1140 1 439 350 16 12 drone
1141 1 443 351 16 11 drone
1142 1 447 351 15 11 drone
1143 1 453 351 15 11 drone
1144 1 456 352 15 11 drone
1145 1 462 351 15 11 drone
1146 1 466 351 15 11 drone
1147 1 470 351 16 12 drone
1148 1 473 351 16 11 drone
1149 1 479 351 15 11 drone
1150 1 483 352 15 11 drone
1151 1 489 352 15 11 drone
1152 1 494 352 15 11 drone
1153 1 497 352 16 12 drone
1154 1 501 352 17 12 drone
1155 1 502 352 17 13 drone
1156 1 500 351 18 13 drone
1157 1 500 352 19 14 drone
1158 1 501 353 16 12 drone
1159 1 500 353 17 13 drone
1160 1 499 353 16 12 drone
1161 1 499 354 15 11 drone
1162 1 498 353 17 13 drone
1163 1 496 354 17 13 drone
1164 1 495 355 16 12 drone
1165 1 494 354 18 13 drone
1166 1 491 355 17 13 drone
1167 1 490 355 17 13 drone
1168 1 490 355 15 11 drone
1169 1 486 356 15 11 drone
1170 1 484 356 15 11 drone
1171 0
1172 0
1173 0
1174 0
1175 0
1176 0
1177 0
1178 0
1179 0
1180 0
1181 0
1182 0
1183 0
1184 0
1185 0
1186 0
1187 0
1188 0
1189 0
1190 0
1191 0
1192 0
1193 0
1194 0
1195 0
1196 0
1197 0
1198 0
1199 0
1200 0
1201 0
1202 0
1203 0
1204 0
1205 0
1206 0
1207 0
1208 0
1209 0
1210 0
1211 0
1212 0
1213 0
1214 0
1215 0
1216 0
1217 0
1218 0
1219 1 430 387 15 11 drone
1220 1 429 388 14 11 drone
1221 1 426 388 15 11 drone
1222 1 426 390 15 11 drone
1223 1 424 390 15 11 drone
1224 1 422 391 15 11 drone
1225 1 421 393 14 10 drone
1226 1 419 393 14 11 drone
1227 0
1228 0
1229 0
1230 0
1231 0
1232 0
1233 0
1234 0
1235 0
1236 0
1237 0
1238 0
1239 0
1240 0
1241 0
1242 0
1243 0
1244 0
1245 0
1246 0
1247 0
1248 0
1249 0
1250 0
1251 0
1252 0
1253 0
1254 0
1255 0
1256 0
1257 0
1258 0
1259 0
1260 0
1261 0
1262 0
1263 0
1264 0
1265 0
1266 0
1267 0
1268 0
1269 0
1270 0
1271 0
1272 0
1273 0
1274 0
1275 1 346 335 18 12 drone
1276 1 342 329 20 13 drone
1277 1 343 325 18 12 drone
1278 1 341 319 18 12 drone
1279 1 340 314 17 11 drone
1280 1 337 309 18 12 drone
1281 1 336 304 18 12 drone
1282 1 335 298 17 11 drone
1283 1 334 293 17 11 drone
1284 1 332 288 15 10 drone
1285 1 331 283 16 11 drone
1286 1 331 283 16 11 drone
1287 1 329 273 15 10 drone
1288 1 324 268 16 11 drone
1289 1 325 264 16 11 drone
1290 1 325 263 16 11 drone
1291 1 325 262 16 10 drone
1292 1 324 261 15 10 drone
1293 1 322 261 15 10 drone
1294 1 320 260 16 11 drone
1295 1 319 260 16 10 drone
1296 1 318 260 15 10 drone
1297 1 317 260 15 10 drone
1298 1 315 259 15 10 drone
1299 1 314 259 16 11 drone
1300 1 311 259 16 11 drone
1301 1 311 259 17 11 drone
1302 1 309 259 16 11 drone
1303 1 308 260 16 10 drone
1304 1 306 259 17 11 drone
1305 1 305 259 16 11 drone
1306 1 305 260 15 10 drone
1307 1 302 260 15 10 drone
1308 1 300 260 17 11 drone
1309 1 299 260 15 10 drone
1310 1 300 261 15 10 drone
1311 1 299 261 15 10 drone
1312 1 298 261 16 10 drone
1313 1 297 261 16 11 drone
1314 1 298 261 16 11 drone
1315 1 297 261 16 11 drone
1316 1 299 261 16 11 drone
1317 1 307 262 16 11 drone
1318 1 319 261 16 11 drone
1319 1 334 261 16 11 drone
1320 1 346 261 16 10 drone
1321 1 352 261 16 11 drone
1322 1 356 260 17 11 drone
1323 1 363 260 17 11 drone
1324 1 371 260 16 11 drone
1325 1 377 260 17 11 drone
1326 1 381 259 19 12 drone
1327 1 388 259 19 13 drone
1328 1 394 258 20 13 drone
1329 1 399 257 22 15 drone
1330 1 406 257 22 14 drone
1331 1 411 259 26 11 drone
1332 1 418 259 27 11 drone
1333 1 422 259 28 12 drone
1334 1 429 258 27 11 drone
1335 1 435 259 26 11 drone
1336 1 441 259 28 12 drone
1337 1 448 260 26 11 drone
1338 1 456 260 25 11 drone
1339 1 460 260 26 11 drone
1340 1 465 260 28 12 drone
1341 1 474 261 25 11 drone
1342 1 480 260 26 11 drone
1343 1 485 261 27 11 drone
1344 1 492 261 26 11 drone
1345 1 493 261 26 11 drone
1346 1 491 262 27 12 drone
1347 1 491 263 26 11 drone
1348 1 490 263 27 11 drone
1349 1 490 264 24 10 drone
1350 1 488 264 26 11 drone
1351 1 487 265 27 11 drone
1352 1 488 266 24 10 drone
1353 1 486 266 25 11 drone
1354 1 483 266 26 11 drone
1355 1 482 267 26 11 drone
1356 1 480 268 26 11 drone
1357 1 479 268 25 11 drone
1358 1 477 268 26 11 drone
1359 1 476 269 26 11 drone
1360 1 474 270 26 11 drone
1361 1 475 271 24 10 drone
1362 1 471 271 26 11 drone
1363 1 472 272 25 10 drone
1364 1 470 273 24 10 drone
1365 1 467 273 26 11 drone
1366 1 467 274 26 11 drone
1367 1 465 275 25 11 drone
1368 1 465 276 24 10 drone
1369 1 462 276 24 10 drone
1370 1 461 277 24 10 drone
1371 1 459 277 26 11 drone
1372 1 458 278 26 11 drone
1373 1 457 279 24 10 drone
1374 1 456 280 24 10 drone
1375 1 455 281 24 10 drone
1376 1 453 281 24 10 drone
1377 1 450 281 26 11 drone
1378 1 451 283 24 10 drone
1379 1 448 283 24 10 drone
1380 1 447 284 26 11 drone
1381 1 446 285 25 10 drone
1382 1 444 286 25 11 drone
1383 1 441 286 26 11 drone
1384 1 441 287 25 11 drone
1385 1 440 287 26 11 drone
1386 1 439 288 25 10 drone
1387 1 438 289 24 10 drone
1388 1 437 290 24 10 drone
1389 1 436 291 24 10 drone
1390 1 434 292 24 10 drone
1391 1 432 292 25 10 drone
1392 1 431 292 25 10 drone
1393 1 429 293 24 10 drone
1394 1 428 294 25 11 drone
1395 1 426 295 26 11 drone
1396 1 426 297 24 10 drone
1397 1 422 297 26 11 drone
1398 1 424 298 24 10 drone
1399 1 421 298 24 10 drone
1400 1 418 298 26 11 drone
1401 1 419 300 24 10 drone
1402 1 419 300 25 10 drone
1403 1 416 302 24 10 drone
1404 1 412 302 28 12 drone
1405 1 412 303 26 11 drone
1406 1 413 304 24 10 drone
1407 1 411 304 24 10 drone
1408 1 408 304 25 11 drone
1409 1 408 306 24 10 drone
1410 1 408 307 24 10 drone
1411 1 407 307 24 10 drone
1412 1 405 308 24 10 drone
1413 1 402 308 26 11 drone
1414 1 402 309 24 10 drone
1415 1 400 310 24 10 drone
1416 1 400 310 24 10 drone
1417 1 399 311 25 11 drone
1418 1 398 312 24 10 drone
1419 1 397 313 24 10 drone
1420 1 391 312 28 12 drone
1421 1 393 314 24 10 drone
1422 1 392 315 24 10 drone
1423 1 390 315 24 10 drone
1424 1 388 316 24 10 drone
1425 1 389 316 24 10 drone
1426 1 384 316 28 12 drone
1427 1 385 317 24 10 drone
1428 1 384 319 25 10 drone
1429 1 383 319 24 10 drone
1430 1 381 318 27 12 drone
1431 1 382 320 24 10 drone
1432 1 380 321 24 10 drone
1433 1 377 321 25 10 drone
1434 1 375 321 27 12 drone
1435 1 375 322 24 10 drone
1436 1 377 323 24 10 drone
1437 1 371 323 25 11 drone
1438 1 372 324 24 10 drone
1439 1 368 323 28 12 drone
1440 1 370 324 26 11 drone
1441 1 368 325 26 11 drone
1442 1 370 325 25 11 drone
1443 1 371 326 24 10 drone
1444 1 371 326 24 10 drone
1445 1 374 326 24 10 drone
1446 1 380 327 24 10 drone
1447 1 394 327 24 10 drone
1448 1 406 326 24 10 drone
1449 1 413 325 28 12 drone
1450 1 420 326 24 10 drone
1451 1 418 326 25 11 drone
1452 1 420 327 24 10 drone
1453 1 419 327 25 11 drone
1454 1 416 327 27 11 drone
1455 1 419 328 24 10 drone
1456 1 419 328 24 10 drone
1457 1 421 327 25 10 drone
1458 1 427 328 24 10 drone
1459 1 431 328 24 10 drone
1460 1 438 328 24 10 drone
1461 1 443 328 24 10 drone
1462 1 448 327 24 10 drone
1463 1 452 326 27 11 drone
1464 1 460 326 25 10 drone
1465 1 467 327 25 11 drone
1466 1 473 327 25 11 drone
1467 1 479 326 25 10 drone
1468 1 484 326 28 12 drone
1469 1 490 325 26 11 drone
1470 1 497 324 28 12 drone
1471 1 502 325 28 12 drone
1472 1 509 324 27 12 drone
1473 1 515 325 27 12 drone
1474 1 519 324 26 11 drone
1475 1 520 324 26 11 drone
1476 1 520 324 26 11 drone
1477 1 518 323 28 12 drone
1478 1 518 324 28 12 drone
1479 1 519 324 26 11 drone
1480 1 518 324 27 11 drone
1481 1 517 323 28 12 drone
1482 1 516 324 26 11 drone
1483 1 515 323 26 11 drone
1484 1 514 324 27 12 drone
1485 1 515 325 24 10 drone
1486 1 511 324 28 12 drone
1487 1 512 326 24 10 drone
1488 1 508 323 31 13 drone
1489 1 510 325 26 11 drone
1490 1 508 324 26 11 drone
1491 1 507 325 26 11 drone
1492 1 506 324 26 11 drone
1493 1 504 325 27 12 drone
1494 1 504 325 25 11 drone
1495 1 502 325 28 12 drone
1496 1 502 325 26 11 drone
1497 1 500 325 26 11 drone
1498 1 500 326 26 11 drone
1499 1 499 326 24 10 drone
1500 1 498 326 26 11 drone
1501 1 496 327 27 12 drone
1502 1 496 326 25 11 drone
1503 1 496 328 24 10 drone
1504 1 495 328 24 10 drone
1505 1 494 328 25 10 drone
1506 1 492 328 25 10 drone
1507 1 491 328 24 10 drone
1508 1 491 329 24 10 drone
1509 1 490 329 24 10 drone
1510 1 489 329 24 10 drone
1511 1 488 330 24 10 drone
1512 1 487 330 24 10 drone
1513 1 486 330 24 10 drone
1514 1 486 330 24 10 drone
1515 1 485 331 24 10 drone
1516 1 483 331 24 10 drone
1517 1 482 332 24 10 drone
1518 1 481 333 24 10 drone
1519 1 481 333 24 10 drone
1520 1 480 333 24 10 drone
1521 1 478 334 24 10 drone
1522 1 478 334 24 10 drone
1523 1 476 334 24 10 drone
1524 1 475 335 24 10 drone
1525 1 474 335 24 10 drone
1526 1 473 336 24 10 drone
1527 1 473 336 24 10 drone
1528 1 471 337 24 10 drone
1529 1 471 337 24 10 drone
1530 1 469 337 24 10 drone
1531 1 469 338 24 10 drone
1532 1 468 339 24 10 drone
1533 1 468 339 24 10 drone
1534 1 467 339 24 10 drone
1535 1 466 340 24 10 drone
1536 1 465 340 24 10 drone
1537 1 463 340 24 10 drone
1538 1 463 341 24 10 drone
1539 1 462 341 24 10 drone
1540 1 460 341 24 10 drone
1541 1 460 341 24 10 drone
1542 1 458 342 24 10 drone
1543 1 458 342 24 10 drone
1544 1 457 343 24 10 drone
1545 1 456 344 24 10 drone
1546 1 456 344 24 10 drone
1547 1 455 344 24 10 drone
1548 1 454 344 24 10 drone
1549 1 453 344 24 10 drone
1550 1 452 345 24 10 drone
1551 1 450 346 24 10 drone
1552 1 450 346 24 10 drone
1553 1 449 346 24 10 drone
1554 1 449 347 24 10 drone
1555 1 447 347 24 10 drone
1556 1 446 347 24 10 drone
1557 1 445 348 24 10 drone
1558 1 444 348 24 10 drone
1559 1 444 348 24 10 drone
1560 1 443 348 24 10 drone
1561 1 442 348 24 10 drone
1562 1 442 348 24 10 drone
1563 1 441 348 24 10 drone
1564 1 441 349 24 10 drone
1565 1 437 348 24 10 drone
1566 1 438 348 24 10 drone
1567 1 437 348 24 10 drone
1568 1 437 347 24 10 drone
1569 1 435 346 24 10 drone
1570 1 436 345 24 10 drone
1571 1 434 341 26 11 drone
1572 1 433 335 25 11 drone
1573 1 432 323 25 11 drone
1574 0
1575 0
1576 0
1577 0
1578 0
1579 0
1580 0
1581 0
1582 0
1583 0
1584 0
1585 0
1586 0
1587 0
1588 0
1589 0
1590 0
1591 0
1592 0
1593 0
1594 0
1595 0
1596 0
1597 0
1598 0
1599 0
1600 0
1601 0
1602 0
1603 0
1604 0
1605 0
1606 0
1607 0
1608 0
1609 0
1610 0
1611 0
1612 1 414 289 21 11 drone
1613 1 412 289 22 11 drone
1614 1 412 289 21 11 drone
1615 1 409 289 23 12 drone
1616 1 410 289 22 12 drone
1617 1 409 289 21 11 drone
1618 1 409 289 20 11 drone
1619 1 408 290 20 11 drone
1620 1 408 290 19 10 drone
1621 1 407 290 19 10 drone
1622 1 403 289 22 11 drone
1623 1 405 291 19 10 drone
1624 1 404 291 19 10 drone
1625 1 403 290 20 11 drone
1626 1 402 291 20 10 drone
1627 1 400 290 22 11 drone
1628 1 400 291 22 11 drone
1629 1 399 290 22 11 drone
1630 1 398 291 21 11 drone
1631 1 397 290 21 11 drone
1632 1 396 291 23 12 drone
1633 1 395 291 20 11 drone
1634 1 394 291 22 12 drone
1635 1 394 291 20 11 drone
1636 1 393 291 21 11 drone
1637 1 393 292 19 10 drone
1638 1 391 291 22 12 drone
1639 1 391 292 20 11 drone
1640 1 390 291 23 12 drone
1641 1 388 292 23 12 drone
1642 1 386 291 22 12 drone
1643 1 388 292 21 11 drone
1644 1 387 293 21 11 drone
1645 1 386 292 22 12 drone
1646 1 386 293 21 11 drone
1647 1 386 292 21 11 drone
1648 1 384 292 22 12 drone
1649 1 385 293 20 10 drone
1650 1 382 292 23 12 drone
1651 1 382 293 21 11 drone
1652 1 380 293 22 11 drone
1653 1 378 293 22 12 drone
1654 1 380 294 20 11 drone
1655 1 378 294 22 11 drone
1656 1 377 293 22 11 drone
1657 1 376 294 22 12 drone
1658 1 376 295 20 10 drone
1659 1 376 295 19 10 drone
1660 1 375 295 19 10 drone
1661 1 374 295 20 11 drone
1662 1 373 295 20 11 drone
1663 1 372 296 19 10 drone
1664 1 371 296 20 10 drone
1665 1 370 296 20 11 drone
1666 1 370 297 20 10 drone
1667 1 367 296 21 11 drone
1668 1 367 297 21 11 drone
1669 1 368 298 19 10 drone
1670 1 366 298 19 10 drone
1671 1 366 299 19 10 drone
1672 1 363 298 21 11 drone
1673 1 361 298 23 12 drone
1674 1 363 300 19 10 drone
1675 1 362 300 20 10 drone
1676 1 358 300 22 12 drone
1677 1 358 300 22 12 drone
1678 1 360 301 20 11 drone
1679 1 357 301 22 12 drone
1680 1 356 300 23 12 drone
1681 1 357 303 19 10 drone
1682 1 354 302 22 12 drone
1683 1 354 303 21 11 drone
1684 1 354 304 20 11 drone
1685 1 352 304 21 11 drone
1686 1 351 304 23 12 drone
1687 1 353 306 20 10 drone
1688 1 349 306 22 12 drone
1689 1 349 307 21 11 drone
1690 1 349 308 22 12 drone
1691 1 350 310 20 11 drone
1692 1 350 310 20 11 drone
1693 1 349 310 22 11 drone
1694 1 351 311 20 10 drone
1695 1 352 313 19 10 drone
1696 1 353 313 19 10 drone
1697 1 350 313 21 11 drone
1698 1 353 314 19 10 drone
1699 1 354 314 21 11 drone
1700 1 357 314 23 12 drone
1701 1 370 313 24 13 drone
1702 1 397 316 19 10 drone
1703 1 416 316 20 11 drone
1704 1 431 316 23 13 drone
1705 1 444 315 22 12 drone
1706 1 454 316 22 12 drone
1707 1 463 316 23 13 drone
1708 1 475 318 20 11 drone
1709 1 484 318 20 11 drone
1710 1 491 318 20 11 drone
1711 1 491 318 20 11 drone
1712 1 509 317 23 13 drone
1713 1 518 318 24 13 drone
1714 1 529 319 20 11 drone
1715 1 536 319 23 13 drone
1716 1 545 320 23 12 drone
1717 1 553 319 24 13 drone
1718 1 563 319 24 13 drone
1719 1 573 320 22 12 drone
1720 1 579 319 28 15 drone
1721 1 588 319 29 16 drone
1722 1 600 321 24 13 drone
1723 1 607 320 27 15 drone
1724 1 618 320 24 13 drone
1725 1 618 320 24 13 drone
1726 1 619 320 28 15 drone
1727 1 619 321 29 16 drone
1728 1 620 323 26 15 drone
1729 1 620 323 28 15 drone
1730 1 620 322 28 15 drone
1731 1 620 324 27 15 drone
1732 1 621 324 26 14 drone
1733 1 621 325 24 13 drone
1734 1 621 326 24 13 drone
1735 1 619 326 26 14 drone
1736 1 618 327 25 14 drone
1737 1 619 328 23 13 drone
1738 1 617 327 26 14 drone
1739 1 616 328 25 14 drone
1740 1 615 329 25 14 drone
1741 1 615 330 23 13 drone
1742 1 613 329 27 15 drone
1743 1 613 329 28 16 drone
1744 1 617 331 25 14 drone
1745 1 620 333 24 13 drone
1746 1 625 334 24 13 drone
1747 1 633 337 22 12 drone
1748 1 633 337 23 13 drone
1749 1 633 337 24 13 drone
1750 1 630 337 26 14 drone
1751 1 630 337 25 13 drone
1752 1 630 337 25 13 drone
1753 1 628 338 25 14 drone
1754 1 628 339 23 13 drone
1755 1 626 338 26 14 drone
1756 1 625 339 26 14 drone
1757 1 627 339 22 12 drone
1758 1 624 340 25 14 drone
1759 1 624 341 23 12 drone
1760 1 623 341 23 13 drone
1761 1 623 341 23 13 drone
1762 1 620 342 23 13 drone
1763 1 620 342 22 12 drone
1764 1 620 342 23 13 drone
1765 1 619 344 21 12 drone
1766 1 619 343 23 13 drone
1767 1 617 343 23 13 drone
1768 1 615 344 24 13 drone
1769 1 616 345 23 13 drone
1770 1 616 345 21 12 drone
1771 1 614 345 21 12 drone
1772 1 612 345 22 12 drone
1773 1 613 346 21 12 drone
1774 1 612 346 22 12 drone
1775 1 611 347 23 12 drone
1776 1 611 348 21 11 drone
1777 1 609 347 23 13 drone
1778 1 609 348 21 12 drone
1779 1 608 349 22 12 drone
1780 1 607 348 24 13 drone
1781 1 605 349 23 13 drone
1782 1 605 350 22 12 drone
1783 1 603 351 22 12 drone
1784 1 603 351 22 12 drone
1785 1 603 352 21 12 drone
1786 1 602 353 21 12 drone
1787 1 601 353 20 11 drone
1788 1 602 354 20 11 drone
1789 1 599 353 22 12 drone
1790 1 599 355 21 11 drone
1791 1 599 355 21 12 drone
1792 1 598 356 19 10 drone
1793 1 597 357 19 10 drone
1794 1 595 357 19 11 drone
1795 1 594 356 23 13 drone
1796 1 593 358 21 12 drone
1797 1 593 358 21 11 drone
1798 1 592 358 21 12 drone
1799 1 592 359 20 11 drone
1800 1 590 360 22 12 drone
1801 1 592 362 18 10 drone
1802 1 589 362 19 11 drone
1803 1 591 363 18 10 drone
1804 1 588 363 21 11 drone
1805 1 588 364 19 11 drone
1806 1 585 364 21 11 drone
1807 1 585 365 19 11 drone
1808 1 586 366 18 10 drone
1809 1 586 367 18 10 drone
1810 1 585 367 18 10 drone
1811 1 581 367 21 12 drone
1812 1 582 368 20 11 drone
1813 1 582 369 19 10 drone
1814 1 581 370 19 11 drone
1815 1 580 370 18 10 drone
1816 1 581 371 18 10 drone
1817 1 580 372 18 10 drone
1818 1 577 373 19 11 drone
1819 1 576 373 19 11 drone
1820 1 576 374 20 11 drone
1821 1 574 375 21 11 drone
1822 1 575 376 19 10 drone
1823 1 575 376 18 10 drone
1824 1 573 376 20 11 drone
1825 1 573 378 18 10 drone
1826 1 573 377 18 10 drone
1827 1 573 378 18 10 drone
1828 1 569 378 20 11 drone
1829 1 571 379 18 10 drone
1830 1 569 379 18 10 drone
1831 1 568 379 19 11 drone
1832 1 569 379 18 10 drone
1833 1 566 380 19 10 drone
1834 1 566 379 18 10 drone
1835 1 566 379 18 10 drone
1836 1 566 379 18 10 drone
1837 1 564 379 20 11 drone
1838 1 564 379 18 10 drone
1839 1 564 379 18 10 drone
1840 1 562 379 18 10 drone
1841 1 560 377 20 11 drone
1842 1 560 377 19 11 drone
1843 1 559 375 20 11 drone
1844 1 559 375 20 11 drone
1845 1 559 374 18 10 drone
1846 1 558 373 18 10 drone
1847 1 557 372 19 10 drone
1848 1 557 371 18 10 drone
1849 1 555 370 18 10 drone
1850 1 554 369 18 10 drone
1851 1 555 368 18 10 drone
1852 1 554 367 18 10 drone
1853 1 552 366 18 10 drone
1854 1 553 365 18 10 drone
1855 1 552 364 18 10 drone
1856 1 551 365 18 10 drone
1857 1 548 363 21 12 drone
1858 1 550 363 18 10 drone
1859 1 549 364 18 10 drone
1860 1 549 363 18 10 drone
1861 1 547 364 19 10 drone
1862 1 546 364 18 10 drone
1863 1 545 364 19 10 drone
1864 1 545 364 18 10 drone
1865 1 544 364 18 10 drone
1866 1 543 365 18 10 drone
1867 1 543 365 18 10 drone
1868 1 542 365 18 10 drone
1869 1 542 366 18 10 drone
1870 1 541 367 18 10 drone
1871 1 539 368 18 10 drone
1872 1 540 367 18 10 drone
1873 1 539 368 18 10 drone
1874 1 539 369 18 10 drone
1875 1 538 370 18 10 drone
1876 1 538 371 18 10 drone
1877 1 538 370 18 10 drone
1878 1 537 371 18 10 drone
1879 1 536 372 18 10 drone
1880 1 535 373 18 10 drone
1881 1 534 374 18 10 drone
1882 1 533 375 18 10 drone
1883 1 533 375 18 10 drone
1884 1 530 376 18 10 drone
1885 1 534 376 18 10 drone
1886 1 531 377 18 10 drone
1887 1 530 378 18 10 drone
1888 1 530 379 18 10 drone
1889 1 529 379 18 10 drone
1890 1 529 379 18 10 drone
1891 1 528 380 18 10 drone
1892 1 527 379 18 10 drone
1893 1 528 379 18 10 drone
1894 1 528 379 18 10 drone
1895 1 526 377 18 10 drone
1896 1 526 375 18 10 drone
1897 1 524 372 18 10 drone
1898 1 524 367 18 10 drone
1899 1 523 359 18 10 drone
1900 1 522 353 18 10 drone
1901 1 522 346 18 10 drone
1902 1 520 341 18 10 drone
1903 1 520 336 18 10 drone
1904 1 519 333 18 10 drone
1905 1 519 330 18 10 drone
1906 1 515 329 18 10 drone
1907 1 517 326 18 10 drone
1908 1 517 325 18 10 drone
1909 1 516 324 18 10 drone
1910 1 515 324 18 10 drone
1911 1 515 324 18 10 drone
1912 1 515 323 18 10 drone
1913 1 513 324 19 10 drone
1914 1 513 324 18 10 drone
1915 1 512 323 20 11 drone
1916 1 512 324 18 10 drone
1917 1 511 324 18 10 drone
1918 1 511 325 18 10 drone
1919 1 510 326 18 10 drone
1920 1 510 326 18 10 drone
1921 1 509 326 18 10 drone
1922 1 508 327 18 10 drone
1923 1 508 327 18 10 drone
1924 1 508 328 18 10 drone
1925 1 508 328 18 10 drone
1926 1 506 329 18 10 drone
1927 1 506 330 18 10 drone
1928 1 505 330 18 10 drone
1929 1 506 330 18 10 drone
1930 1 505 331 18 10 drone
1931 1 505 330 18 10 drone
1932 1 504 331 18 10 drone
1933 1 503 330 18 10 drone
1934 1 502 329 18 10 drone
1935 1 504 327 20 11 drone
1936 1 501 325 18 10 drone
1937 1 502 321 18 10 drone
1938 1 500 315 18 10 drone
1939 1 499 305 18 10 drone
1940 1 500 294 18 10 drone
1941 1 498 282 18 10 drone
1942 1 498 272 18 10 drone
1943 0
1944 0
1945 0
1946 0
1947 0
1948 0
1949 1 491 212 21 10 drone
1950 1 490 209 21 10 drone
1951 1 490 207 21 10 drone
1952 1 489 205 22 11 drone
1953 1 487 205 23 11 drone
1954 1 487 205 23 11 drone
1955 1 487 204 21 10 drone
1956 1 486 205 23 11 drone
1957 1 485 204 25 12 drone
1958 1 483 204 26 12 drone
1959 1 482 205 25 12 drone
1960 1 483 205 24 12 drone
1961 1 482 206 26 12 drone
1962 1 482 206 25 12 drone
1963 1 480 207 26 12 drone
1964 1 479 208 26 12 drone
1965 1 481 209 22 10 drone
1966 1 477 209 28 13 drone
1967 1 481 211 21 10 drone
1968 1 479 211 24 12 drone
1969 1 478 210 24 13 drone
1970 1 478 211 24 13 drone
1971 1 478 212 21 12 drone
1972 1 476 213 24 13 drone
1973 1 475 213 26 14 drone
1974 1 475 215 24 13 drone
1975 1 475 215 24 13 drone
1976 1 475 216 23 12 drone
1977 1 474 217 23 12 drone
1978 1 475 218 23 12 drone
1979 1 474 219 23 13 drone
1980 1 473 220 22 12 drone
1981 1 472 220 24 13 drone
1982 1 471 221 26 14 drone
1983 1 470 222 25 13 drone
1984 1 469 223 26 14 drone
1985 1 470 224 23 13 drone
1986 1 469 225 25 14 drone
1987 1 468 226 26 14 drone
1988 1 468 226 26 14 drone
1989 1 468 228 23 13 drone
1990 1 469 229 22 12 drone
1991 1 466 230 23 13 drone
1992 1 468 232 22 12 drone
1993 1 468 232 23 13 drone
1994 1 467 234 22 12 drone
1995 1 467 234 22 12 drone
1996 1 467 236 21 11 drone
1997 1 465 236 23 13 drone
1998 1 465 237 23 13 drone
1999 1 464 238 23 13 drone
2000 1 464 239 22 12 drone
2001 1 465 241 22 12 drone
2002 1 463 241 24 13 drone
2003 1 462 242 24 13 drone
2004 1 462 243 23 13 drone
2005 1 463 245 21 11 drone
2006 1 462 245 22 12 drone
2007 1 462 246 22 12 drone
2008 1 461 247 23 12 drone
2009 1 461 248 22 12 drone
2010 1 459 249 24 13 drone
2011 1 460 250 23 13 drone
2012 1 460 251 22 12 drone
2013 1 459 252 23 12 drone
2014 1 459 253 22 12 drone
2015 1 459 255 20 11 drone
2016 1 458 255 23 12 drone
2017 1 458 256 22 12 drone
2018 1 458 258 21 11 drone
2019 1 458 259 21 11 drone
2020 1 459 259 22 12 drone
2021 1 457 260 23 13 drone
2022 1 462 261 19 10 drone
2023 1 464 262 19 10 drone
2024 1 466 262 18 10 drone
2025 1 468 263 18 10 drone
2026 1 471 264 18 10 drone
2027 1 472 265 18 10 drone
2028 1 471 266 18 10 drone
2029 1 471 267 19 10 drone
2030 1 471 268 18 10 drone
2031 1 470 269 18 10 drone
2032 1 469 270 18 10 drone
2033 1 470 272 18 10 drone
2034 1 468 273 19 10 drone
2035 1 466 274 21 11 drone
2036 1 467 275 20 11 drone
2037 1 464 276 22 12 drone
2038 1 466 277 20 11 drone
2039 1 465 279 20 11 drone
2040 1 465 279 20 11 drone
2041 1 462 280 24 13 drone
2042 1 463 281 21 11 drone
2043 1 463 282 22 12 drone
2044 1 463 284 21 12 drone
2045 1 462 285 22 12 drone
2046 1 462 286 21 11 drone
2047 1 460 287 22 12 drone
2048 1 459 288 23 13 drone
2049 1 459 290 22 12 drone
2050 1 460 291 21 12 drone
2051 1 458 292 22 12 drone
2052 1 458 292 24 13 drone
2053 1 458 293 24 13 drone
2054 1 457 295 24 13 drone
2055 1 458 296 21 12 drone
2056 1 458 298 21 11 drone
2057 1 457 299 22 12 drone
2058 1 457 300 21 12 drone
2059 1 456 302 22 12 drone
2060 1 457 303 20 11 drone
2061 1 454 304 23 12 drone
2062 1 455 305 21 12 drone
2063 1 456 307 20 11 drone
2064 1 457 309 20 11 drone
2065 1 458 310 20 11 drone
2066 1 459 311 19 10 drone
2067 1 458 312 22 12 drone
2068 1 458 314 20 11 drone
2069 1 457 315 21 12 drone
2070 1 456 315 23 13 drone
2071 1 455 317 23 12 drone
2072 1 456 318 22 12 drone
2073 1 454 319 24 13 drone
2074 1 455 320 24 13 drone
2075 1 454 322 23 13 drone
2076 1 453 323 24 13 drone
2077 1 453 325 23 13 drone
2078 1 452 326 23 13 drone
2079 1 450 327 27 14 drone
2080 1 451 328 25 13 drone
2081 1 447 330 27 15 drone
2082 1 447 331 27 15 drone
2083 1 447 332 25 14 drone
2084 1 450 335 23 12 drone
2085 1 451 336 21 12 drone
2086 1 448 337 24 13 drone
2087 1 448 338 24 13 drone
2088 1 448 340 24 13 drone
2089 1 447 341 24 13 drone
2090 1 447 342 23 13 drone
2091 1 447 344 23 13 drone
2092 1 446 346 24 13 drone
2093 1 447 347 22 12 drone
2094 1 446 349 22 12 drone
2095 1 446 350 24 13 drone
2096 1 445 351 24 13 drone
2097 1 444 353 24 13 drone
2098 1 444 354 25 13 drone
2099 1 442 355 26 14 drone
2100 1 443 356 25 13 drone
2101 1 443 358 24 13 drone
2102 1 442 360 25 14 drone
2103 1 443 361 23 12 drone
2104 1 442 363 22 12 drone
2105 1 442 365 23 13 drone
2106 1 443 366 21 12 drone
2107 1 442 368 22 12 drone
2108 1 442 369 21 12 drone
2109 1 442 371 21 11 drone
2110 1 441 373 22 12 drone
2111 1 442 376 22 12 drone
2112 1 443 379 21 11 drone
2113 1 444 382 21 11 drone
2114 1 445 384 21 11 drone
2115 1 442 385 23 13 drone
2116 1 441 386 23 13 drone
2117 1 443 387 22 12 drone
2118 1 442 389 22 12 drone
2119 1 441 390 24 13 drone
2120 1 440 392 25 13 drone
2121 1 439 393 24 13 drone
2122 1 438 394 26 14 drone
2123 1 438 396 26 14 drone
2124 1 437 396 27 14 drone
2125 1 436 398 26 14 drone
2126 1 437 399 24 13 drone
2127 1 437 400 24 13 drone
2128 1 436 401 26 14 drone
2129 1 434 402 26 14 drone
2130 1 437 403 23 12 drone
2131 1 437 404 24 13 drone
2132 1 437 405 22 12 drone
2133 1 437 405 22 12 drone
2134 1 436 406 22 12 drone
2135 1 435 405 24 13 drone
2136 1 434 404 25 14 drone
2137 1 433 404 25 14 drone
2138 1 434 402 23 13 drone
2139 1 433 398 25 13 drone
2140 1 430 391 25 13 drone
2141 1 429 378 26 14 drone
2142 1 427 360 26 14 drone
2143 1 428 343 22 12 drone
2144 1 428 327 25 11 drone
2145 1 430 311 23 13 drone
2146 1 430 298 21 12 drone
2147 1 429 286 22 12 drone
2148 1 428 274 21 12 drone
2149 1 428 266 21 12 drone
2150 1 427 261 22 12 drone
2151 1 424 258 24 13 drone
2152 1 424 255 23 13 drone
2153 1 423 253 25 14 drone
2154 1 425 253 24 13 drone
2155 1 423 252 26 15 drone
2156 1 423 251 25 14 drone
2157 1 422 250 26 15 drone
2158 1 419 248 27 15 drone
2159 1 420 245 27 15 drone
2160 1 421 243 26 15 drone
2161 1 418 238 28 16 drone
2162 1 419 233 26 15 drone
2163 1 420 226 28 16 drone
2164 1 423 219 24 14 drone
2165 1 424 216 23 13 drone
2166 1 423 212 24 13 drone
2167 1 422 209 25 14 drone
2168 1 422 209 24 13 drone
2169 1 423 208 23 13 drone
2170 1 423 207 23 13 drone
2171 1 423 207 23 13 drone
2172 1 422 207 23 13 drone
2173 1 423 207 23 13 drone
2174 1 420 207 24 14 drone
2175 1 419 207 25 14 drone
2176 1 419 207 26 15 drone
2177 1 417 207 30 17 drone
2178 1 418 209 26 15 drone
2179 1 417 209 27 16 drone
2180 1 416 210 28 16 drone
2181 1 415 211 29 16 drone
2182 1 415 211 28 16 drone
2183 1 416 213 27 15 drone
2184 1 416 214 26 15 drone
2185 1 415 215 26 15 drone
2186 1 416 217 25 14 drone
2187 1 414 217 27 15 drone
2188 1 414 218 28 16 drone
2189 1 413 219 27 15 drone
2190 1 413 219 29 16 drone
2191 1 412 220 29 16 drone
2192 1 412 222 27 15 drone
2193 1 412 223 27 15 drone
2194 1 413 225 25 14 drone
2195 1 412 225 26 15 drone
2196 1 412 227 25 14 drone
2197 1 412 227 25 14 drone
2198 1 411 229 25 14 drone
2199 1 408 229 29 16 drone
2200 1 411 231 24 14 drone
2201 1 411 232 24 14 drone
2202 1 410 234 25 14 drone
2203 1 409 234 26 15 drone
2204 1 408 235 26 15 drone
2205 1 408 236 26 15 drone
2206 1 407 238 26 15 drone
2207 1 408 240 25 14 drone
2208 1 409 241 24 13 drone
2209 1 408 242 25 14 drone
2210 1 407 243 24 14 drone
2211 1 407 245 23 13 drone
2212 1 407 246 24 13 drone
2213 1 408 247 22 12 drone
2214 1 407 248 23 13 drone
2215 1 407 250 21 12 drone
2216 1 406 251 23 13 drone
2217 1 406 252 23 13 drone
2218 1 405 253 23 13 drone
2219 1 405 254 23 13 drone
2220 1 405 256 23 13 drone
2221 1 405 257 23 13 drone
2222 1 404 258 22 12 drone
2223 1 405 259 20 11 drone
2224 1 405 260 20 11 drone
2225 1 407 261 20 11 drone
2226 1 406 262 21 12 drone
2227 1 408 264 18 10 drone
2228 1 406 264 20 11 drone
2229 1 405 265 21 12 drone
2230 1 406 266 19 11 drone
2231 1 406 268 20 11 drone
2232 1 406 268 20 11 drone
2233 1 404 270 21 12 drone
2234 1 403 271 22 12 drone
2235 1 402 272 23 13 drone
2236 1 401 273 23 13 drone
2237 1 401 274 24 13 drone
2238 1 401 275 24 13 drone
2239 1 399 277 24 14 drone
2240 1 401 278 22 12 drone
2241 1 400 279 24 14 drone
2242 1 400 280 23 13 drone
2243 1 399 281 24 14 drone
2244 1 399 284 22 12 drone
2245 1 399 285 22 13 drone
2246 1 399 286 22 13 drone
2247 1 397 287 24 13 drone
2248 1 398 289 23 13 drone
2249 1 396 289 25 14 drone
2250 1 398 291 22 12 drone
2251 1 397 292 23 13 drone
2252 1 396 293 24 13 drone
2253 1 396 295 23 13 drone
2254 1 397 296 22 13 drone
2255 1 396 298 22 12 drone
2256 1 397 300 19 11 drone
2257 1 399 301 19 11 drone
2258 1 396 302 21 12 drone
2259 1 394 302 23 13 drone
2260 1 394 304 21 12 drone
2261 1 394 305 22 12 drone
2262 1 393 307 21 12 drone
2263 1 393 308 23 13 drone
2264 1 393 309 22 12 drone
2265 1 393 311 22 13 drone
2266 1 392 312 22 12 drone
2267 1 391 313 24 13 drone
2268 1 392 314 22 13 drone
2269 1 391 315 24 14 drone
2270 1 390 317 23 13 drone
2271 1 390 318 23 13 drone
2272 1 389 319 24 13 drone
2273 1 389 320 25 14 drone
2274 1 389 322 23 13 drone
2275 1 389 323 24 13 drone
2276 1 389 324 25 14 drone
2277 1 388 326 24 13 drone
2278 1 389 328 23 13 drone
2279 1 388 329 22 13 drone
2280 1 389 330 22 12 drone
2281 1 390 331 20 11 drone
2282 1 390 332 21 12 drone
2283 1 390 333 19 11 drone
2284 1 387 334 22 12 drone
2285 1 387 335 21 12 drone
2286 1 387 337 20 11 drone
2287 1 388 338 20 11 drone
2288 1 387 339 20 12 drone
2289 1 388 340 20 11 drone
2290 1 386 341 20 11 drone
2291 1 386 342 20 11 drone
2292 1 386 343 20 11 drone
2293 1 387 345 19 11 drone
2294 1 385 346 20 11 drone
2295 1 386 347 19 11 drone
2296 1 386 348 19 11 drone
2297 1 385 349 19 11 drone
2298 1 384 351 19 11 drone
2299 1 384 352 20 11 drone
2300 1 383 352 21 12 drone
2301 1 385 354 18 10 drone
2302 1 384 355 19 11 drone
2303 1 384 356 20 11 drone
2304 1 383 357 20 11 drone
2305 1 383 358 18 10 drone
2306 1 383 359 20 11 drone
2307 1 384 361 18 10 drone
2308 1 383 362 18 10 drone
2309 1 382 363 18 10 drone
2310 1 384 363 19 11 drone
2311 1 383 365 18 10 drone
2312 1 382 366 19 10 drone
2313 1 382 368 18 10 drone
2314 1 381 369 18 10 drone
2315 1 382 370 18 10 drone
2316 1 381 371 19 11 drone
2317 1 381 372 18 10 drone
2318 1 382 374 18 10 drone
2319 1 379 374 19 10 drone
2320 1 379 375 18 10 drone
2321 1 379 375 19 11 drone
2322 1 378 376 19 11 drone
2323 1 378 376 18 10 drone
2324 1 378 376 19 11 drone
2325 1 378 377 18 10 drone
2326 1 377 376 19 11 drone
2327 1 378 376 18 10 drone
2328 1 376 373 20 11 drone
2329 1 376 371 18 10 drone
2330 1 375 368 19 11 drone
2331 1 375 362 18 10 drone
2332 1 374 356 20 11 drone
2333 1 374 350 18 10 drone
2334 1 374 343 19 11 drone
2335 1 373 337 18 10 drone
2336 1 373 331 18 10 drone
2337 1 373 326 18 10 drone
2338 1 371 321 19 11 drone
2339 1 372 317 19 10 drone
2340 1 372 314 18 10 drone
2341 1 371 312 18 10 drone
2342 1 371 310 20 11 drone
2343 1 369 309 21 12 drone
2344 1 368 308 21 12 drone
2345 1 368 308 21 12 drone
2346 1 368 307 22 13 drone
2347 1 364 307 25 14 drone
2348 1 365 307 23 13 drone
2349 1 364 307 24 14 drone
2350 1 364 307 25 14 drone
2351 1 364 308 23 13 drone
2352 1 364 309 23 13 drone
2353 1 364 310 22 12 drone
2354 1 362 311 22 13 drone
2355 1 364 312 21 12 drone
2356 1 362 312 22 13 drone
2357 1 364 314 20 11 drone
2358 1 362 314 22 12 drone
2359 1 361 314 23 13 drone
2360 1 362 316 22 12 drone
2361 1 362 316 21 12 drone
2362 1 362 318 21 12 drone
2363 1 360 318 23 13 drone
2364 1 361 319 21 12 drone
2365 1 359 320 22 13 drone
2366 1 359 321 23 13 drone
2367 1 360 322 22 12 drone
2368 1 358 322 25 14 drone
2369 1 358 324 22 12 drone
2370 1 356 323 26 15 drone
2371 1 357 325 24 14 drone
2372 1 357 325 24 13 drone
2373 1 353 326 25 14 drone
2374 1 353 328 25 14 drone
2375 1 355 329 22 13 drone
2376 1 356 330 22 13 drone
2377 1 356 332 21 12 drone
2378 1 355 332 22 12 drone
2379 1 356 333 20 12 drone
2380 1 354 334 22 13 drone
2381 1 354 335 22 13 drone
2382 1 355 336 21 12 drone
2383 1 353 337 21 12 drone
2384 1 354 338 20 11 drone
2385 1 353 339 20 11 drone
2386 1 353 340 20 11 drone
2387 1 352 341 21 12 drone
2388 1 353 342 21 12 drone
2389 1 352 343 19 11 drone
2390 1 353 344 18 10 drone
2391 1 352 345 20 11 drone
2392 1 351 346 20 11 drone
2393 1 351 346 21 12 drone
2394 1 351 347 20 11 drone
2395 1 349 347 22 12 drone
2396 1 350 349 19 11 drone
2397 1 349 350 20 11 drone
2398 1 350 351 19 11 drone
2399 1 350 352 19 11 drone
2400 1 348 352 21 12 drone
2401 1 349 354 19 10 drone
2402 1 348 354 19 11 drone
2403 1 349 356 18 10 drone
2404 1 348 357 18 10 drone
2405 1 347 357 19 11 drone
2406 1 347 358 20 11 drone
2407 1 346 359 19 11 drone
2408 1 347 360 18 10 drone
2409 1 346 361 20 11 drone
2410 1 344 362 19 11 drone
2411 1 345 363 18 10 drone
2412 1 345 363 18 10 drone
2413 1 344 365 19 11 drone
2414 1 343 365 20 11 drone
2415 1 343 366 19 10 drone
2416 1 343 367 19 11 drone
2417 1 341 367 21 12 drone
2418 1 343 369 19 10 drone
2419 1 341 370 20 11 drone
2420 1 341 371 18 10 drone
2421 1 340 371 20 11 drone
2422 1 339 373 21 12 drone
2423 1 340 374 19 11 drone
2424 1 340 375 18 10 drone
2425 1 339 375 19 11 drone
2426 1 339 376 18 10 drone
2427 1 339 377 18 10 drone
2428 1 338 377 18 10 drone
2429 1 338 377 18 10 drone
2430 1 338 378 18 10 drone
2431 1 336 378 19 11 drone
2432 1 337 378 18 10 drone
2433 1 337 378 18 10 drone
2434 1 335 377 20 12 drone
2435 1 334 376 21 12 drone
2436 1 333 375 21 12 drone
2437 1 334 374 20 11 drone
2438 1 333 370 21 12 drone
2439 1 331 367 21 12 drone
2440 1 331 363 21 12 drone
2441 1 331 358 20 11 drone
2442 1 332 353 20 11 drone
2443 1 329 347 22 12 drone
2444 1 329 342 23 13 drone
2445 1 328 337 23 13 drone
2446 1 326 331 25 14 drone
2447 1 327 329 22 13 drone
2448 1 326 326 23 13 drone
2449 1 325 323 25 14 drone
2450 1 325 322 23 13 drone
2451 1 325 321 23 13 drone
2452 1 324 319 24 14 drone
2453 1 324 319 24 13 drone
2454 1 324 319 24 13 drone
2455 1 322 318 25 14 drone
2456 1 323 319 25 14 drone
2457 1 323 320 22 13 drone
2458 1 322 320 23 13 drone
2459 1 321 321 23 13 drone
2460 1 320 321 25 14 drone
2461 1 320 322 23 13 drone
2462 1 321 323 22 13 drone
2463 1 318 323 25 14 drone
2464 1 319 324 23 13 drone
2465 1 318 325 24 13 drone
2466 1 318 327 22 12 drone
2467 1 318 327 23 13 drone
2468 1 316 328 25 14 drone
2469 1 317 330 22 12 drone
2470 1 317 331 21 12 drone
2471 1 316 332 23 13 drone
2472 1 316 333 23 13 drone
2473 1 315 334 22 13 drone
2474 1 315 337 20 11 drone
2475 1 314 337 22 12 drone
2476 1 314 338 22 12 drone
2477 1 312 340 21 12 drone
2478 1 312 341 22 13 drone
2479 1 313 343 21 12 drone
2480 1 312 344 21 12 drone
2481 1 312 345 21 12 drone
2482 1 311 346 23 13 drone
2483 1 311 349 19 11 drone
2484 1 313 350 18 10 drone
2485 1 312 352 18 10 drone
2486 1 311 353 19 11 drone
2487 1 312 355 19 11 drone
2488 1 310 356 19 10 drone
2489 1 310 357 18 10 drone
2490 1 310 360 18 10 drone
2491 1 308 363 18 10 drone
2492 1 307 365 19 11 drone
2493 1 305 368 19 11 drone
2494 1 305 370 19 11 drone
2495 1 305 372 18 10 drone
2496 1 303 374 20 11 drone
2497 1 302 376 21 12 drone
2498 1 302 379 19 11 drone
2499 1 299 380 21 12 drone
2500 1 300 382 20 11 drone
2501 1 301 386 18 10 drone
2502 1 299 387 21 12 drone
2503 1 299 389 21 12 drone
2504 1 299 390 20 11 drone
2505 1 298 392 20 12 drone
2506 1 296 393 21 12 drone
2507 1 296 394 22 13 drone
2508 1 295 396 22 13 drone
2509 1 293 397 22 13 drone
2510 1 293 398 23 13 drone
2511 1 294 400 23 13 drone
2512 1 293 401 24 14 drone
2513 1 293 403 23 13 drone
2514 1 293 405 21 12 drone
2515 1 293 406 22 12 drone
2516 1 291 407 23 13 drone
2517 1 292 409 21 12 drone
2518 1 294 411 19 11 drone
2519 1 293 412 18 10 drone
2520 1 293 414 18 10 drone
2521 1 292 415 20 11 drone
2522 1 291 416 21 12 drone
2523 1 291 418 19 11 drone
2524 1 291 419 18 10 drone
2525 1 289 419 20 12 drone
2526 1 290 421 19 11 drone
2527 1 289 422 21 12 drone
2528 1 289 424 19 11 drone
2529 1 288 425 20 11 drone
2530 1 289 427 18 10 drone
2531 1 288 428 18 10 drone
2532 1 289 429 18 10 drone
2533 1 288 430 18 10 drone
2534 1 287 431 18 10 drone
2535 1 286 432 18 10 drone
2536 1 286 433 18 10 drone
2537 1 285 434 18 10 drone
2538 1 286 435 18 10 drone
2539 1 285 436 18 10 drone
2540 1 283 437 19 11 drone
2541 1 285 438 18 10 drone
2542 1 284 439 18 10 drone
2543 1 284 440 18 10 drone
2544 1 284 441 18 10 drone
2545 1 283 442 18 10 drone
2546 1 282 441 19 11 drone
2547 1 282 442 19 11 drone
2548 1 280 443 19 11 drone
2549 1 282 443 19 11 drone
2550 1 281 443 20 11 drone
2551 1 283 443 18 10 drone
2552 1 283 443 18 10 drone
2553 1 283 443 19 11 drone
2554 1 283 443 19 11 drone
2555 1 285 442 18 10 drone
2556 1 284 441 18 10 drone
2557 1 283 440 19 11 drone
2558 1 286 438 18 10 drone
2559 1 284 436 18 10 drone
2560 1 286 432 18 10 drone
2561 1 286 426 18 10 drone
2562 1 286 417 18 10 drone
2563 1 284 405 20 10 drone
2564 1 285 390 20 10 drone
2565 1 285 390 20 10 drone
2566 1 278 360 26 10 drone
2567 1 283 341 21 12 drone
2568 1 281 327 23 13 drone
2569 1 282 315 22 13 drone
2570 1 283 304 21 12 drone
2571 1 283 292 23 13 drone
2572 1 283 282 23 13 drone
2573 1 284 273 22 13 drone
2574 1 285 265 21 12 drone
2575 1 286 257 21 12 drone
2576 1 285 249 23 13 drone
2577 1 287 241 24 14 drone
2578 1 288 233 26 15 drone
2579 1 291 226 27 15 drone
2580 1 296 221 26 15 drone
2581 1 308 216 24 14 drone
2582 1 332 209 26 15 drone
2583 1 369 206 26 13 drone
2584 1 409 198 26 13 drone
2585 1 442 193 26 13 drone
2586 1 463 189 25 12 drone
2587 1 482 187 23 12 drone
2588 1 499 187 23 11 drone
2589 1 510 185 25 13 drone
2590 1 514 183 29 15 drone
2591 1 518 183 27 14 drone
2592 1 518 181 30 15 drone
2593 1 524 181 28 14 drone
2594 1 525 183 27 14 drone
2595 1 525 183 29 15 drone
2596 1 525 184 29 15 drone
2597 1 532 188 24 11 drone
2598 1 535 188 22 10 drone
2599 1 534 189 22 10 drone
2600 1 534 190 22 10 drone
2601 1 534 191 22 10 drone
2602 1 533 191 24 11 drone
2603 1 533 192 23 11 drone
2604 1 534 193 22 10 drone
2605 1 534 193 22 10 drone
2606 1 533 193 23 11 drone
2607 1 532 195 22 10 drone
2608 1 532 197 22 10 drone
2609 1 532 198 22 10 drone
2610 1 530 198 24 11 drone
2611 1 530 199 23 11 drone
2612 1 531 200 22 10 drone
2613 1 530 202 22 10 drone
2614 1 530 203 22 10 drone
2615 1 528 204 23 11 drone
2616 1 529 205 23 10 drone
2617 1 527 206 23 11 drone
2618 1 527 207 24 11 drone
2619 1 526 209 22 10 drone
2620 1 527 210 23 10 drone
2621 1 525 211 23 10 drone
2622 1 525 213 22 10 drone
2623 1 525 214 22 10 drone
2624 1 524 215 22 10 drone
2625 1 524 216 22 10 drone
2626 1 524 217 22 10 drone
2627 1 522 218 23 10 drone
2628 1 522 220 22 10 drone
2629 1 521 221 24 11 drone
2630 1 522 223 23 11 drone
2631 1 520 224 23 11 drone
2632 1 520 225 24 11 drone
2633 1 519 226 25 12 drone
2634 1 519 227 25 11 drone
2635 1 518 229 24 11 drone
2636 1 517 229 26 12 drone
2637 1 518 231 22 10 drone
2638 1 517 232 24 11 drone
2639 1 518 234 23 11 drone
2640 1 518 235 24 11 drone
2641 1 516 237 24 11 drone
2642 1 517 238 22 10 drone
2643 1 514 239 25 11 drone
2644 1 514 240 24 11 drone
2645 1 514 242 24 11 drone
2646 1 514 243 23 10 drone
2647 1 515 244 22 10 drone
2648 1 514 246 22 10 drone
2649 1 511 247 24 11 drone
2650 1 513 249 22 10 drone
2651 1 511 250 22 10 drone
2652 1 512 251 22 10 drone
2653 1 512 252 24 11 drone
2654 1 512 253 22 10 drone
2655 1 511 255 22 10 drone
2656 1 510 256 22 10 drone
2657 1 510 257 23 11 drone
2658 1 509 258 22 10 drone
2659 1 508 259 22 10 drone
2660 1 507 261 22 10 drone
2661 1 508 262 22 10 drone
2662 1 507 263 22 10 drone
2663 1 506 265 22 10 drone
2664 1 506 265 22 10 drone
2665 1 506 266 22 10 drone
2666 1 506 268 22 10 drone
2667 1 505 269 22 10 drone
2668 1 505 270 22 10 drone
2669 1 504 271 22 10 drone
2670 1 503 272 22 10 drone
2671 1 502 273 22 10 drone
2672 1 502 275 22 10 drone
2673 1 501 276 22 10 drone
2674 1 500 276 26 12 drone
2675 1 500 278 22 10 drone
2676 1 501 279 22 10 drone
2677 1 501 280 22 10 drone
2678 1 498 280 22 10 drone
2679 1 498 281 25 11 drone
2680 1 496 282 25 11 drone
2681 1 497 284 23 11 drone
2682 1 495 284 24 11 drone
2683 1 494 285 24 11 drone
2684 1 495 286 24 11 drone
2685 1 493 287 25 12 drone
2686 1 495 289 22 10 drone
2687 1 493 289 23 10 drone
2688 1 494 290 22 10 drone
2689 1 494 291 22 10 drone
2690 1 493 292 22 10 drone
2691 1 492 292 23 11 drone
2692 1 492 293 24 11 drone
2693 1 492 294 22 10 drone
2694 1 490 295 24 11 drone
2695 1 489 297 22 10 drone
2696 1 489 297 24 11 drone
2697 1 488 297 24 11 drone
2698 1 488 298 22 10 drone
2699 1 487 299 24 11 drone
2700 1 488 300 22 10 drone
2701 1 488 301 22 10 drone
2702 1 487 302 22 10 drone
2703 1 486 303 22 10 drone
2704 1 484 303 24 11 drone
2705 1 484 305 22 10 drone
2706 1 481 304 25 11 drone
2707 1 481 306 24 11 drone
2708 1 482 308 22 10 drone
2709 1 481 309 23 10 drone
2710 1 481 309 22 10 drone
2711 1 479 310 23 11 drone
2712 1 480 311 22 10 drone
2713 1 480 312 22 10 drone
2714 1 479 313 22 10 drone
2715 1 479 314 23 10 drone
2716 1 479 315 22 10 drone
2717 1 479 315 22 10 drone
2718 1 477 316 22 10 drone
2719 1 477 316 22 10 drone
2720 1 477 317 22 10 drone
2721 1 477 319 22 10 drone
2722 1 477 320 22 10 drone
2723 1 476 321 22 10 drone
2724 1 476 322 22 10 drone
2725 1 476 322 22 10 drone
2726 1 475 323 22 10 drone
2727 1 475 324 22 10 drone
2728 1 474 325 22 10 drone
2729 1 473 325 24 11 drone
2730 1 474 326 24 11 drone
2731 1 473 327 23 11 drone
2732 1 472 328 22 10 drone
2733 1 473 329 22 10 drone
2734 1 472 330 22 10 drone
2735 1 472 332 22 10 drone
2736 1 470 332 22 10 drone
2737 1 468 333 24 11 drone
2738 1 469 334 22 10 drone
2739 1 467 335 24 11 drone
2740 1 469 336 22 10 drone
2741 1 467 337 23 11 drone
2742 1 466 337 27 12 drone
2743 1 467 339 23 11 drone
2744 1 466 340 22 10 drone
2745 1 466 341 22 10 drone
2746 1 465 342 24 11 drone
2747 1 465 343 23 11 drone
2748 1 466 344 22 10 drone
2749 1 466 345 22 10 drone
2750 1 466 346 23 11 drone
2751 1 465 346 22 10 drone
2752 1 466 349 22 10 drone
2753 1 465 349 22 10 drone
2754 1 465 350 23 11 drone
2755 1 464 351 22 10 drone
2756 1 464 352 23 11 drone
2757 1 462 352 25 12 drone
2758 1 461 353 25 11 drone
2759 1 460 354 28 13 drone
2760 1 461 356 26 12 drone
2761 1 459 357 26 12 drone
2762 1 459 357 27 13 drone
2763 1 458 358 26 12 drone
2764 1 457 359 28 13 drone
2765 1 457 360 27 12 drone
2766 1 457 362 26 12 drone
2767 1 456 363 27 12 drone
2768 1 454 364 28 13 drone
2769 1 453 364 33 15 drone
2770 1 451 365 33 15 drone
2771 1 451 366 32 15 drone
2772 1 450 367 34 15 drone
2773 1 449 368 33 15 drone
2774 1 448 370 34 15 drone
2775 1 448 370 36 16 drone
2776 1 449 372 31 14 drone
2777 1 449 373 30 14 drone
2778 1 448 374 31 14 drone
2779 1 448 376 30 14 drone
2780 1 446 377 31 14 drone
2781 1 445 380 26 13 drone
2782 1 446 382 23 12 drone
2783 1 446 383 23 12 drone
2784 1 444 384 24 12 drone
2785 1 444 385 23 11 drone
2786 1 445 387 22 11 drone
2787 1 444 387 25 12 drone
2788 1 443 389 22 11 drone
2789 1 442 389 23 11 drone
2790 1 442 390 22 11 drone
2791 1 442 391 22 11 drone
2792 1 442 393 20 10 drone
2793 1 442 393 20 10 drone
2794 1 441 393 21 10 drone
2795 1 442 394 20 10 drone
2796 1 441 394 20 10 drone
2797 1 439 394 21 11 drone
2798 1 440 395 20 10 drone
2799 1 439 395 21 10 drone
2800 1 440 395 21 10 drone
2801 1 440 395 20 10 drone
2802 1 439 394 20 10 drone
2803 1 437 391 20 10 drone
2804 1 435 390 20 10 drone
2805 1 434 387 22 11 drone
2806 1 438 384 20 10 drone
2807 1 436 377 20 10 drone
2808 1 439 367 20 10 drone
2809 1 439 353 20 10 drone
2810 1 434 339 20 10 drone
2811 1 434 326 21 11 drone
2812 1 434 316 20 10 drone
2813 1 436 307 20 10 drone
2814 1 438 299 22 11 drone
2815 1 438 299 22 11 drone
2816 1 436 287 26 13 drone
2817 1 436 283 28 14 drone
2818 1 439 282 27 13 drone
2819 1 438 280 27 14 drone
2820 1 437 277 19 14 drone
2821 1 438 276 19 14 drone
2822 1 437 275 19 14 drone
2823 1 439 275 18 13 drone
2824 1 437 273 22 16 drone
2825 1 438 272 21 15 drone
2826 1 440 271 19 14 drone
2827 1 440 269 21 15 drone
2828 1 443 266 20 15 drone
2829 1 442 264 21 16 drone
2830 1 444 263 21 15 drone
2831 1 444 261 22 16 drone
2832 1 444 260 23 17 drone
2833 1 446 259 23 17 drone
2834 1 447 257 24 17 drone
2835 1 448 257 23 17 drone
2836 1 450 256 24 17 drone
2837 1 451 256 23 17 drone
2838 1 454 257 22 16 drone
2839 1 454 255 24 17 drone
2840 1 454 255 24 18 drone
2841 1 456 254 25 18 drone
2842 1 458 254 26 19 drone
2843 1 459 254 26 19 drone
2844 1 461 255 27 20 drone
2845 1 464 255 24 18 drone
2846 1 465 255 25 18 drone
2847 1 467 255 26 19 drone
2848 1 469 255 26 19 drone
2849 1 471 256 25 19 drone
2850 1 473 256 26 19 drone
2851 1 475 256 25 19 drone
2852 1 478 257 25 18 drone
2853 1 479 256 26 19 drone
2854 1 482 256 25 18 drone
2855 1 484 256 26 19 drone
2856 1 487 257 25 19 drone
2857 1 490 258 25 18 drone
2858 1 492 258 26 19 drone
2859 1 495 258 25 18 drone
2860 1 497 257 26 19 drone
2861 1 500 258 25 18 drone
2862 1 503 258 25 18 drone
2863 1 505 258 25 19 drone
2864 1 507 258 26 19 drone
2865 1 507 258 26 19 drone
2866 1 510 259 25 19 drone
2867 1 513 258 25 19 drone
2868 1 513 258 26 19 drone
2869 1 517 260 25 18 drone
2870 1 519 259 25 18 drone
2871 1 521 260 25 18 drone
2872 1 523 259 25 19 drone
2873 1 524 260 25 18 drone
2874 1 527 260 24 18 drone
2875 1 529 260 23 17 drone
2876 1 528 259 26 19 drone
2877 1 532 260 24 18 drone
2878 1 532 261 25 18 drone
2879 1 533 260 24 18 drone
2880 1 533 260 25 19 drone
2881 1 534 260 24 18 drone
2882 1 534 261 22 17 drone
2883 1 530 262 22 17 drone
2884 1 522 262 23 17 drone
2885 1 507 262 22 16 drone
2886 1 491 264 22 16 drone
2887 1 474 264 22 16 drone
2888 1 460 265 22 16 drone
2889 1 448 265 22 16 drone
2890 1 439 265 22 16 drone
2891 1 430 265 22 16 drone
2892 1 422 266 21 15 drone
2893 1 415 266 21 15 drone
2894 1 408 267 21 15 drone
2895 1 401 267 20 15 drone
2896 1 393 267 21 15 drone
2897 1 385 266 23 17 drone
2898 1 380 267 20 15 drone
2899 1 374 267 20 15 drone
2900 1 367 267 20 15 drone
2901 1 361 267 20 15 drone
2902 1 355 268 20 14 drone
2903 1 349 268 19 14 drone
2904 1 343 268 19 14 drone
2905 1 338 268 19 14 drone
2906 1 332 268 18 13 drone
2907 1 326 267 20 14 drone
2908 1 320 268 19 14 drone
2909 1 316 269 19 13 drone
2910 1 316 268 18 13 drone
2911 1 316 267 20 14 drone
2912 1 319 267 18 13 drone
2913 1 320 267 18 13 drone
2914 1 323 267 17 12 drone
2915 1 326 267 16 12 drone
2916 1 328 267 16 12 drone
2917 1 331 267 16 12 drone
2918 1 335 267 15 11 drone
2919 1 338 267 16 12 drone
2920 1 341 266 16 12 drone
2921 1 345 266 16 12 drone
2922 1 348 266 16 11 drone
2923 1 353 266 15 11 drone
2924 1 356 266 16 11 drone
2925 1 360 265 16 11 drone
2926 1 363 264 17 12 drone
2927 1 368 264 16 11 drone
2928 1 372 265 15 11 drone
2929 1 375 265 15 11 drone
2930 1 379 264 16 11 drone
2931 1 383 264 14 10 drone
2932 1 384 264 14 10 drone
2933 1 387 264 14 10 drone
2934 1 386 260 17 14 drone
2935 1 385 260 17 14 drone
2936 1 383 260 17 14 drone
2937 1 377 260 17 14 drone
2938 1 370 260 17 14 drone
2939 1 362 260 17 14 drone
2940 1 354 260 17 14 drone
2941 1 346 260 17 14 drone
2942 1 340 260 17 14 drone
2943 1 332 261 17 14 drone
2944 1 326 260 17 14 drone
2945 1 320 260 17 14 drone
2946 1 314 260 17 14 drone
2947 1 309 260 17 14 drone
2948 1 303 260 16 13 drone
2949 1 298 260 16 13 drone
2950 1 291 260 16 13 drone
2951 1 286 261 17 14 drone
2952 1 280 260 17 14 drone
2953 1 275 260 17 14 drone
2954 1 271 260 17 14 drone
2955 1 265 260 16 13 drone
2956 1 259 260 17 14 drone
2957 1 254 260 17 14 drone
2958 1 251 260 16 13 drone
2959 1 246 259 16 13 drone
2960 1 241 259 17 14 drone
2961 1 236 259 17 14 drone
2962 1 231 260 17 14 drone
2963 1 226 260 17 14 drone
2964 1 221 260 17 14 drone
2965 1 216 259 17 14 drone
2966 1 211 260 17 14 drone
2967 1 206 259 17 14 drone
2968 1 201 260 17 14 drone
2969 1 195 259 17 14 drone
2970 1 190 259 18 15 drone
2971 1 185 259 17 14 drone
2972 1 180 259 18 15 drone
2973 1 175 259 18 15 drone
2974 1 169 260 19 15 drone
2975 1 164 259 18 15 drone
2976 1 159 259 18 15 drone
2977 1 153 259 18 15 drone
2978 1 149 259 16 13 drone
2979 1 144 258 18 15 drone
2980 1 143 258 17 14 drone
2981 1 145 258 17 14 drone
2982 1 147 258 16 13 drone
2983 1 149 257 17 14 drone
2984 1 151 257 17 14 drone
2985 1 154 256 17 14 drone
2986 1 156 256 17 14 drone
2987 1 159 255 18 15 drone
2988 1 163 255 18 14 drone
2989 1 166 255 17 14 drone
2990 1 170 254 17 14 drone
2991 1 174 253 17 14 drone
2992 1 178 253 18 15 drone
2993 1 181 253 18 15 drone
2994 1 185 252 17 14 drone
2995 1 189 251 18 15 drone
2996 1 194 251 18 14 drone
2997 1 197 251 18 14 drone
2998 1 201 250 18 14 drone
2999 1 206 249 18 15 drone
3000 1 210 249 17 14 drone
