0 1 386 432 11 10 drone
1 1 384 431 11 10 drone
2 1 382 431 11 10 drone
3 1 379 431 11 10 drone
4 1 377 430 11 10 drone
5 1 377 430 11 10 drone
6 1 378 430 11 10 drone
7 1 383 429 11 10 drone
8 1 390 428 11 10 drone
9 1 397 427 11 10 drone
10 1 403 426 11 10 drone
11 1 406 426 11 10 drone
12 1 404 426 11 10 drone
13 1 403 425 11 10 drone
14 1 402 425 11 10 drone
15 1 399 425 11 10 drone
16 1 398 424 11 10 drone
17 1 396 424 11 10 drone
18 1 394 423 11 10 drone
19 1 392 423 11 10 drone
20 1 389 422 11 10 drone
21 1 387 422 11 10 drone
22 1 385 422 11 10 drone
23 1 383 421 11 10 drone
24 1 380 420 11 10 drone
25 1 378 421 11 10 drone
26 1 376 420 11 10 drone
27 1 374 420 11 10 drone
28 1 371 420 11 10 drone
29 1 369 419 11 10 drone
30 1 369 418 11 10 drone
31 1 371 418 11 10 drone
32 1 374 418 11 10 drone
33 1 380 417 11 10 drone
34 1 386 416 11 10 drone
35 1 392 416 11 10 drone
36 1 397 415 11 10 drone
37 1 396 415 12 11 drone
38 1 394 414 11 10 drone
39 1 394 414 11 10 drone
40 1 392 414 11 10 drone
41 1 389 413 11 10 drone
42 1 387 412 12 11 drone
43 1 385 412 11 10 drone
44 1 383 412 11 10 drone
45 1 381 411 11 10 drone
46 1 379 411 11 10 drone
47 1 377 411 11 10 drone
48 1 375 410 11 10 drone
49 1 373 410 11 10 drone
50 1 370 410 11 10 drone
51 1 368 409 12 11 drone
52 1 365 409 11 10 drone
53 1 363 408 12 11 drone
54 1 361 408 11 10 drone
55 1 359 408 12 11 drone
56 1 356 407 12 11 drone
57 1 354 407 11 10 drone
58 1 352 406 11 10 drone
59 1 350 407 11 10 drone
60 1 348 406 11 10 drone
61 1 345 406 12 11 drone
62 1 342 406 12 11 drone
63 1 341 405 12 11 drone
64 1 338 404 12 11 drone
65 1 336 405 11 10 drone
66 1 334 404 12 10 drone
67 1 331 404 11 10 drone
68 1 329 404 11 10 drone
69 1 327 403 11 10 drone
70 1 325 402 11 10 drone
71 1 322 403 11 10 drone
72 1 320 402 11 10 drone
73 1 318 402 11 10 drone
74 1 316 402 12 11 drone
75 1 313 401 11 10 drone
76 1 311 401 11 10 drone
77 1 309 401 11 10 drone
78 1 306 400 12 11 drone
79 1 305 399 12 11 drone
80 1 305 400 12 11 drone
81 1 308 399 11 10 drone
82 1 315 398 11 10 drone
83 1 328 397 12 11 drone
84 1 340 397 11 10 drone
85 1 351 397 12 10 drone
86 1 360 396 12 10 drone
87 1 367 395 12 10 drone
88 1 372 395 12 11 drone
89 1 371 395 11 10 drone
90 1 369 394 11 10 drone
91 1 367 394 12 11 drone
92 1 365 394 11 10 drone
93 1 363 393 11 10 drone
94 1 361 394 12 10 drone
95 1 359 393 11 10 drone
96 1 357 392 11 10 drone
97 1 354 393 11 10 drone
98 1 352 392 12 11 drone
99 1 350 391 12 11 drone
100 1 347 392 11 10 drone
101 1 345 391 11 10 drone
102 1 343 391 11 10 drone
103 1 340 391 12 11 drone
104 1 338 390 11 10 drone
105 1 335 390 12 11 drone
106 1 333 390 11 10 drone
107 1 331 390 12 11 drone
108 1 329 390 12 11 drone
109 1 326 389 12 11 drone
110 1 324 389 12 11 drone
111 1 321 389 11 10 drone
112 1 319 388 11 10 drone
113 1 317 388 12 10 drone
114 1 314 388 11 10 drone
115 1 313 387 12 10 drone
116 1 309 388 12 11 drone
117 1 307 387 11 10 drone
118 1 305 387 11 10 drone
119 1 302 387 12 11 drone
120 1 300 386 11 10 drone
121 1 297 386 11 10 drone
122 1 295 386 11 10 drone
123 1 293 385 12 10 drone
124 1 290 386 12 10 drone
125 1 288 385 11 10 drone
126 1 285 385 12 11 drone
127 1 283 385 11 10 drone
128 1 281 384 12 11 drone
129 1 278 384 12 10 drone
130 1 280 384 11 10 drone
131 1 286 383 12 10 drone
132 1 297 383 11 10 drone
133 1 313 383 14 10 drone
134 1 328 382 15 10 drone
135 1 340 382 14 10 drone
136 1 349 381 11 10 drone
137 1 356 380 11 10 drone
138 1 362 380 11 10 drone
139 1 367 380 11 10 drone
140 1 371 379 11 10 drone
141 1 376 378 11 10 drone
142 1 379 378 11 10 drone
143 1 382 378 11 10 drone
144 1 382 377 11 10 drone
145 1 379 377 11 10 drone
146 1 378 377 11 10 drone
147 1 376 376 11 10 drone
148 1 374 376 11 10 drone
149 1 371 376 11 10 drone
150 1 369 375 11 10 drone
151 1 366 375 11 10 drone
152 1 364 375 11 10 drone
153 1 362 374 11 10 drone
154 1 359 374 11 10 drone
155 1 357 374 11 10 drone
156 1 354 373 11 10 drone
157 1 352 373 11 10 drone
158 1 349 373 11 10 drone
159 1 347 372 11 10 drone
160 1 344 372 11 10 drone
161 1 342 372 11 10 drone
162 1 340 371 11 10 drone
163 1 337 370 11 10 drone
164 1 334 371 11 10 drone
165 1 332 370 11 10 drone
166 1 330 369 11 10 drone
167 1 327 369 11 10 drone
168 1 324 369 11 10 drone
169 1 322 368 11 10 drone
170 1 320 368 11 10 drone
171 1 317 368 11 10 drone
172 1 315 367 11 10 drone
173 1 312 367 11 10 drone
174 1 310 366 11 10 drone
175 1 308 366 11 10 drone
176 1 305 365 12 10 drone
177 1 302 365 11 10 drone
178 1 300 365 11 10 drone
179 1 297 364 11 10 drone
180 1 297 364 12 11 drone
181 1 297 363 11 10 drone
182 1 298 363 11 10 drone
183 1 304 362 12 11 drone
184 1 313 361 11 10 drone
185 1 322 360 11 10 drone
186 1 329 360 11 10 drone
187 1 336 359 11 10 drone
188 1 340 359 11 10 drone
189 1 341 358 12 11 drone
190 1 339 357 12 10 drone
191 1 337 358 12 10 drone
192 1 335 357 12 10 drone
193 1 333 356 12 11 drone
194 1 331 356 12 11 drone
195 1 329 356 12 10 drone
196 1 327 355 11 10 drone
197 1 324 354 12 11 drone
198 1 321 355 11 10 drone
199 1 319 354 12 11 drone
200 1 316 353 11 10 drone
201 1 314 353 12 11 drone
202 1 312 353 11 10 drone
203 1 309 352 12 11 drone
204 1 307 351 12 11 drone
205 1 309 351 12 11 drone
206 1 317 351 12 11 drone
207 1 328 350 11 10 drone
208 1 340 349 11 10 drone
209 1 351 348 12 10 drone
210 1 359 347 11 10 drone
211 1 365 347 11 10 drone
212 1 371 346 11 10 drone
213 1 376 346 12 11 drone
214 1 380 345 11 10 drone
215 1 384 344 11 10 drone
216 1 386 344 11 10 drone
217 1 385 344 12 11 drone
218 1 383 343 11 10 drone
219 1 381 343 11 10 drone
220 1 379 343 11 10 drone
221 1 377 342 11 10 drone
222 1 374 342 12 11 drone
223 1 372 342 11 10 drone
224 1 369 341 12 10 drone
225 1 366 341 12 11 drone
226 1 364 341 11 10 drone
227 1 362 340 12 11 drone
228 1 359 340 12 11 drone
229 1 357 340 11 10 drone
230 1 354 339 12 10 drone
231 1 352 339 11 10 drone
232 1 349 339 11 10 drone
233 1 347 338 11 10 drone
234 1 344 339 11 10 drone
235 1 341 338 11 10 drone
236 1 339 337 11 10 drone
237 1 336 337 12 10 drone
238 1 334 337 12 11 drone
239 1 331 337 11 10 drone
240 1 328 337 12 10 drone
241 1 326 336 11 10 drone
242 1 324 335 11 10 drone
243 1 321 336 11 10 drone
244 1 318 335 11 10 drone
245 1 315 335 11 10 drone
246 1 313 335 12 11 drone
247 1 311 334 11 10 drone
248 1 308 334 11 10 drone
249 1 305 334 11 10 drone
250 1 303 333 12 10 drone
251 1 300 334 11 10 drone
252 1 297 333 12 11 drone
253 1 295 332 11 10 drone
254 1 292 333 11 10 drone
255 1 294 332 11 10 drone
256 1 298 331 11 10 drone
257 1 308 329 13 11 drone
258 1 321 329 11 11 drone
259 1 334 329 13 10 drone
260 1 344 328 13 10 drone
261 1 352 327 13 10 drone
262 1 359 326 13 10 drone
263 1 364 327 13 10 drone
264 1 369 326 14 10 drone
265 1 373 325 14 10 drone
266 1 376 325 13 10 drone
267 1 373 324 14 11 drone
268 1 371 324 14 11 drone
269 1 369 323 14 11 drone
270 1 367 324 14 11 drone
271 1 364 323 14 11 drone
272 1 362 323 14 11 drone
273 1 359 322 14 11 drone
274 1 357 322 14 11 drone
275 1 355 321 14 11 drone
276 1 351 322 14 11 drone
277 1 349 321 14 11 drone
278 1 346 321 14 11 drone
279 1 343 321 14 11 drone
280 1 341 320 14 11 drone
281 1 338 319 15 11 drone
282 1 335 319 15 12 drone
283 1 332 319 15 11 drone
284 1 330 318 15 12 drone
285 1 327 318 15 11 drone
286 1 324 318 15 11 drone
287 1 322 317 15 11 drone
288 1 319 317 15 11 drone
289 1 316 317 14 11 drone
290 1 314 316 15 11 drone
291 1 311 316 14 11 drone
292 1 308 316 14 11 drone
293 1 306 315 15 11 drone
294 1 303 314 15 11 drone
295 1 300 314 15 11 drone
296 1 297 314 14 11 drone
297 1 295 314 15 11 drone
298 1 292 313 15 11 drone
299 1 289 313 15 11 drone
300 1 286 312 15 12 drone
301 1 283 312 15 12 drone
302 1 281 312 15 12 drone
303 1 278 311 15 12 drone
304 1 275 311 15 12 drone
305 1 272 311 15 11 drone
306 1 269 310 15 12 drone
307 1 266 309 16 12 drone
308 1 264 309 15 11 drone
309 1 261 308 16 12 drone
310 1 258 308 15 12 drone
311 1 255 308 16 12 drone
312 1 253 308 15 12 drone
313 1 250 307 16 12 drone
314 1 247 307 15 12 drone
315 1 244 306 16 12 drone
316 1 241 306 16 12 drone
317 1 238 305 16 13 drone
318 1 236 305 16 13 drone
319 1 233 304 16 12 drone
320 1 230 303 16 13 drone
321 1 227 303 17 13 drone
322 1 224 303 16 12 drone
323 1 223 302 15 11 drone
324 1 220 301 15 11 drone
325 1 218 301 14 11 drone
326 1 214 300 15 11 drone
327 1 212 300 15 11 drone
328 1 209 299 15 11 drone
329 1 206 300 15 11 drone
330 1 207 299 15 11 drone
331 1 206 298 15 11 drone
332 1 207 297 15 11 drone
333 1 215 297 15 11 drone
334 1 227 296 15 11 drone
335 1 238 296 14 11 drone
336 1 247 295 14 11 drone
337 1 252 294 14 10 drone
338 1 256 293 14 11 drone
339 1 257 294 14 10 drone
340 1 255 293 15 11 drone
341 1 253 292 15 11 drone
342 1 251 292 15 11 drone
343 1 248 292 14 11 drone
344 1 246 291 15 11 drone
345 1 243 290 15 11 drone
346 1 241 290 15 11 drone
347 1 238 290 15 11 drone
348 1 235 289 15 11 drone
349 1 233 289 15 11 drone
350 1 230 289 15 11 drone
351 1 227 288 15 11 drone
352 1 224 288 15 11 drone
353 1 221 288 15 11 drone
354 1 219 287 15 11 drone
355 1 218 287 14 10 drone
356 1 220 287 14 10 drone
357 1 226 286 14 10 drone
358 1 232 285 14 10 drone
359 1 239 285 14 10 drone
360 1 245 284 14 11 drone
361 1 249 284 14 10 drone
362 1 250 283 14 10 drone
363 1 247 283 14 10 drone
364 1 245 283 14 11 drone
365 1 243 282 15 11 drone
366 1 240 282 14 10 drone
367 1 238 282 14 11 drone
368 1 235 281 15 11 drone
369 1 233 281 14 10 drone
370 1 230 281 15 11 drone
371 1 227 280 14 11 drone
372 1 224 281 14 10 drone
373 1 221 280 15 11 drone
374 1 218 279 15 11 drone
375 1 215 280 14 11 drone
376 1 212 279 15 11 drone
377 1 209 278 15 11 drone
378 1 206 279 14 10 drone
379 1 204 278 15 11 drone
380 1 204 277 15 11 drone
381 1 208 277 15 11 drone
382 1 215 277 14 11 drone
383 1 224 276 15 11 drone
384 1 232 275 14 11 drone
385 1 240 275 14 10 drone
386 1 245 275 14 10 drone
387 1 250 274 15 11 drone
388 1 254 274 14 10 drone
389 1 256 274 14 10 drone
390 1 255 273 15 11 drone
391 1 252 273 14 11 drone
392 1 250 273 14 10 drone
393 1 248 272 15 11 drone
394 1 246 272 15 11 drone
395 1 243 272 14 11 drone
396 1 240 271 15 11 drone
397 1 237 271 14 11 drone
398 1 235 271 15 11 drone
399 1 232 270 15 11 drone
400 1 229 270 15 11 drone
401 1 226 270 15 11 drone
402 1 223 269 15 11 drone
403 1 220 269 15 11 drone
404 1 217 269 15 11 drone
405 1 216 269 15 11 drone
406 1 218 269 15 11 drone
407 1 222 269 14 11 drone
408 1 227 268 15 11 drone
409 1 233 268 15 11 drone
410 1 239 267 15 11 drone
411 1 244 266 15 11 drone
412 1 245 266 14 11 drone
413 1 243 266 15 11 drone
414 1 241 265 15 11 drone
415 1 239 265 15 11 drone
416 1 236 265 15 11 drone
417 1 234 265 15 11 drone
418 1 231 264 15 11 drone
419 1 229 264 16 11 drone
420 1 226 264 15 11 drone
421 1 223 263 16 11 drone
422 1 220 263 16 11 drone
423 1 217 263 16 11 drone
424 1 215 263 15 11 drone
425 1 211 262 16 12 drone
426 1 208 262 16 11 drone
427 1 205 262 16 12 drone
428 1 202 262 16 12 drone
429 1 200 262 15 11 drone
430 1 200 262 15 11 drone
431 1 205 262 15 11 drone
432 1 211 261 15 11 drone
433 1 219 261 14 10 drone
434 1 226 261 14 11 drone
435 1 233 260 15 11 drone
436 1 239 261 15 11 drone
437 1 239 260 15 11 drone
438 1 236 260 15 11 drone
439 1 234 260 15 11 drone
440 1 233 261 15 11 drone
441 1 230 260 15 11 drone
442 1 227 261 15 11 drone
443 1 225 260 15 11 drone
444 1 222 260 15 11 drone
445 1 219 260 15 11 drone
446 1 216 261 15 11 drone
447 1 213 261 15 11 drone
448 1 210 261 15 11 drone
449 1 207 262 15 11 drone
450 1 204 263 15 11 drone
451 1 201 263 15 11 drone
452 1 198 264 15 11 drone
453 1 195 266 15 11 drone
454 1 192 269 15 11 drone
455 1 189 274 15 11 drone
456 1 186 283 15 11 drone
457 1 183 294 15 11 drone
458 1 180 302 15 11 drone
459 1 177 309 15 11 drone
460 1 174 314 15 11 drone
461 1 171 318 15 11 drone
462 1 168 321 14 11 drone
463 1 165 323 14 10 drone
464 1 162 325 14 10 drone
465 1 159 326 14 10 drone
466 1 156 327 14 10 drone
467 1 153 327 14 10 drone
468 1 150 328 14 10 drone
469 1 146 327 14 10 drone
470 1 143 328 14 10 drone
471 1 140 328 14 10 drone
472 1 136 327 15 11 drone
473 1 134 327 15 11 drone
474 1 130 327 15 11 drone
475 1 127 326 15 11 drone
476 1 124 326 15 11 drone
477 1 121 326 15 11 drone
478 1 118 326 15 11 drone
479 1 115 326 15 11 drone
480 1 111 325 15 11 drone
481 1 108 324 15 11 drone
482 1 105 323 16 12 drone
483 1 102 323 15 11 drone
484 1 99 323 14 10 drone
485 1 96 322 15 11 drone
486 1 93 322 15 11 drone
487 1 90 321 15 11 drone
488 1 86 320 14 10 drone
489 1 83 320 14 10 drone
490 1 80 319 15 11 drone
491 1 77 318 15 11 drone
492 1 74 317 15 11 drone
493 1 71 317 15 11 drone
494 1 67 316 15 11 drone
495 1 64 315 15 11 drone
496 1 61 315 15 11 drone
497 1 58 314 16 12 drone
498 1 55 313 16 12 drone
499 1 51 312 16 12 drone
500 1 48 311 16 12 drone
501 1 45 310 16 12 drone
502 1 42 310 16 12 drone
503 1 39 309 16 12 drone
504 1 36 308 17 12 drone
505 1 33 307 17 12 drone
506 1 30 306 17 13 drone
507 1 26 305 17 12 drone
508 1 23 305 17 12 drone
509 1 20 304 17 12 drone
510 1 17 306 13 10 drone
511 1 14 305 13 10 drone
512 1 11 304 13 10 drone
513 1 8 304 13 10 drone
514 1 5 303 13 10 drone
515 1 5 303 13 10 drone
516 0
517 0
518 0
519 0
520 0
521 0
522 0
523 0
524 0
525 0
526 0
527 0
528 0
529 0
530 0
531 0
532 0
533 0
534 0
535 0
536 0
537 0
538 0
539 0
540 0
541 0
542 0
543 0
544 0
545 0
546 0
547 0
548 0
549 0
550 0
551 0
552 0
553 0
554 0
555 0
556 0
557 0
558 0
559 0
560 0
561 0
562 0
563 0
564 0
565 0
566 0
567 0
568 0
569 0
570 0
571 0
572 0
573 0
574 0
575 0
576 0
577 0
578 0
579 0
580 0
581 0
582 0
583 0
584 0
585 0
586 0
587 0
588 0
589 0
590 0
591 0
592 0
593 0
594 0
595 0
596 0
597 0
598 0
599 0
600 0
601 0
602 0
603 0
604 0
605 0
606 0
607 0
608 0
609 0
610 0
611 0
612 0
613 0
614 0
615 0
616 0
617 0
618 0
619 0
620 0
621 0
622 0
623 0
624 0
625 0
626 0
627 0
628 0
629 0
630 0
631 0
632 0
633 0
634 0
635 0
636 0
637 0
638 0
639 0
640 0
641 0
642 0
643 0
644 0
645 0
646 0
647 0
648 0
649 0
650 0
651 0
652 0
653 0
654 0
655 0
656 0
657 0
658 0
659 0
660 0
661 0
662 0
663 0
664 0
665 0
666 0
667 0
668 0
669 0
670 0
671 0
672 0
673 0
674 0
675 0
676 0
677 0
678 0
679 0
680 0
681 0
682 0
683 0
684 0
685 0
686 0
687 0
688 0
689 0
690 0
691 0
692 0
693 0
694 0
695 0
696 0
697 0
698 0
699 0
700 0
701 0
702 0
703 0
704 0
705 0
706 0
707 0
708 0
709 0
710 0
711 0
712 0
713 0
714 0
715 1 15 278 12 11 drone
716 1 37 292 11 11 drone
717 1 57 301 10 11 drone
718 1 72 312 13 11 drone
719 1 88 323 14 10 drone
720 1 100 328 14 10 drone
721 1 109 330 14 10 drone
722 1 116 330 14 10 drone
723 1 125 329 14 10 drone
724 1 135 329 14 10 drone
725 1 143 331 14 10 drone
726 1 150 333 14 10 drone
727 1 154 334 14 10 drone
728 1 157 333 14 10 drone
729 1 161 332 14 10 drone
730 1 167 331 14 10 drone
731 1 178 331 14 10 drone
732 1 191 332 14 10 drone
733 1 200 333 14 10 drone
734 1 206 333 14 10 drone
735 1 210 331 14 10 drone
736 1 216 330 14 10 drone
737 1 221 329 15 11 drone
738 1 227 330 14 10 drone
739 1 228 331 14 10 drone
740 1 224 331 15 10 drone
741 1 221 331 14 10 drone
742 1 219 330 15 11 drone
743 1 215 329 15 11 drone
744 1 213 330 14 10 drone
745 1 210 330 15 10 drone
746 1 206 331 15 11 drone
747 1 203 332 14 10 drone
748 1 200 331 14 10 drone
749 1 197 330 14 10 drone
750 1 194 330 14 10 drone
751 1 190 331 14 10 drone
752 1 187 331 14 10 drone
753 1 183 332 14 10 drone
754 1 180 332 14 10 drone
755 1 177 331 14 10 drone
756 1 173 331 14 10 drone
757 1 170 331 14 10 drone
758 1 167 331 14 10 drone
759 1 163 332 14 10 drone
760 1 160 332 14 10 drone
761 1 157 332 14 10 drone
762 1 153 331 15 10 drone
763 1 150 331 15 11 drone
764 1 146 331 15 10 drone
765 1 142 332 15 10 drone
766 1 139 332 16 11 drone
767 1 135 332 15 11 drone
768 1 133 332 15 10 drone
769 1 128 331 16 11 drone
770 1 126 332 14 10 drone
771 1 122 333 15 10 drone
772 1 118 333 15 11 drone
773 1 115 333 14 10 drone
774 1 111 333 15 11 drone
775 1 108 333 15 10 drone
776 1 103 332 15 11 drone
777 1 100 332 15 11 drone
778 1 96 333 15 11 drone
779 1 93 333 15 11 drone
780 1 92 333 15 11 drone
781 1 92 333 15 11 drone
782 1 94 333 15 11 drone
783 1 103 333 15 11 drone
784 1 113 333 15 11 drone
785 1 124 333 14 10 drone
786 1 132 333 14 10 drone
787 1 137 333 14 10 drone
788 1 141 333 14 10 drone
789 1 142 333 14 10 drone
790 1 139 333 14 10 drone
791 1 136 333 14 10 drone
792 1 133 334 14 10 drone
793 1 130 334 14 10 drone
794 1 130 334 14 10 drone
795 1 123 333 14 10 drone
796 1 118 334 14 10 drone
797 1 115 333 14 10 drone
798 1 111 334 14 10 drone
799 1 108 334 14 10 drone
800 1 104 334 14 10 drone
801 1 101 334 14 10 drone
802 1 97 334 14 10 drone
803 1 94 334 14 10 drone
804 1 91 334 15 10 drone
805 1 91 334 14 10 drone
806 1 96 334 14 10 drone
807 1 104 333 15 11 drone
808 1 115 332 15 11 drone
809 1 124 332 15 11 drone
810 1 131 332 15 11 drone
811 1 138 331 15 11 drone
812 1 143 331 16 11 drone
813 1 147 331 16 11 drone
814 1 150 330 16 12 drone
815 1 153 329 16 12 drone
816 1 155 329 16 11 drone
817 1 154 329 15 10 drone
818 1 151 329 15 10 drone
819 1 148 329 15 10 drone
820 1 145 329 15 10 drone
821 1 141 329 15 10 drone
822 1 138 329 15 10 drone
823 1 135 329 15 10 drone
824 1 132 329 15 10 drone
825 1 128 329 15 10 drone
826 1 124 329 15 10 drone
827 1 120 329 15 10 drone
828 1 117 328 15 10 drone
829 1 113 328 15 10 drone
830 1 110 328 15 10 drone
831 1 106 328 15 10 drone
832 1 103 328 15 10 drone
833 1 99 328 15 10 drone
834 1 95 328 15 10 drone
835 1 91 328 15 10 drone
836 1 88 328 15 10 drone
837 1 84 328 15 10 drone
838 1 81 327 15 10 drone
839 1 77 328 15 10 drone
840 1 73 328 15 10 drone
841 1 70 328 15 10 drone
842 1 66 327 15 10 drone
843 1 63 327 15 10 drone
844 1 59 327 15 10 drone
845 1 56 328 15 10 drone
846 1 51 327 15 10 drone
847 1 49 327 15 10 drone
848 1 44 327 15 10 drone
849 1 41 327 15 10 drone
850 1 37 327 15 10 drone
851 1 34 327 15 10 drone
852 1 30 327 15 10 drone
853 1 27 327 15 10 drone
854 1 23 327 15 10 drone
855 1 25 327 15 10 drone
856 1 36 327 15 10 drone
857 1 57 327 13 10 drone
858 1 80 327 10 10 drone
859 1 96 326 12 10 drone
860 1 108 326 13 10 drone
861 1 117 325 13 10 drone
862 1 126 326 13 10 drone
863 1 133 326 13 10 drone
864 1 139 326 13 10 drone
865 1 144 326 13 10 drone
866 1 149 326 13 10 drone
867 1 154 325 13 10 drone
868 1 159 326 13 10 drone
869 1 163 325 13 10 drone
870 1 166 326 13 10 drone
871 1 167 326 13 10 drone
872 1 164 326 13 10 drone
873 1 160 325 13 10 drone
874 1 158 326 13 10 drone
875 1 155 326 13 10 drone
876 1 151 326 13 10 drone
877 1 148 327 13 10 drone
878 1 144 326 13 10 drone
879 1 141 326 13 10 drone
880 1 140 326 13 10 drone
881 1 145 327 13 10 drone
882 1 153 327 13 10 drone
883 1 161 327 13 10 drone
884 1 169 327 13 10 drone
885 1 176 327 13 10 drone
886 1 181 327 13 10 drone
887 1 185 327 13 10 drone
888 1 188 328 13 10 drone
889 1 191 328 13 10 drone
890 1 194 328 13 10 drone
891 1 194 328 13 10 drone
892 1 191 328 13 10 drone
893 1 188 329 13 10 drone
894 1 185 329 13 10 drone
895 1 182 329 13 10 drone
896 1 179 330 13 10 drone
897 1 175 330 13 10 drone
898 1 171 330 13 10 drone
899 1 168 330 13 10 drone
900 1 164 330 13 10 drone
901 1 160 331 13 10 drone
902 1 157 332 13 10 drone
903 1 153 332 13 10 drone
904 1 150 332 13 10 drone
905 1 148 332 13 10 drone
906 1 148 332 13 10 drone
907 1 151 333 13 10 drone
908 1 155 333 13 10 drone
909 1 158 333 13 10 drone
910 1 162 333 13 10 drone
911 1 164 333 13 10 drone
912 1 163 333 13 10 drone
913 1 159 333 13 10 drone
914 1 156 334 13 10 drone
915 1 153 335 13 10 drone
916 1 149 335 13 10 drone
917 1 146 335 13 10 drone
918 1 143 334 13 10 drone
919 1 139 335 13 10 drone
920 1 136 336 13 10 drone
921 1 132 336 13 10 drone
922 1 128 336 13 10 drone
923 1 124 337 13 10 drone
924 1 120 336 13 10 drone
925 1 117 336 13 10 drone
926 1 113 337 13 10 drone
927 1 109 337 13 10 drone
928 1 105 338 13 10 drone
929 1 102 337 13 10 drone
930 1 100 338 13 10 drone
931 1 102 337 13 10 drone
932 1 109 338 13 10 drone
933 1 118 337 13 10 drone
934 1 127 338 13 10 drone
935 1 134 337 13 10 drone
936 1 140 337 13 10 drone
937 1 144 337 13 10 drone
938 1 148 336 13 10 drone
939 1 152 337 13 10 drone
940 1 155 337 13 10 drone
941 1 156 337 13 10 drone
942 1 153 336 13 10 drone
943 1 150 337 13 10 drone
944 1 147 336 13 10 drone
945 1 144 337 13 10 drone
946 1 140 336 13 10 drone
947 1 137 337 13 10 drone
948 1 133 336 13 10 drone
949 1 130 336 13 10 drone
950 1 126 336 13 10 drone
951 1 122 336 13 10 drone
952 1 118 336 13 10 drone
953 1 115 336 13 10 drone
954 1 110 336 13 10 drone
955 1 109 335 13 10 drone
956 1 113 335 13 10 drone
957 1 120 335 13 10 drone
958 1 128 334 13 10 drone
959 1 136 334 13 10 drone
960 1 142 334 13 10 drone
961 1 147 333 13 10 drone
962 1 151 333 13 10 drone
963 1 154 333 13 10 drone
964 1 153 332 13 10 drone
965 1 150 333 13 10 drone
966 1 147 332 13 10 drone
967 1 144 332 13 10 drone
968 1 141 332 13 10 drone
969 1 138 331 13 10 drone
970 1 135 331 13 10 drone
971 1 131 331 13 10 drone
972 1 127 331 13 10 drone
973 1 124 331 13 10 drone
974 1 119 330 13 10 drone
975 1 116 330 13 10 drone
976 1 112 330 13 10 drone
977 1 108 329 14 11 drone
978 1 105 329 13 10 drone
979 1 101 329 14 10 drone
980 1 99 328 14 10 drone
981 1 101 329 14 10 drone
982 1 107 328 13 10 drone
983 1 116 327 13 10 drone
984 1 125 327 13 10 drone
985 1 133 327 13 10 drone
986 1 138 326 13 10 drone
987 1 144 326 13 10 drone
988 1 147 326 13 10 drone
989 1 149 325 13 10 drone
990 1 147 325 13 10 drone
991 1 143 325 13 10 drone
992 1 141 324 13 10 drone
993 1 138 325 13 10 drone
994 1 135 324 13 10 drone
995 1 132 324 13 10 drone
996 1 128 324 13 10 drone
997 1 125 324 13 10 drone
998 1 121 324 13 10 drone
999 1 118 323 13 10 drone
1000 1 114 323 13 10 drone
1001 1 111 323 13 10 drone
1002 1 107 323 13 10 drone
1003 1 103 323 13 10 drone
1004 1 100 322 13 10 drone
1005 1 99 323 13 10 drone
1006 1 102 323 13 10 drone
1007 1 110 323 13 10 drone
1008 1 119 322 13 10 drone
1009 1 129 321 13 10 drone
1010 1 137 321 13 10 drone
1011 1 144 321 13 10 drone
1012 1 151 321 13 10 drone
1013 1 156 321 13 10 drone
1014 1 157 320 13 10 drone
1015 1 154 320 13 10 drone
1016 1 152 320 13 10 drone
1017 1 150 320 13 10 drone
1018 1 147 320 13 10 drone
1019 1 144 320 13 10 drone
1020 1 140 320 13 10 drone
1021 1 137 320 13 10 drone
1022 1 133 320 14 10 drone
1023 1 130 319 13 10 drone
1024 1 127 320 14 10 drone
1025 1 123 320 13 10 drone
1026 1 120 320 13 10 drone
1027 1 116 320 13 10 drone
1028 1 113 320 13 10 drone
1029 1 109 320 13 10 drone
1030 1 106 320 13 10 drone
1031 1 102 320 13 10 drone
1032 1 98 320 13 10 drone
1033 1 95 320 13 10 drone
1034 1 91 320 13 10 drone
1035 1 88 320 13 10 drone
1036 1 84 320 13 10 drone
1037 1 81 320 13 10 drone
1038 1 77 320 13 10 drone
1039 1 74 321 13 10 drone
1040 1 70 320 13 10 drone
1041 1 66 320 13 10 drone
1042 1 62 320 13 10 drone
1043 1 59 321 13 10 drone
1044 1 55 320 14 10 drone
1045 1 51 321 14 11 drone
1046 1 48 321 14 11 drone
1047 1 44 321 13 10 drone
1048 1 41 321 13 10 drone
1049 1 37 321 13 10 drone
1050 1 33 321 13 10 drone
1051 1 29 321 14 11 drone
1052 1 25 322 14 11 drone
1053 1 22 321 14 11 drone
1054 1 18 322 14 11 drone
1055 1 15 321 14 11 drone
1056 1 11 322 13 10 drone
1057 1 8 322 13 10 drone
1058 1 4 322 13 10 drone
1059 0
1060 0
1061 0
1062 0
1063 0
1064 0
1065 0
1066 0
1067 0
1068 0
1069 0
1070 0
1071 0
1072 0
1073 0
1074 0
1075 0
1076 0
1077 0
1078 0
1079 0
1080 0
1081 0
1082 0
1083 0
1084 0
1085 0
1086 0
1087 0
1088 0
1089 0
1090 0
1091 0
1092 0
1093 0
1094 0
1095 0
1096 0
1097 0
1098 0
1099 0
1100 0
1101 0
1102 0
1103 0
1104 0
1105 0
1106 0
1107 0
1108 0
1109 0
1110 0
1111 0
1112 0
1113 0
1114 0
1115 0
1116 0
1117 0
1118 0
1119 0
1120 0
1121 0
1122 0
1123 0
1124 0
1125 0
1126 0
1127 0
1128 0
1129 0
1130 0
1131 0
1132 0
1133 0
1134 0
1135 0
1136 0
1137 0
1138 0
1139 0
1140 0
1141 0
1142 0
1143 0
1144 0
1145 0
1146 0
1147 0
1148 0
1149 0
1150 0
1151 0
1152 0
1153 0
1154 0
1155 0
1156 0
1157 0
1158 0
1159 0
1160 0
1161 0
1162 0
1163 0
1164 0
1165 0
1166 0
1167 0
1168 0
1169 0
1170 0
1171 0
1172 0
1173 0
1174 0
1175 0
1176 0
1177 0
1178 0
1179 0
1180 0
1181 0
1182 0
1183 0
1184 0
1185 0
1186 0
1187 0
1188 0
1189 0
1190 0
1191 0
1192 0
1193 0
1194 0
1195 0
1196 0
1197 0
1198 0
1199 0
1200 0
1201 0
1202 0
1203 0
1204 0
1205 0
1206 0
1207 0
1208 0
1209 0
1210 0
1211 0
1212 0
1213 0
1214 0
1215 0
1216 0
1217 0
1218 0
1219 0
1220 0
1221 0
1222 0
1223 0
1224 0
1225 0
1226 0
1227 0
1228 0
1229 0
1230 0
1231 0
1232 0
1233 0
1234 0
1235 0
1236 0
1237 0
1238 0
1239 0
1240 0
1241 0
1242 0
1243 0
1244 0
1245 0
1246 0
1247 0
1248 0
1249 0
1250 0
1251 0
1252 0
1253 0
1254 0
1255 0
1256 0
1257 0
1258 0
1259 0
1260 0
1261 0
1262 0
1263 0
1264 0
1265 0
1266 0
1267 0
1268 0
1269 0
1270 0
1271 0
1272 0
1273 0
1274 0
1275 0
1276 0
1277 0
1278 0
1279 0
1280 0
1281 0
1282 0
1283 0
1284 0
1285 0
1286 0
1287 0
1288 0
1289 0
1290 0
1291 0
1292 0
1293 0
1294 0
1295 0
1296 1 61 12 18 12 drone
1297 1 90 36 21 10 drone
1298 1 121 54 19 12 drone
1299 1 148 68 23 13 drone
1300 1 178 86 17 12 drone
1301 1 196 101 22 12 drone
1302 1 215 111 19 13 drone
1303 1 231 122 20 15 drone
1304 1 246 134 21 13 drone
1305 1 261 144 21 13 drone
1306 1 276 155 18 12 drone
1307 1 290 165 19 13 drone
1308 1 302 174 18 12 drone
1309 1 312 181 17 12 drone
1310 1 320 187 18 12 drone
1311 1 330 194 18 12 drone
1312 1 338 202 17 12 drone
1313 1 346 209 17 12 drone
1314 1 353 213 16 11 drone
1315 1 359 213 17 11 drone
1316 1 363 214 17 11 drone
1317 1 364 213 17 11 drone
1318 1 363 214 17 12 drone
1319 1 363 214 15 10 drone
1320 1 363 214 16 11 drone
1321 1 362 215 16 11 drone
1322 1 361 214 16 11 drone
1323 1 361 213 15 10 drone
1324 1 360 212 15 10 drone
1325 1 358 213 15 10 drone
1326 1 358 213 15 10 drone
1327 1 357 213 15 10 drone
1328 1 356 212 15 10 drone
1329 1 354 212 15 10 drone
1330 1 353 212 15 10 drone
1331 1 352 211 15 10 drone
1332 1 351 211 15 10 drone
1333 1 350 211 15 10 drone
1334 1 348 211 15 10 drone
1335 1 347 211 15 10 drone
1336 1 346 210 15 10 drone
1337 1 345 209 15 10 drone
1338 1 343 210 15 10 drone
1339 1 342 209 15 10 drone
1340 1 341 210 15 10 drone
1341 1 340 209 15 10 drone
1342 1 339 208 15 10 drone
1343 1 338 207 15 10 drone
1344 1 336 208 15 10 drone
1345 1 335 207 15 10 drone
1346 1 334 207 15 10 drone
1347 1 332 207 15 10 drone
1348 1 332 206 15 10 drone
1349 1 330 206 15 10 drone
1350 1 328 206 15 10 drone
1351 1 327 205 15 10 drone
1352 1 326 205 15 10 drone
1353 1 325 205 15 10 drone
1354 1 324 204 15 10 drone
1355 1 321 204 16 11 drone
1356 1 320 204 16 11 drone
1357 1 319 203 15 10 drone
1358 1 318 204 15 10 drone
1359 1 317 203 15 11 drone
1360 1 316 203 15 10 drone
1361 1 315 202 16 11 drone
1362 1 313 202 15 10 drone
1363 1 311 202 15 10 drone
1364 1 310 202 15 10 drone
1365 1 308 201 16 11 drone
1366 1 307 201 15 10 drone
1367 1 306 201 15 10 drone
1368 1 305 200 15 10 drone
1369 1 303 200 15 10 drone
1370 1 302 200 15 10 drone
1371 1 300 199 15 10 drone
1372 1 298 199 15 10 drone
1373 1 297 199 16 11 drone
1374 1 296 198 15 10 drone
1375 1 294 198 15 10 drone
1376 1 293 198 15 10 drone
1377 1 291 197 15 10 drone
1378 1 290 198 15 10 drone
1379 1 289 197 15 11 drone
1380 1 287 197 15 10 drone
1381 1 286 197 15 10 drone
1382 1 284 196 15 10 drone
1383 1 283 195 15 10 drone
1384 1 281 196 15 10 drone
1385 1 280 195 15 10 drone
1386 1 279 195 15 10 drone
1387 1 277 195 15 10 drone
1388 1 276 194 15 10 drone
1389 1 274 194 15 10 drone
1390 1 273 194 15 10 drone
1391 1 271 193 15 10 drone
1392 1 269 194 15 10 drone
1393 1 268 193 15 11 drone
1394 1 267 193 15 10 drone
1395 1 265 193 15 10 drone
1396 1 264 192 15 10 drone
1397 1 262 192 15 10 drone
1398 1 261 192 15 10 drone
1399 1 259 192 15 10 drone
1400 1 257 192 15 10 drone
1401 1 256 191 15 10 drone
1402 1 255 191 15 10 drone
1403 1 253 191 15 10 drone
1404 1 252 191 15 10 drone
1405 1 250 191 15 10 drone
1406 1 249 190 15 10 drone
1407 1 247 190 15 10 drone
1408 1 246 190 15 10 drone
1409 1 244 189 15 10 drone
1410 1 243 190 15 10 drone
1411 1 241 189 15 10 drone
1412 1 239 189 15 10 drone
1413 1 238 189 15 10 drone
1414 1 236 189 15 10 drone
1415 1 235 189 15 10 drone
1416 1 233 188 15 10 drone
1417 1 231 189 15 10 drone
1418 1 230 188 15 10 drone
1419 1 228 188 15 10 drone
1420 1 227 188 15 10 drone
1421 1 225 188 15 10 drone
1422 1 224 188 15 10 drone
1423 1 222 188 15 10 drone
1424 1 221 188 15 10 drone
1425 1 219 187 15 10 drone
1426 1 217 188 15 10 drone
1427 1 216 188 15 10 drone
1428 1 214 188 15 10 drone
1429 1 213 188 15 10 drone
1430 1 211 188 15 10 drone
1431 1 209 187 15 10 drone
1432 1 208 188 15 10 drone
1433 1 207 187 15 10 drone
1434 1 205 188 15 10 drone
1435 1 203 188 15 10 drone
1436 1 201 188 15 10 drone
1437 1 200 188 15 10 drone
1438 1 198 188 15 10 drone
1439 1 197 188 15 10 drone
1440 1 195 188 15 10 drone
1441 1 194 188 15 10 drone
1442 1 192 188 15 10 drone
1443 1 190 188 15 10 drone
1444 1 189 188 15 10 drone
1445 1 187 188 15 10 drone
1446 1 185 188 15 10 drone
1447 1 184 188 15 10 drone
1448 1 182 188 15 10 drone
1449 1 181 189 15 10 drone
1450 1 179 189 15 10 drone
1451 1 177 189 15 10 drone
1452 1 175 189 15 10 drone
1453 1 174 189 15 10 drone
1454 1 172 189 15 10 drone
1455 1 171 189 15 10 drone
1456 1 168 190 15 10 drone
1457 1 167 190 15 10 drone
1458 1 165 190 15 10 drone
1459 1 164 190 15 10 drone
1460 1 162 190 15 10 drone
1461 1 160 191 15 10 drone
1462 1 159 191 15 10 drone
1463 1 157 191 15 10 drone
1464 1 155 191 15 10 drone
1465 1 153 191 15 10 drone
1466 1 151 192 15 10 drone
1467 1 149 191 15 10 drone
1468 1 148 192 15 10 drone
1469 1 147 192 15 10 drone
1470 1 144 192 15 10 drone
1471 1 142 193 15 10 drone
1472 1 141 193 15 10 drone
1473 1 139 193 15 10 drone
1474 1 137 193 15 10 drone
1475 1 135 193 15 10 drone
1476 1 133 194 15 10 drone
1477 1 132 193 15 10 drone
1478 1 130 194 15 10 drone
1479 1 129 194 15 10 drone
1480 1 127 194 15 10 drone
1481 1 124 195 15 10 drone
1482 1 123 195 15 10 drone
1483 1 121 195 15 10 drone
1484 1 119 195 15 11 drone
1485 1 117 194 16 11 drone
1486 1 115 195 16 11 drone
1487 1 114 195 16 11 drone
1488 1 112 195 16 11 drone
1489 1 110 195 16 11 drone
1490 1 109 196 15 10 drone
1491 1 107 196 15 10 drone
1492 1 105 196 15 10 drone
1493 1 103 197 15 10 drone
1494 1 101 197 15 10 drone
1495 1 99 197 15 10 drone
1496 1 97 197 15 10 drone
1497 1 96 197 15 10 drone
1498 1 94 197 15 11 drone
1499 1 92 198 15 10 drone
1500 1 90 197 15 10 drone
1501 1 88 198 15 10 drone
1502 1 87 198 15 10 drone
1503 1 84 198 15 10 drone
1504 1 82 199 15 10 drone
1505 1 81 199 15 10 drone
1506 1 79 199 15 10 drone
1507 1 77 198 16 11 drone
1508 1 75 199 15 10 drone
1509 1 74 199 15 10 drone
1510 1 71 199 15 10 drone
1511 1 69 199 15 10 drone
1512 1 67 199 15 10 drone
1513 1 65 200 15 10 drone
1514 1 63 199 15 11 drone
1515 1 61 200 15 10 drone
1516 1 60 200 15 10 drone
1517 1 58 200 15 10 drone
1518 1 56 200 16 11 drone
1519 1 54 200 16 11 drone
1520 1 52 200 15 10 drone
1521 1 51 200 16 11 drone
1522 1 48 200 15 10 drone
1523 1 46 200 15 10 drone
1524 1 44 201 16 11 drone
1525 1 42 200 16 11 drone
1526 1 40 201 15 10 drone
1527 1 38 201 15 10 drone
1528 1 36 201 15 10 drone
1529 1 34 201 15 10 drone
1530 1 32 201 15 11 drone
1531 1 30 201 15 10 drone
1532 1 28 201 16 11 drone
1533 1 26 202 15 10 drone
1534 1 24 202 15 10 drone
1535 1 22 202 15 10 drone
1536 1 20 201 16 11 drone
1537 1 18 202 15 10 drone
1538 1 17 201 15 11 drone
1539 1 14 202 15 10 drone
1540 1 12 201 15 10 drone
1541 1 10 202 15 10 drone
1542 1 9 202 15 10 drone
1543 1 7 202 15 10 drone
1544 1 4 203 15 10 drone
1545 1 3 202 15 10 drone
1546 0
1547 0
1548 0
1549 0
1550 0
1551 0
1552 0
1553 0
1554 0
1555 0
1556 0
1557 0
1558 0
1559 0
1560 0
1561 0
1562 0
1563 0
1564 0
1565 0
1566 0
1567 0
1568 0
1569 0
1570 0
1571 0
1572 0
1573 0
1574 0
1575 0
1576 0
1577 0
1578 0
1579 0
1580 0
1581 0
1582 0
1583 0
1584 0
1585 0
1586 0
1587 0
1588 0
1589 0
1590 0
1591 0
1592 0
1593 0
1594 0
1595 0
1596 0
1597 0
1598 0
1599 0
1600 0
1601 0
1602 0
1603 0
1604 0
1605 0
1606 0
1607 0
1608 0
1609 0
1610 0
1611 0
1612 0
1613 0
1614 0
1615 0
1616 0
1617 0
1618 0
1619 0
1620 0
1621 0
1622 0
1623 0
1624 0
1625 0
1626 0
1627 0
1628 0
1629 0
1630 0
1631 0
1632 0
1633 0
1634 0
1635 0
1636 0
1637 0
1638 0
1639 0
1640 0
1641 0
1642 0
1643 0
1644 0
1645 0
1646 0
1647 0
1648 1 12 231 15 10 drone
1649 1 16 231 15 10 drone
1650 1 20 232 15 10 drone
1651 1 24 232 15 10 drone
1652 1 31 230 12 10 drone
1653 1 35 230 13 11 drone
1654 1 38 231 13 10 drone
1655 1 43 230 13 11 drone
1656 1 46 231 13 11 drone
1657 1 51 231 12 10 drone
1658 1 55 232 12 10 drone
1659 1 59 232 12 10 drone
1660 1 63 232 12 10 drone
1661 1 67 233 12 10 drone
1662 1 70 233 12 10 drone
1663 1 74 233 12 10 drone
1664 1 78 234 12 10 drone
1665 1 82 234 12 10 drone
1666 1 86 234 12 10 drone
1667 1 89 234 12 10 drone
1668 1 93 234 13 10 drone
1669 1 96 235 12 10 drone
1670 1 100 235 12 10 drone
1671 1 104 235 12 10 drone
1672 1 107 235 13 11 drone
1673 1 111 236 13 11 drone
1674 1 115 236 12 10 drone
1675 1 119 237 12 10 drone
1676 1 122 237 12 10 drone
1677 1 126 237 13 11 drone
1678 1 130 237 13 11 drone
1679 1 133 238 13 11 drone
1680 1 137 238 13 11 drone
1681 1 141 238 12 10 drone
1682 1 145 238 12 10 drone
1683 1 149 238 12 10 drone
1684 1 153 238 12 10 drone
1685 1 157 238 13 10 drone
1686 1 160 239 13 11 drone
1687 1 164 239 13 11 drone
1688 1 168 239 12 10 drone
1689 1 172 239 12 10 drone
1690 1 176 239 12 10 drone
1691 1 180 240 12 10 drone
1692 1 183 240 12 10 drone
1693 1 188 240 12 10 drone
1694 1 191 240 12 10 drone
1695 1 195 240 12 10 drone
1696 1 200 240 12 10 drone
1697 1 204 241 13 10 drone
1698 1 208 241 12 10 drone
1699 1 213 241 12 10 drone
1700 1 217 241 12 10 drone
1701 1 221 241 12 10 drone
1702 1 225 242 12 10 drone
1703 1 230 242 12 10 drone
1704 1 234 242 12 10 drone
1705 1 238 242 12 10 drone
1706 1 243 242 12 10 drone
1707 1 247 243 12 10 drone
1708 1 251 242 12 10 drone
1709 1 256 243 12 10 drone
1710 1 261 243 12 10 drone
1711 1 265 243 12 10 drone
1712 1 270 243 12 10 drone
1713 1 275 243 12 10 drone
1714 1 279 243 12 10 drone
1715 1 285 243 12 10 drone
1716 1 289 243 13 11 drone
1717 1 293 244 13 11 drone
1718 1 299 244 13 11 drone
1719 1 304 244 13 11 drone
1720 1 309 245 13 10 drone
1721 1 314 245 12 10 drone
1722 1 319 245 13 11 drone
1723 1 324 245 13 11 drone
1724 1 330 245 13 11 drone
1725 1 336 246 13 11 drone
1726 1 341 246 13 11 drone
1727 1 346 246 12 10 drone
1728 1 352 247 12 10 drone
1729 1 358 247 12 10 drone
1730 1 361 248 12 10 drone
1731 1 360 248 12 10 drone
1732 1 358 248 12 10 drone
1733 1 356 249 12 10 drone
1734 1 353 250 12 10 drone
1735 1 351 250 12 10 drone
1736 1 349 250 12 10 drone
1737 1 346 251 13 11 drone
1738 1 343 251 12 10 drone
1739 1 341 252 12 10 drone
1740 1 338 252 12 10 drone
1741 1 335 253 12 10 drone
1742 1 332 254 13 11 drone
1743 1 329 254 12 10 drone
1744 1 327 254 12 10 drone
1745 1 324 255 12 10 drone
1746 1 321 256 12 10 drone
1747 1 317 257 12 10 drone
1748 1 314 257 13 11 drone
1749 1 311 258 12 10 drone
1750 1 308 258 12 10 drone
1751 1 305 259 13 11 drone
1752 1 302 259 13 11 drone
1753 1 299 260 12 10 drone
1754 1 296 261 12 10 drone
1755 1 293 261 12 10 drone
1756 1 290 262 13 10 drone
1757 1 287 263 12 10 drone
1758 1 284 263 12 10 drone
1759 1 281 264 12 10 drone
1760 1 278 264 12 10 drone
1761 1 275 265 12 10 drone
1762 1 272 266 12 10 drone
1763 1 269 266 11 10 drone
1764 1 266 267 11 10 drone
1765 1 263 267 11 10 drone
1766 1 260 268 11 10 drone
1767 1 257 269 11 10 drone
1768 1 254 269 11 10 drone
1769 1 251 270 11 10 drone
1770 1 248 270 11 10 drone
1771 1 245 271 11 10 drone
1772 1 242 271 11 10 drone
1773 1 239 272 11 10 drone
1774 1 236 273 12 11 drone
1775 1 233 274 11 10 drone
1776 1 231 274 11 10 drone
1777 1 228 275 11 10 drone
1778 1 225 275 12 11 drone
1779 1 222 276 12 10 drone
1780 1 219 277 11 10 drone
1781 1 216 278 11 10 drone
1782 1 214 278 12 11 drone
1783 1 211 279 12 11 drone
1784 1 208 280 12 11 drone
1785 1 205 280 12 11 drone
1786 1 203 281 12 11 drone
1787 1 200 282 12 10 drone
1788 1 197 283 12 11 drone
1789 1 195 283 12 11 drone
1790 1 194 283 12 11 drone
1791 1 192 284 12 11 drone
1792 1 190 285 12 11 drone
1793 1 190 285 12 11 drone
1794 1 194 286 12 11 drone
1795 1 197 286 12 11 drone
1796 1 199 287 12 11 drone
1797 1 198 287 12 11 drone
1798 1 198 288 12 11 drone
1799 1 198 289 12 11 drone
1800 1 201 289 12 11 drone
1801 1 207 290 12 11 drone
1802 1 214 290 12 11 drone
1803 1 221 290 12 11 drone
1804 1 228 290 12 11 drone
1805 1 236 291 12 10 drone
1806 1 244 292 12 11 drone
1807 1 252 292 12 11 drone
1808 1 260 292 12 11 drone
1809 1 268 292 12 11 drone
1810 1 276 293 12 11 drone
1811 1 284 293 12 11 drone
1812 1 293 293 12 11 drone
1813 1 301 294 12 11 drone
1814 1 309 294 12 11 drone
1815 1 318 294 12 11 drone
1816 1 326 294 12 11 drone
1817 1 335 294 12 11 drone
1818 1 344 294 12 11 drone
1819 1 353 295 11 10 drone
1820 1 362 295 11 10 drone
1821 1 371 295 11 10 drone
1822 1 380 295 11 10 drone
1823 1 389 295 11 10 drone
1824 1 398 295 11 10 drone
1825 1 407 295 11 10 drone
1826 1 416 295 11 10 drone
1827 1 425 295 11 10 drone
1828 1 434 295 11 10 drone
1829 1 443 295 16 11 drone
1830 1 448 295 16 11 drone
1831 1 448 295 16 11 drone
1832 1 449 295 17 12 drone
1833 1 450 296 16 11 drone
1834 1 451 296 16 11 drone
1835 1 451 296 16 11 drone
1836 1 451 296 17 12 drone
1837 1 452 296 17 11 drone
1838 1 452 296 16 11 drone
1839 1 452 296 17 12 drone
1840 1 452 296 17 12 drone
1841 1 452 296 17 12 drone
1842 1 453 296 17 11 drone
1843 1 452 295 19 13 drone
1844 1 451 294 20 14 drone
1845 1 452 295 20 13 drone
1846 1 451 294 21 14 drone
1847 1 452 295 21 14 drone
1848 1 452 294 22 15 drone
1849 1 453 294 22 15 drone
1850 1 453 294 22 15 drone
1851 1 454 294 22 15 drone
1852 1 455 294 22 15 drone
1853 1 455 294 23 15 drone
1854 1 456 294 22 15 drone
1855 1 457 294 23 16 drone
1856 1 458 294 23 16 drone
1857 1 458 293 24 16 drone
1858 1 459 293 24 17 drone
1859 1 460 293 24 17 drone
1860 1 461 293 25 17 drone
1861 1 463 293 24 17 drone
1862 1 464 293 24 17 drone
1863 1 466 293 24 16 drone
1864 1 467 293 25 17 drone
1865 1 469 293 24 17 drone
1866 1 470 293 25 17 drone
1867 1 472 293 24 17 drone
1868 1 473 292 25 17 drone
1869 1 476 293 24 17 drone
1870 1 477 292 25 17 drone
1871 1 479 293 25 17 drone
1872 1 481 292 25 17 drone
1873 1 483 293 25 17 drone
1874 1 484 292 26 18 drone
1875 1 487 292 25 17 drone
1876 1 489 292 25 17 drone
1877 1 490 292 26 18 drone
1878 1 493 292 26 18 drone
1879 1 495 292 26 18 drone
1880 1 498 292 25 17 drone
1881 1 500 292 25 18 drone
1882 1 503 292 25 17 drone
1883 1 505 292 25 17 drone
1884 1 508 292 24 17 drone
1885 1 508 292 25 17 drone
1886 1 510 292 25 17 drone
1887 1 512 291 26 18 drone
1888 1 514 291 26 18 drone
1889 1 515 291 26 18 drone
1890 1 517 292 25 17 drone
1891 1 516 292 26 18 drone
1892 1 513 292 25 17 drone
1893 1 509 293 25 17 drone
1894 1 501 293 25 17 drone
1895 1 495 293 25 21 drone
1896 1 488 293 25 21 drone
1897 1 482 293 25 21 drone
1898 1 476 294 25 21 drone
1899 1 470 294 25 21 drone
1900 1 464 294 25 21 drone
1901 1 457 295 25 21 drone
1902 1 451 295 26 21 drone
1903 1 444 295 25 21 drone
1904 1 438 295 25 21 drone
1905 1 431 296 25 21 drone
1906 1 425 296 25 21 drone
1907 1 419 296 25 21 drone
1908 1 412 297 26 22 drone
1909 1 406 297 25 21 drone
1910 1 400 298 25 21 drone
1911 1 394 298 25 21 drone
1912 1 388 298 25 21 drone
1913 1 383 298 25 21 drone
1914 1 377 299 25 21 drone
1915 1 372 299 25 21 drone
1916 1 367 299 26 21 drone
1917 1 362 300 24 21 drone
1918 1 357 300 24 20 drone
1919 1 352 300 25 21 drone
1920 1 347 301 25 21 drone
1921 1 342 301 25 21 drone
1922 1 337 301 25 21 drone
1923 1 332 301 25 21 drone
1924 1 328 301 25 21 drone
1925 1 324 302 24 20 drone
1926 1 319 302 25 21 drone
1927 1 316 302 24 20 drone
1928 1 311 303 25 21 drone
1929 1 307 303 24 20 drone
1930 1 303 303 24 20 drone
1931 1 298 304 25 21 drone
1932 1 294 304 25 21 drone
1933 1 291 304 24 20 drone
1934 1 288 304 24 20 drone
1935 1 284 305 25 21 drone
1936 1 280 305 24 21 drone
1937 1 278 305 24 20 drone
1938 1 275 305 24 20 drone
1939 1 272 306 23 20 drone
1940 1 268 306 24 20 drone
1941 1 266 306 23 20 drone
1942 1 262 307 24 20 drone
1943 1 260 307 24 20 drone
1944 1 258 308 23 19 drone
1945 1 259 308 23 19 drone
1946 1 264 309 24 20 drone
1947 1 269 309 23 19 drone
1948 1 273 309 23 19 drone
1949 1 278 309 23 19 drone
1950 1 283 309 23 19 drone
1951 1 288 310 23 19 drone
1952 1 293 310 23 19 drone
1953 1 298 311 23 19 drone
1954 1 303 311 22 19 drone
1955 1 308 311 23 19 drone
1956 1 313 312 22 19 drone
1957 1 319 312 22 19 drone
1958 1 324 313 22 19 drone
1959 1 329 313 22 19 drone
1960 1 335 314 22 19 drone
1961 1 340 314 22 19 drone
1962 1 345 315 22 19 drone
1963 1 351 315 23 19 drone
1964 1 356 316 23 19 drone
1965 1 361 316 23 19 drone
1966 1 367 317 23 19 drone
1967 1 372 317 23 19 drone
1968 1 378 318 23 19 drone
1969 1 383 319 23 19 drone
1970 1 389 319 22 19 drone
1971 1 394 320 23 19 drone
1972 1 400 321 22 18 drone
1973 1 405 321 23 19 drone
1974 1 411 322 22 19 drone
1975 1 414 323 23 20 drone
1976 1 416 323 24 20 drone
1977 1 418 325 23 19 drone
1978 1 415 325 24 20 drone
1979 1 411 327 23 19 drone
1980 1 407 327 24 20 drone
1981 1 405 329 22 19 drone
1982 1 402 330 23 19 drone
1983 1 401 331 22 19 drone
1984 1 399 332 22 18 drone
1985 1 397 333 22 18 drone
1986 1 394 334 24 20 drone
1987 1 394 335 22 19 drone
1988 1 391 336 24 20 drone
1989 1 390 337 23 20 drone
1990 1 389 339 23 19 drone
1991 1 389 340 23 19 drone
1992 1 386 340 25 21 drone
1993 1 386 342 24 20 drone
1994 1 385 343 23 20 drone
1995 1 385 344 23 19 drone
1996 1 384 346 22 18 drone
1997 1 382 346 23 19 drone
1998 1 382 348 21 18 drone
1999 1 382 349 21 18 drone
2000 1 381 351 21 18 drone
2001 1 380 352 21 18 drone
2002 1 379 353 21 18 drone
2003 1 378 355 21 18 drone
2004 1 376 355 22 19 drone
2005 1 377 357 20 17 drone
2006 1 376 359 20 17 drone
2007 1 375 360 20 17 drone
2008 1 375 361 20 17 drone
2009 1 374 363 20 17 drone
2010 1 373 364 20 17 drone
2011 1 372 366 20 17 drone
2012 1 371 367 20 17 drone
2013 1 371 368 20 17 drone
2014 1 370 369 20 17 drone
2015 1 369 371 20 17 drone
2016 1 369 372 20 17 drone
2017 1 368 373 20 16 drone
2018 1 367 375 19 16 drone
2019 1 367 376 19 16 drone
2020 1 366 377 20 17 drone
2021 1 365 379 20 16 drone
2022 1 364 380 20 16 drone
2023 1 364 381 20 16 drone
2024 1 363 383 20 17 drone
2025 1 363 384 20 16 drone
2026 1 361 385 20 17 drone
2027 1 361 386 20 17 drone
2028 1 361 389 19 16 drone
2029 1 360 390 19 16 drone
2030 1 359 391 20 16 drone
2031 1 358 392 21 17 drone
2032 1 358 394 19 16 drone
2033 1 358 395 19 16 drone
2034 1 356 396 19 16 drone
2035 1 356 398 19 16 drone
2036 1 354 399 19 16 drone
2037 1 354 400 19 22 drone
2038 1 353 401 19 22 drone
2039 1 352 402 19 22 drone
2040 1 351 404 19 22 drone
2041 1 350 405 19 22 drone
2042 1 349 406 19 22 drone
2043 1 348 407 19 22 drone
2044 1 347 408 19 22 drone
2045 1 346 410 19 22 drone
2046 1 345 411 20 23 drone
2047 1 344 412 20 23 drone
2048 1 343 413 20 23 drone
2049 1 342 414 20 23 drone
2050 1 342 415 19 22 drone
2051 1 341 417 20 23 drone
2052 1 339 417 20 24 drone
2053 1 338 418 20 23 drone
2054 1 338 420 19 22 drone
2055 1 336 421 20 23 drone
2056 1 336 422 19 21 drone
2057 1 333 422 21 24 drone
2058 1 332 423 20 23 drone
2059 1 331 424 19 22 drone
2060 1 333 424 18 21 drone
2061 1 338 423 18 21 drone
2062 1 343 418 18 21 drone
2063 1 347 409 18 21 drone
2064 1 352 398 18 21 drone
2065 1 357 388 18 20 drone
2066 1 362 380 18 20 drone
2067 1 366 373 17 20 drone
2068 1 371 366 17 20 drone
2069 1 376 360 17 20 drone
2070 1 381 354 17 20 drone
2071 1 386 349 17 20 drone
2072 1 391 344 17 20 drone
2073 1 396 339 17 20 drone
2074 1 401 335 17 20 drone
2075 1 406 331 17 20 drone
2076 1 411 327 18 20 drone
2077 1 415 323 18 20 drone
2078 1 421 319 17 20 drone
2079 1 425 316 17 20 drone
2080 1 430 312 17 20 drone
2081 1 435 308 18 20 drone
2082 1 439 304 18 20 drone
2083 1 444 300 18 20 drone
2084 1 449 296 17 20 drone
2085 1 453 291 18 20 drone
2086 1 459 287 17 19 drone
2087 1 463 283 17 19 drone
2088 1 468 279 16 19 drone
2089 1 472 275 17 19 drone
2090 1 477 271 16 19 drone
2091 1 481 267 17 19 drone
2092 1 486 263 16 19 drone
2093 1 490 259 17 19 drone
2094 1 494 254 17 19 drone
2095 1 496 253 17 19 drone
2096 1 499 253 17 19 drone
2097 1 500 252 17 20 drone
2098 1 497 253 17 19 drone
2099 1 492 254 16 19 drone
2100 1 486 255 17 19 drone
2101 1 482 256 16 19 drone
2102 1 479 258 16 19 drone
2103 1 475 259 16 19 drone
2104 1 472 260 16 19 drone
2105 1 468 261 16 19 drone
2106 1 465 263 16 19 drone
2107 1 463 264 16 18 drone
2108 1 459 266 16 18 drone
2109 1 450 267 21 19 drone
2110 1 447 268 21 19 drone
2111 1 444 270 21 19 drone
2112 1 441 271 21 19 drone
2113 1 437 273 21 19 drone
2114 1 434 274 21 19 drone
2115 1 430 276 20 18 drone
2116 1 426 278 20 18 drone
2117 1 422 279 20 19 drone
2118 1 418 280 21 19 drone
2119 1 415 282 20 19 drone
2120 1 411 284 20 18 drone
2121 1 406 285 21 19 drone
2122 1 402 286 21 19 drone
2123 1 398 288 20 18 drone
2124 1 394 290 20 18 drone
2125 1 390 291 21 19 drone
2126 1 385 292 21 19 drone
2127 1 381 294 20 19 drone
2128 1 377 296 20 18 drone
2129 1 372 298 20 18 drone
2130 1 368 299 20 18 drone
2131 1 363 301 20 18 drone
2132 1 358 303 20 18 drone
2133 1 354 304 20 18 drone
2134 1 349 306 20 18 drone
2135 1 345 307 20 18 drone
2136 1 340 309 21 19 drone
2137 1 335 311 20 18 drone
2138 1 330 312 20 18 drone
2139 1 325 314 20 18 drone
2140 1 325 316 19 17 drone
2141 1 328 318 20 18 drone
2142 1 329 319 20 18 drone
2143 1 331 321 19 18 drone
2144 1 333 322 19 17 drone
2145 1 335 324 19 17 drone
2146 1 337 326 18 17 drone
2147 1 338 327 19 17 drone
2148 1 341 329 19 17 drone
2149 1 343 330 18 17 drone
2150 1 345 332 19 17 drone
2151 1 347 334 18 17 drone
2152 1 349 335 19 17 drone
2153 1 352 337 17 16 drone
2154 1 353 339 18 16 drone
2155 1 356 340 18 16 drone
2156 1 358 342 18 16 drone
2157 1 361 344 16 15 drone
2158 1 363 346 17 15 drone
2159 1 364 348 17 15 drone
2160 1 366 349 17 15 drone
2161 1 367 351 17 16 drone
2162 1 370 353 17 15 drone
2163 1 371 354 16 15 drone
2164 1 373 356 16 14 drone
2165 1 374 358 16 15 drone
2166 1 376 360 17 15 drone
2167 1 377 362 17 15 drone
2168 1 379 363 17 15 drone
2169 1 380 365 16 15 drone
2170 1 382 366 17 15 drone
2171 1 383 368 16 15 drone
2172 1 386 370 16 14 drone
2173 1 386 372 16 14 drone
2174 1 380 374 24 14 drone
2175 1 382 375 24 14 drone
2176 1 383 378 24 14 drone
2177 1 384 379 24 14 drone
2178 1 386 381 22 13 drone
2179 1 387 383 22 13 drone
2180 1 388 385 22 13 drone
2181 1 389 387 21 12 drone
2182 1 390 388 22 13 drone
2183 1 391 390 22 13 drone
2184 1 393 392 21 12 drone
2185 1 393 394 21 13 drone
2186 1 394 396 21 12 drone
2187 1 396 398 20 12 drone
2188 1 395 399 21 12 drone
2189 1 396 401 21 12 drone
2190 1 397 403 20 11 drone
2191 1 399 405 19 11 drone
2192 1 399 407 18 11 drone
2193 1 400 409 19 11 drone
2194 1 400 410 19 11 drone
2195 1 400 412 19 11 drone
2196 1 400 413 19 11 drone
2197 1 401 415 19 11 drone
2198 1 401 417 19 11 drone
2199 1 401 419 19 11 drone
2200 1 403 421 17 10 drone
2201 1 403 422 17 10 drone
2202 1 403 424 17 10 drone
2203 1 403 426 17 10 drone
2204 1 404 427 17 10 drone
2205 1 404 428 17 10 drone
2206 1 404 429 17 10 drone
2207 1 404 430 17 10 drone
2208 1 404 431 17 10 drone
2209 1 404 432 17 10 drone
2210 1 404 433 17 10 drone
2211 1 403 434 17 10 drone
2212 1 401 435 17 10 drone
2213 1 402 434 17 10 drone
2214 1 402 432 17 10 drone
2215 1 400 427 17 10 drone
2216 1 399 417 17 10 drone
2217 1 398 405 16 14 drone
2218 1 397 396 16 14 drone
2219 1 398 388 14 12 drone
2220 1 398 380 13 11 drone
2221 1 397 374 13 11 drone
2222 1 396 369 13 11 drone
2223 1 395 363 13 11 drone
2224 1 394 358 13 11 drone
2225 1 393 353 12 10 drone
2226 1 392 348 12 10 drone
2227 1 391 344 11 10 drone
2228 1 391 339 11 10 drone
2229 1 389 335 11 10 drone
2230 1 388 329 12 10 drone
2231 1 387 324 12 10 drone
2232 1 385 320 12 10 drone
2233 1 383 316 11 10 drone
2234 1 382 311 12 10 drone
2235 1 381 307 11 10 drone
2236 1 379 302 12 11 drone
2237 1 378 298 12 10 drone
2238 1 376 293 12 11 drone
2239 1 375 288 12 11 drone
2240 1 373 283 12 10 drone
2241 1 371 279 12 11 drone
2242 1 369 275 12 11 drone
2243 1 368 270 12 10 drone
2244 1 366 265 12 11 drone
2245 1 364 260 13 11 drone
2246 1 361 256 14 12 drone
2247 1 359 251 13 12 drone
2248 1 357 246 13 12 drone
2249 1 355 241 14 12 drone
2250 1 354 239 13 12 drone
2251 1 352 239 14 12 drone
2252 1 350 239 14 12 drone
2253 1 348 239 14 12 drone
2254 1 346 239 14 12 drone
2255 1 344 240 14 12 drone
2256 1 341 241 14 12 drone
2257 1 339 241 14 12 drone
2258 1 337 242 14 12 drone
2259 1 335 243 14 12 drone
2260 1 333 244 14 12 drone
2261 1 331 245 14 12 drone
2262 1 328 246 14 12 drone
2263 1 326 247 14 12 drone
2264 1 324 248 14 12 drone
2265 1 322 249 14 12 drone
2266 1 319 250 14 12 drone
2267 1 317 251 14 12 drone
2268 1 314 252 14 12 drone
2269 1 312 254 14 12 drone
2270 1 310 255 13 11 drone
2271 1 307 256 14 12 drone
2272 1 304 257 13 12 drone
2273 1 302 258 13 12 drone
2274 1 299 259 13 12 drone
2275 1 297 260 13 11 drone
2276 1 294 261 13 11 drone
2277 1 291 262 13 12 drone
2278 1 288 260 20 14 drone
2279 1 285 261 20 14 drone
2280 1 282 262 20 14 drone
2281 1 280 263 20 14 drone
2282 1 277 264 20 14 drone
2283 1 274 265 20 14 drone
2284 1 271 266 20 14 drone
2285 1 268 267 20 14 drone
2286 1 266 269 19 14 drone
2287 1 262 269 20 14 drone
2288 1 259 271 19 14 drone
2289 1 256 272 19 14 drone
2290 1 253 273 20 14 drone
2291 1 250 274 20 14 drone
2292 1 247 275 20 14 drone
2293 1 244 276 19 13 drone
2294 1 241 277 19 14 drone
2295 1 238 278 19 13 drone
2296 1 235 279 19 13 drone
2297 1 231 280 19 14 drone
2298 1 228 281 20 14 drone
2299 1 224 282 19 14 drone
2300 1 221 283 19 13 drone
2301 1 218 283 20 14 drone
2302 1 215 284 19 14 drone
2303 1 211 285 20 14 drone
2304 1 207 286 20 14 drone
2305 1 204 287 20 14 drone
2306 1 200 288 20 14 drone
2307 1 197 289 20 14 drone
2308 1 193 290 20 14 drone
2309 1 190 291 20 14 drone
2310 1 188 292 21 14 drone
2311 1 183 293 21 15 drone
2312 1 180 294 21 15 drone
2313 1 178 295 21 15 drone
2314 1 175 295 20 14 drone
2315 1 173 296 20 14 drone
2316 1 171 297 20 14 drone
2317 1 167 298 20 14 drone
2318 1 165 298 20 14 drone
2319 1 165 299 21 14 drone
2320 1 167 300 20 14 drone
2321 1 171 301 20 14 drone
2322 1 178 301 20 14 drone
2323 1 184 302 20 14 drone
2324 1 189 302 20 14 drone
2325 1 192 303 20 14 drone
2326 1 196 304 20 14 drone
2327 1 200 305 20 14 drone
2328 1 204 305 20 14 drone
2329 1 207 306 20 14 drone
2330 1 210 307 20 14 drone
2331 1 213 307 20 14 drone
2332 1 216 308 20 14 drone
2333 1 219 308 20 14 drone
2334 1 222 309 19 14 drone
2335 1 225 310 20 14 drone
2336 1 227 310 20 14 drone
2337 1 231 311 20 14 drone
2338 1 234 311 20 14 drone
2339 1 237 312 20 14 drone
2340 1 240 313 20 14 drone
2341 1 242 313 20 14 drone
2342 1 246 314 19 13 drone
2343 1 248 314 20 14 drone
2344 1 251 314 20 14 drone
2345 1 250 315 20 14 drone
2346 1 246 316 19 14 drone
2347 1 242 317 20 14 drone
2348 1 239 317 20 14 drone
2349 1 235 318 21 14 drone
2350 1 231 319 19 13 drone
2351 1 227 319 20 14 drone
2352 1 223 320 20 14 drone
2353 1 219 321 19 13 drone
2354 1 215 321 20 14 drone
2355 1 210 322 21 14 drone
2356 1 206 323 19 13 drone
2357 1 202 323 20 14 drone
2358 1 197 324 20 14 drone
2359 1 193 324 20 14 drone
2360 1 188 325 21 15 drone
2361 1 184 325 21 15 drone
2362 1 180 326 21 15 drone
2363 1 175 327 21 14 drone
2364 1 171 327 21 14 drone
2365 1 167 328 21 14 drone
2366 1 162 328 21 14 drone
2367 1 157 328 22 15 drone
2368 1 152 328 22 15 drone
2369 1 148 329 21 15 drone
2370 1 144 329 22 15 drone
2371 1 139 330 22 15 drone
2372 1 134 330 22 15 drone
2373 1 130 330 22 15 drone
2374 1 126 331 22 15 drone
2375 1 121 332 22 15 drone
2376 1 116 333 22 15 drone
2377 1 112 333 22 15 drone
2378 1 107 333 22 15 drone
2379 1 102 334 21 15 drone
2380 1 98 335 21 14 drone
2381 1 94 335 21 14 drone
2382 1 89 336 21 14 drone
2383 1 85 336 20 14 drone
2384 1 80 337 20 14 drone
2385 1 75 337 20 14 drone
2386 1 71 338 20 14 drone
2387 1 66 338 20 14 drone
2388 1 62 339 20 14 drone
2389 1 58 340 19 13 drone
2390 1 55 340 19 13 drone
2391 1 51 340 19 13 drone
2392 1 48 341 18 13 drone
2393 1 48 341 18 13 drone
2394 1 50 340 19 13 drone
2395 1 56 341 18 13 drone
2396 1 62 341 18 13 drone
2397 1 66 341 18 13 drone
2398 1 68 340 19 13 drone
2399 1 72 341 18 13 drone
2400 1 75 342 17 12 drone
2401 1 78 343 16 11 drone
2402 1 80 342 17 12 drone
2403 1 83 342 16 11 drone
2404 1 85 342 16 11 drone
2405 1 88 342 16 11 drone
2406 1 90 342 16 11 drone
2407 1 92 342 16 11 drone
2408 1 94 341 16 11 drone
2409 1 96 341 16 11 drone
2410 1 98 341 16 11 drone
2411 1 100 340 16 11 drone
2412 1 102 340 16 11 drone
2413 1 104 340 16 11 drone
2414 1 106 340 15 11 drone
2415 1 108 340 16 11 drone
2416 1 110 339 15 11 drone
2417 1 112 339 15 11 drone
2418 1 114 338 16 11 drone
2419 1 117 339 15 10 drone
2420 1 118 338 15 11 drone
2421 1 121 339 15 10 drone
2422 1 122 338 15 10 drone
2423 1 124 337 15 10 drone
2424 1 126 337 15 10 drone
2425 1 128 337 15 11 drone
2426 1 130 336 15 11 drone
2427 1 132 336 15 10 drone
2428 1 134 336 15 11 drone
2429 1 136 335 15 11 drone
2430 1 138 335 15 10 drone
2431 1 140 334 15 11 drone
2432 1 143 334 15 10 drone
2433 1 145 334 15 10 drone
2434 1 147 334 15 11 drone
2435 1 149 333 15 10 drone
2436 1 151 333 14 10 drone
2437 1 153 333 15 10 drone
2438 1 154 332 14 10 drone
2439 1 157 332 14 10 drone
2440 1 159 331 14 10 drone
2441 1 160 331 15 10 drone
2442 1 163 330 15 10 drone
2443 1 165 330 14 10 drone
2444 1 167 329 14 10 drone
2445 1 169 328 14 10 drone
2446 1 171 328 14 10 drone
2447 1 173 328 15 10 drone
2448 1 175 327 14 10 drone
2449 1 177 326 14 10 drone
2450 1 179 326 14 10 drone
2451 1 181 325 14 10 drone
2452 1 184 325 15 10 drone
2453 1 186 324 14 10 drone
2454 1 188 324 14 10 drone
2455 1 190 323 14 10 drone
2456 1 192 323 14 10 drone
2457 1 195 322 15 10 drone
2458 1 197 322 14 10 drone
2459 1 199 321 14 10 drone
2460 1 201 321 14 10 drone
2461 1 203 320 14 10 drone
2462 1 206 319 14 10 drone
2463 1 208 319 14 10 drone
2464 1 210 318 14 10 drone
2465 1 212 318 16 11 drone
2466 1 215 317 15 11 drone
2467 1 217 316 15 10 drone
2468 1 220 316 15 10 drone
2469 1 222 316 15 10 drone
2470 1 224 315 15 11 drone
2471 1 227 314 15 10 drone
2472 1 230 314 15 11 drone
2473 1 232 314 14 10 drone
2474 1 234 313 15 10 drone
2475 1 237 312 15 10 drone
2476 1 240 312 14 10 drone
2477 1 242 312 14 10 drone
2478 1 245 311 15 10 drone
2479 1 247 310 15 10 drone
2480 1 251 310 14 10 drone
2481 1 253 309 15 11 drone
2482 1 256 309 15 10 drone
2483 1 260 308 15 10 drone
2484 1 263 308 14 10 drone
2485 1 265 308 15 10 drone
2486 1 268 307 15 10 drone
2487 1 271 306 15 10 drone
2488 1 274 306 15 10 drone
2489 1 277 305 15 11 drone
2490 1 281 305 14 10 drone
2491 1 284 304 14 10 drone
2492 1 287 304 14 10 drone
2493 1 291 304 15 10 drone
2494 1 294 303 15 10 drone
2495 1 298 302 14 10 drone
2496 1 302 302 14 10 drone
2497 1 305 301 15 10 drone
2498 1 309 301 15 10 drone
2499 1 313 300 14 10 drone
2500 1 317 300 14 10 drone
2501 1 320 299 15 10 drone
2502 1 325 299 14 10 drone
2503 1 329 298 15 10 drone
2504 1 333 298 14 10 drone
2505 1 337 298 15 10 drone
2506 1 341 297 15 11 drone
2507 1 345 296 15 10 drone
2508 1 350 296 14 10 drone
2509 1 354 295 14 10 drone
2510 1 354 295 15 10 drone
2511 1 351 294 15 10 drone
2512 1 348 294 14 10 drone
2513 1 346 294 14 10 drone
2514 1 342 293 14 10 drone
2515 1 339 293 15 11 drone
2516 1 335 292 15 11 drone
2517 1 331 292 15 11 drone
2518 1 328 292 15 11 drone
2519 1 323 291 16 11 drone
2520 1 319 291 15 10 drone
2521 1 315 291 16 11 drone
2522 1 310 291 15 11 drone
2523 1 304 291 16 11 drone
2524 1 299 290 16 11 drone
2525 1 295 290 16 12 drone
2526 1 291 290 16 11 drone
2527 1 287 289 16 11 drone
2528 1 283 289 16 11 drone
2529 1 279 288 16 11 drone
2530 1 275 288 16 11 drone
2531 1 271 287 16 11 drone
2532 1 267 286 16 11 drone
2533 1 264 286 15 11 drone
2534 1 260 286 16 11 drone
2535 1 256 285 16 11 drone
2536 1 252 284 16 11 drone
2537 1 248 284 16 11 drone
2538 1 244 284 16 11 drone
2539 1 240 283 16 11 drone
2540 1 237 283 15 11 drone
2541 1 233 282 16 11 drone
2542 1 229 281 17 12 drone
2543 1 226 281 16 12 drone
2544 1 222 280 16 11 drone
2545 1 220 280 16 11 drone
2546 1 219 279 17 12 drone
2547 1 219 279 16 11 drone
2548 1 223 278 16 11 drone
2549 1 231 277 15 11 drone
2550 1 239 276 17 12 drone
2551 1 247 275 16 11 drone
2552 1 255 274 16 11 drone
2553 1 263 274 16 11 drone
2554 1 271 273 16 11 drone
2555 1 277 272 15 11 drone
2556 1 284 271 16 11 drone
2557 1 291 270 15 11 drone
2558 1 298 269 16 11 drone
2559 1 306 268 16 11 drone
2560 1 313 267 16 11 drone
2561 1 320 266 16 11 drone
2562 1 327 265 16 11 drone
2563 1 335 264 16 11 drone
2564 1 343 263 16 11 drone
2565 1 351 262 16 11 drone
2566 1 360 261 16 11 drone
2567 1 368 260 16 11 drone
2568 1 377 259 16 11 drone
2569 1 386 258 17 12 drone
2570 1 395 257 17 12 drone
2571 1 404 255 17 12 drone
2572 1 413 254 17 12 drone
2573 1 422 254 17 12 drone
2574 1 431 252 17 12 drone
2575 1 441 251 17 12 drone
2576 1 451 250 17 12 drone
2577 1 460 249 17 12 drone
2578 1 470 248 17 12 drone
2579 1 481 247 18 12 drone
2580 1 488 245 18 12 drone
2581 1 488 244 18 12 drone
2582 1 486 243 18 13 drone
2583 1 485 243 17 12 drone
2584 1 484 242 18 12 drone
2585 1 482 241 18 12 drone
2586 1 481 240 18 12 drone
2587 1 479 239 18 12 drone
2588 1 476 238 18 13 drone
2589 1 475 237 18 13 drone
2590 1 472 236 18 13 drone
2591 1 470 235 18 13 drone
2592 1 468 234 18 13 drone
2593 1 466 233 18 13 drone
2594 1 464 232 18 13 drone
2595 1 462 231 18 13 drone
2596 1 459 230 18 13 drone
2597 1 457 229 19 13 drone
2598 1 455 228 19 13 drone
2599 1 453 227 19 13 drone
2600 1 451 226 18 13 drone
2601 1 449 225 18 13 drone
2602 1 447 224 19 13 drone
2603 1 445 223 19 13 drone
2604 1 444 222 19 13 drone
2605 1 443 220 19 14 drone
2606 1 443 217 19 13 drone
2607 1 442 214 20 14 drone
2608 1 441 211 20 14 drone
2609 1 442 210 20 14 drone
2610 1 441 209 20 14 drone
2611 1 440 208 21 14 drone
2612 1 439 207 20 14 drone
2613 1 438 206 20 14 drone
2614 1 437 205 20 14 drone
2615 1 434 202 26 19 drone
2616 1 433 201 26 19 drone
2617 1 432 200 26 19 drone
2618 1 431 199 26 19 drone
2619 1 427 195 29 21 drone
2620 1 427 194 29 21 drone
2621 1 426 193 29 21 drone
2622 1 425 192 29 21 drone
2623 1 421 189 33 24 drone
2624 1 421 188 33 24 drone
2625 1 421 187 32 23 drone
2626 1 417 183 36 26 drone
2627 1 417 182 35 25 drone
2628 1 416 181 36 26 drone
2629 1 417 179 35 26 drone
2630 1 416 178 34 25 drone
2631 1 416 176 36 26 drone
2632 1 415 174 36 26 drone
2633 1 415 173 36 27 drone
2634 1 415 171 36 26 drone
2635 1 415 169 36 27 drone
2636 1 414 167 37 27 drone
2637 1 414 165 37 27 drone
2638 1 415 164 37 27 drone
2639 1 414 162 38 28 drone
2640 1 415 160 37 27 drone
2641 1 415 158 38 28 drone
2642 1 415 156 39 28 drone
2643 1 416 154 38 28 drone
2644 1 416 152 38 28 drone
2645 1 417 150 38 28 drone
2646 1 417 147 38 28 drone
2647 1 417 144 40 29 drone
2648 1 418 143 38 27 drone
2649 1 418 140 38 28 drone
2650 1 419 137 39 29 drone
2651 1 420 135 40 29 drone
2652 1 421 132 39 29 drone
2653 1 422 130 40 29 drone
2654 1 423 127 40 29 drone
2655 1 424 125 40 29 drone
2656 1 424 122 39 29 drone
2657 1 426 120 38 28 drone
2658 1 426 117 39 29 drone
2659 1 427 114 39 29 drone
2660 1 426 117 36 17 drone
2661 1 427 114 36 17 drone
2662 1 428 112 36 17 drone
2663 1 429 109 36 17 drone
2664 1 430 107 36 17 drone
2665 1 432 104 36 17 drone
2666 1 432 103 36 17 drone
2667 1 434 102 36 17 drone
2668 1 435 104 36 17 drone
2669 1 437 114 36 17 drone
2670 1 438 129 36 17 drone
2671 1 440 142 36 17 drone
2672 1 441 152 36 17 drone
2673 1 443 161 36 17 drone
2674 1 444 169 36 17 drone
2675 1 446 175 36 17 drone
2676 1 447 182 37 17 drone
2677 1 449 187 36 17 drone
2678 1 450 192 37 17 drone
2679 1 452 196 36 17 drone
2680 1 453 202 36 17 drone
2681 1 454 212 37 17 drone
2682 1 456 222 36 17 drone
2683 1 458 232 37 17 drone
2684 1 459 242 36 17 drone
2685 1 461 253 37 17 drone
2686 1 463 263 37 17 drone
2687 1 464 273 36 17 drone
2688 1 466 284 36 17 drone
2689 1 468 295 36 17 drone
2690 1 469 305 36 17 drone
2691 1 471 316 37 18 drone
2692 1 473 326 36 17 drone
2693 1 474 335 37 18 drone
2694 1 476 344 36 17 drone
2695 1 480 354 33 16 drone
2696 1 479 364 38 18 drone
2697 1 484 375 32 15 drone
2698 1 486 385 32 15 drone
2699 1 488 395 32 15 drone
2700 1 489 406 32 15 drone
2701 1 491 416 32 15 drone
2702 1 493 425 31 15 drone
2703 1 495 435 31 15 drone
2704 1 496 444 31 15 drone
2705 1 498 454 32 15 drone
2706 1 502 465 29 14 drone
2707 1 504 475 28 13 drone
2708 1 506 484 28 13 drone
2709 1 508 494 28 13 drone
2710 1 507 504 28 13 drone
2711 1 500 514 44 13 drone
2712 1 501 524 44 13 drone
2713 1 501 534 44 13 drone
2714 1 503 545 44 13 drone
2715 1 506 552 44 13 drone
2716 1 506 556 44 13 drone
2717 1 508 561 43 13 drone
2718 1 510 564 44 13 drone
2719 1 510 564 44 13 drone
2720 0
2721 0
2722 0
2723 0
2724 0
2725 0
2726 0
2727 0
2728 0
2729 0
2730 0
2731 0
2732 0
2733 0
2734 0
2735 0
2736 0
2737 0
2738 1 543 564 41 12 drone
2739 1 544 563 41 12 drone
2740 1 544 563 41 12 drone
2741 1 550 557 41 12 drone
2742 1 549 558 41 12 drone
2743 1 551 556 40 12 drone
2744 1 554 555 39 11 drone
2745 1 554 553 41 12 drone
2746 1 556 551 41 12 drone
2747 1 557 549 41 12 drone
2748 1 559 548 42 12 drone
2749 1 560 547 41 12 drone
2750 1 562 545 41 12 drone
2751 1 564 544 41 12 drone
2752 1 565 542 41 12 drone
2753 1 567 541 41 12 drone
2754 1 568 539 41 12 drone
2755 1 570 538 41 12 drone
2756 1 573 537 42 12 drone
2757 1 576 538 42 12 drone
2758 1 580 539 42 12 drone
2759 1 585 542 43 13 drone
2760 1 589 543 43 13 drone
2761 1 591 543 43 13 drone
2762 1 593 541 43 13 drone
2763 1 595 540 43 13 drone
2764 1 597 538 43 13 drone
2765 1 598 537 44 13 drone
2766 1 600 536 43 13 drone
2767 1 602 534 43 13 drone
2768 1 603 533 44 13 drone
2769 1 605 531 44 13 drone
2770 1 608 530 42 12 drone
2771 1 611 529 41 12 drone
2772 1 612 528 42 12 drone
2773 1 612 526 44 13 drone
2774 1 614 524 44 13 drone
2775 1 616 523 44 13 drone
2776 1 618 522 44 13 drone
2777 1 621 521 42 12 drone
2778 1 621 519 44 13 drone
2779 1 623 518 44 13 drone
2780 1 625 517 44 13 drone
2781 1 627 515 44 13 drone
2782 1 629 514 44 13 drone
2783 1 631 513 44 13 drone
2784 1 633 512 44 13 drone
2785 1 636 511 42 12 drone
2786 1 636 509 44 13 drone
2787 1 638 508 44 13 drone
2788 1 640 507 44 13 drone
2789 1 642 505 44 13 drone
2790 1 644 504 44 13 drone
2791 1 649 503 41 12 drone
2792 1 648 502 44 13 drone
2793 1 650 500 45 13 drone
2794 1 652 499 45 13 drone
2795 1 652 498 45 13 drone
2796 1 652 497 45 13 drone
2797 1 653 496 45 13 drone
2798 1 652 495 45 13 drone
2799 1 647 494 45 13 drone
2800 1 638 493 44 13 drone
2801 1 624 493 45 13 drone
2802 1 608 492 45 13 drone
2803 1 593 492 45 13 drone
2804 1 580 492 45 13 drone
2805 1 569 491 45 13 drone
2806 1 560 491 43 12 drone
2807 1 547 490 45 13 drone
2808 1 537 489 45 13 drone
2809 1 527 489 45 13 drone
2810 1 516 488 45 13 drone
2811 1 506 488 45 13 drone
2812 1 496 487 45 13 drone
2813 1 486 486 45 13 drone
2814 1 477 486 45 13 drone
2815 1 467 485 45 13 drone
2816 1 457 485 45 13 drone
2817 1 448 485 46 13 drone
2818 1 438 484 45 13 drone
2819 1 428 484 45 13 drone
2820 1 418 483 45 13 drone
2821 1 409 483 45 13 drone
2822 1 400 483 46 13 drone
2823 1 391 483 46 13 drone
2824 1 382 482 46 13 drone
2825 1 379 482 46 13 drone
2826 1 379 481 46 13 drone
2827 1 380 481 46 13 drone
2828 1 380 480 46 13 drone
2829 1 381 481 46 13 drone
2830 1 383 480 46 13 drone
2831 1 385 480 45 13 drone
2832 1 387 480 45 13 drone
2833 1 388 480 46 13 drone
2834 1 390 480 46 13 drone
2835 1 392 479 45 13 drone
2836 1 394 480 45 13 drone
2837 1 396 480 45 13 drone
2838 1 398 480 46 13 drone
2839 1 400 480 46 13 drone
2840 1 402 480 46 13 drone
2841 1 404 480 46 13 drone
2842 1 406 480 46 13 drone
2843 1 409 480 45 13 drone
2844 1 411 481 45 13 drone
2845 1 413 481 45 13 drone
2846 1 415 482 45 13 drone
2847 1 417 482 45 13 drone
2848 1 420 483 45 13 drone
2849 1 422 483 44 13 drone
2850 1 424 484 44 13 drone
2851 1 426 485 45 13 drone
2852 1 429 485 45 13 drone
2853 1 431 486 45 13 drone
2854 1 433 486 45 13 drone
2855 1 433 487 45 13 drone
2856 1 433 488 45 13 drone
2857 1 432 489 44 13 drone
2858 1 425 491 45 13 drone
2859 1 415 492 45 13 drone
2860 1 403 493 45 13 drone
2861 1 392 495 46 13 drone
2862 1 381 497 45 13 drone
2863 1 371 499 46 13 drone
2864 1 361 500 45 13 drone
2865 1 352 502 44 13 drone
2866 1 343 503 46 14 drone
2867 1 335 505 47 14 drone
2868 1 326 506 49 14 drone
2869 1 317 508 50 15 drone
2870 1 309 510 50 15 drone
2871 1 300 512 50 15 drone
2872 1 293 514 51 15 drone
2873 1 285 516 50 15 drone
2874 1 278 518 51 15 drone
2875 1 271 520 51 15 drone
2876 1 263 523 50 15 drone
2877 1 255 525 51 15 drone
2878 1 247 527 51 15 drone
2879 1 240 530 51 15 drone
2880 1 232 532 52 15 drone
2881 1 226 535 52 15 drone
2882 1 226 537 52 15 drone
2883 1 228 539 52 15 drone
2884 1 229 541 52 15 drone
2885 1 230 544 52 15 drone
2886 1 232 546 52 15 drone
2887 1 234 549 52 15 drone
2888 1 236 551 51 15 drone
2889 1 239 554 52 15 drone
2890 1 242 556 51 15 drone
2891 1 244 559 51 15 drone
2892 1 247 562 51 15 drone
2893 1 249 564 51 15 drone
2894 1 252 567 52 15 drone
2895 0
2896 0
2897 0
2898 0
2899 0
2900 0
2901 0
2902 0
2903 0
2904 0
2905 0
2906 0
2907 0
2908 0
2909 0
2910 0
2911 0
2912 0
2913 0
2914 0
2915 0
2916 0
2917 0
2918 0
2919 0
2920 0
2921 0
2922 0
2923 0
2924 0
2925 0
2926 0
2927 0
2928 0
2929 0
2930 0
2931 0
2932 0
2933 0
2934 0
2935 0
2936 0
2937 0
2938 0
2939 0
2940 0
2941 0
2942 0
2943 0
2944 0
2945 0
2946 0
2947 0
2948 0
2949 0
2950 1 414 563 53 12 drone
2951 1 417 559 54 12 drone
2952 1 420 555 53 12 drone
2953 1 424 551 53 12 drone
2954 1 427 548 53 12 drone
2955 1 430 544 54 12 drone
2956 1 433 540 54 12 drone
2957 1 437 537 54 12 drone
2958 1 440 532 54 12 drone
2959 1 443 528 54 12 drone
2960 1 447 524 54 12 drone
2961 1 450 519 54 12 drone
2962 1 454 515 54 12 drone
2963 1 457 510 54 12 drone
2964 1 460 505 54 12 drone
2965 1 464 501 54 12 drone
2966 1 467 496 54 12 drone
2967 1 471 490 54 12 drone
2968 1 474 485 54 12 drone
2969 1 478 481 54 12 drone
2970 1 481 480 54 12 drone
2971 1 485 479 54 12 drone
2972 1 489 479 55 12 drone
2973 1 492 480 55 12 drone
2974 1 496 481 55 12 drone
2975 1 500 482 55 12 drone
2976 1 504 483 55 12 drone
2977 1 507 484 55 12 drone
2978 1 511 485 55 12 drone
2979 1 515 486 56 13 drone
2980 1 519 488 55 12 drone
2981 1 523 489 55 12 drone
2982 1 527 490 55 13 drone
2983 1 530 492 55 13 drone
2984 1 534 493 56 13 drone
2985 1 538 494 56 13 drone
2986 1 542 496 56 13 drone
2987 1 546 497 56 13 drone
2988 1 550 499 56 13 drone
2989 1 553 500 56 13 drone
2990 1 555 502 56 13 drone
2991 1 558 503 56 13 drone
2992 1 561 505 56 13 drone
2993 1 562 506 56 13 drone
2994 1 560 508 56 13 drone
2995 1 551 510 56 13 drone
2996 1 537 511 56 13 drone
2997 1 523 514 57 13 drone
2998 1 513 516 57 13 drone
2999 1 506 518 57 13 drone
3000 1 499 520 57 13 drone
