0 0
1 0
2 0
3 0
4 0
5 0
6 0
7 0
8 0
9 0
10 0
11 0
12 0
13 0
14 0
15 1 715 36 32 21 drone
16 1 711 88 34 22 drone
17 1 713 139 32 21 drone
18 1 713 193 32 22 drone
19 1 711 244 30 21 drone
20 1 711 299 30 21 drone
21 1 713 355 29 20 drone
22 1 710 407 29 20 drone
23 1 712 409 29 20 drone
24 1 710 412 29 20 drone
25 1 708 416 29 20 drone
26 1 707 422 29 20 drone
27 1 706 425 29 20 drone
28 1 706 430 29 20 drone
29 1 704 435 29 20 drone
30 1 703 439 28 19 drone
31 1 705 444 26 18 drone
32 1 703 448 26 18 drone
33 1 702 454 26 18 drone
34 1 701 459 25 17 drone
35 1 703 462 24 16 drone
36 1 700 466 24 16 drone
37 1 699 470 24 16 drone
38 1 699 474 23 16 drone
39 1 698 479 24 16 drone
40 1 697 482 24 16 drone
41 1 697 485 24 16 drone
42 1 697 490 23 16 drone
43 1 697 493 23 16 drone
44 1 695 499 22 15 drone
45 1 695 501 23 16 drone
46 1 695 506 23 16 drone
47 1 693 508 23 16 drone
48 1 705 512 24 16 drone
49 1 756 516 24 16 drone
50 1 786 522 23 15 drone
51 1 808 525 24 16 drone
52 1 845 528 25 17 drone
53 1 894 532 25 17 drone
54 1 987 537 26 18 drone
55 1 1051 540 25 17 drone
56 1 1118 543 25 17 drone
57 1 1198 542 26 18 drone
58 1 1263 544 25 17 drone
59 1 1256 548 26 18 drone
60 1 1241 550 28 19 drone
61 1 1243 554 28 19 drone
62 1 1243 558 28 19 drone
63 1 1242 561 26 18 drone
64 1 1242 565 26 18 drone
65 1 1241 567 26 18 drone
66 1 1243 572 26 18 drone
67 1 1241 574 26 18 drone
68 1 1241 578 25 17 drone
69 1 1241 582 25 17 drone
70 1 1242 584 25 17 drone
71 1 1241 587 25 17 drone
72 1 1241 590 25 17 drone
73 1 1239 593 25 17 drone
74 1 1240 597 25 17 drone
75 1 1238 600 25 17 drone
76 1 1239 604 25 17 drone
77 1 1240 607 24 16 drone
78 1 1239 610 24 16 drone
79 1 1238 612 24 16 drone
80 1 1238 616 24 16 drone
81 1 1238 620 23 15 drone
82 1 1237 622 23 15 drone
83 1 1237 520 22 15 drone
84 1 1236 427 22 15 drone
85 1 1238 337 22 15 drone
86 1 1237 244 23 16 drone
87 1 1237 155 22 15 drone
88 1 1236 117 23 16 drone
89 1 1238 107 24 14 drone
90 1 1238 84 24 14 drone
91 1 1238 68 23 13 drone
92 1 1238 48 23 13 drone
93 1 1238 45 23 13 drone
94 1 1238 47 24 14 drone
95 1 1238 50 24 14 drone
96 1 1236 52 24 14 drone
97 1 1237 55 24 14 drone
98 1 1236 57 24 14 drone
99 1 1235 60 24 14 drone
100 1 1236 62 25 15 drone
101 1 1235 64 25 15 drone
102 1 1236 68 24 14 drone
103 1 1235 69 24 14 drone
104 1 1234 73 24 14 drone
105 1 1234 76 24 14 drone
106 1 1234 77 24 14 drone
107 1 1234 81 24 14 drone
108 1 1233 83 24 14 drone
109 1 1233 86 24 14 drone
110 1 1234 87 24 14 drone
111 1 1233 90 24 14 drone
112 1 1233 92 24 14 drone
113 1 1233 94 24 14 drone
114 1 1232 97 24 14 drone
115 1 1232 98 24 14 drone
116 1 1233 100 24 14 drone
117 1 1232 102 24 14 drone
118 1 1231 103 24 14 drone
119 1 1231 106 24 14 drone
120 1 1231 107 24 14 drone
121 1 1230 108 25 15 drone
122 1 1232 110 24 14 drone
123 1 1231 112 24 14 drone
124 1 1230 115 24 14 drone
125 1 1229 117 24 14 drone
126 1 1230 118 24 14 drone
127 1 1227 120 25 15 drone
128 1 1219 120 25 15 drone
129 1 1197 124 26 15 drone
130 1 1189 125 28 16 drone
131 1 1183 126 28 16 drone
132 1 1147 129 26 15 drone
133 1 1097 131 22 16 drone
134 1 1073 135 21 15 drone
135 1 1035 135 23 15 drone
136 1 991 138 24 14 drone
137 1 943 140 23 14 drone
138 1 894 142 23 14 drone
139 1 846 142 23 14 drone
140 1 795 142 22 13 drone
141 1 747 143 22 13 drone
142 1 721 144 22 13 drone
143 1 736 146 22 13 drone
144 1 736 149 21 12 drone
145 1 737 150 20 12 drone
146 1 737 153 20 12 drone
147 1 738 155 20 12 drone
148 1 738 157 20 12 drone
149 1 738 158 20 12 drone
150 1 737 160 21 12 drone
151 1 736 162 20 12 drone
152 1 736 163 20 12 drone
153 1 735 165 21 12 drone
154 1 735 166 20 12 drone
155 1 734 169 20 12 drone
156 1 733 170 20 12 drone
157 1 733 172 20 12 drone
158 1 732 173 20 12 drone
159 1 732 175 20 12 drone
160 1 731 177 21 12 drone
161 1 731 178 21 12 drone
162 1 730 180 20 12 drone
163 1 729 182 21 12 drone
164 1 730 183 20 12 drone
165 1 729 185 20 12 drone
166 1 729 187 20 12 drone
167 1 728 189 20 12 drone
168 1 727 190 20 12 drone
169 1 727 191 20 12 drone
170 1 727 193 20 12 drone
171 1 726 195 20 12 drone
172 1 726 197 20 12 drone
173 1 725 199 20 12 drone
174 1 725 200 20 12 drone
175 1 725 202 19 12 drone
176 1 724 204 19 12 drone
177 1 724 206 19 12 drone
178 1 723 208 19 12 drone
179 1 723 210 19 12 drone
180 1 722 211 20 12 drone
181 1 722 213 19 12 drone
182 1 722 216 19 11 drone
183 1 722 218 19 11 drone
184 1 721 220 19 11 drone
185 1 721 221 19 11 drone
186 1 721 223 19 11 drone
187 1 721 225 19 11 drone
188 1 721 227 19 11 drone
189 1 720 229 19 11 drone
190 1 720 231 19 11 drone
191 1 720 233 19 11 drone
192 1 720 235 19 11 drone
193 1 720 237 18 11 drone
194 1 719 239 18 11 drone
195 1 719 240 19 11 drone
196 1 719 242 18 11 drone
197 1 718 243 18 11 drone
198 1 718 246 18 11 drone
199 1 718 248 18 11 drone
200 1 718 249 18 11 drone
201 1 717 250 18 11 drone
202 1 717 252 18 11 drone
203 1 716 253 18 11 drone
204 1 712 250 18 11 drone
205 1 705 246 18 11 drone
206 1 697 238 18 11 drone
207 1 686 230 19 11 drone
208 1 676 221 20 12 drone
209 1 666 212 20 12 drone
210 1 655 201 21 12 drone
211 1 642 189 22 13 drone
212 1 630 175 22 13 drone
213 1 616 159 23 14 drone
214 1 602 143 24 14 drone
215 1 590 128 25 15 drone
216 1 586 119 27 20 drone
217 1 586 115 27 20 drone
218 1 586 112 27 20 drone
219 1 585 108 27 20 drone
220 1 585 106 27 20 drone
221 1 585 104 26 19 drone
222 1 584 102 27 20 drone
223 1 584 101 26 20 drone
224 1 583 99 27 20 drone
225 1 583 98 27 20 drone
226 1 583 98 27 20 drone
227 1 583 117 26 19 drone
228 1 584 147 26 19 drone
229 1 583 147 27 20 drone
230 1 583 151 26 19 drone
231 1 583 153 27 19 drone
232 1 582 157 26 19 drone
233 1 582 160 26 19 drone
234 1 582 164 25 18 drone
235 1 582 168 25 18 drone
236 1 581 168 25 18 drone
237 1 581 162 26 19 drone
238 1 580 156 26 19 drone
239 1 580 151 26 19 drone
240 1 580 149 26 19 drone
241 1 579 147 25 19 drone
242 1 579 164 25 19 drone
243 1 578 189 25 19 drone
244 1 577 191 25 19 drone
245 1 577 195 25 19 drone
246 1 577 199 25 19 drone
247 1 576 202 25 19 drone
248 1 576 206 25 19 drone
249 1 576 211 24 18 drone
250 1 576 215 24 18 drone
251 1 576 215 24 18 drone
252 1 575 210 24 18 drone
253 1 575 205 24 19 drone
254 1 574 202 24 18 drone
255 1 574 200 24 18 drone
256 1 574 231 23 18 drone
257 1 574 246 23 18 drone
258 1 573 249 23 18 drone
259 1 573 253 23 18 drone
260 1 573 257 23 18 drone
261 1 573 261 22 18 drone
262 1 573 265 23 18 drone
263 1 572 269 23 18 drone
264 1 566 273 22 17 drone
265 1 521 276 22 17 drone
266 1 488 279 22 17 drone
267 1 476 283 21 17 drone
268 1 451 286 21 17 drone
269 1 440 289 21 17 drone
270 1 441 293 21 17 drone
271 1 442 297 21 17 drone
272 1 442 301 21 17 drone
273 1 441 305 21 17 drone
274 1 441 309 20 16 drone
275 1 441 312 20 16 drone
276 1 441 316 20 16 drone
277 1 441 320 20 16 drone
278 1 440 324 20 16 drone
279 1 440 327 20 16 drone
280 1 440 331 20 16 drone
281 1 440 334 20 16 drone
282 1 440 339 20 16 drone
283 1 440 342 19 16 drone
284 1 439 344 20 18 drone
285 1 438 347 20 18 drone
286 1 439 351 20 18 drone
287 1 438 355 20 18 drone
288 1 438 358 20 18 drone
289 1 438 362 20 18 drone
290 1 438 365 20 18 drone
291 1 437 369 20 18 drone
292 1 437 372 20 18 drone
293 1 437 376 20 18 drone
294 1 436 379 19 17 drone
295 1 436 382 19 17 drone
296 1 436 386 19 17 drone
297 1 436 389 19 17 drone
298 1 435 392 20 18 drone
299 1 435 396 19 17 drone
300 1 435 399 19 17 drone
301 1 435 402 19 17 drone
302 1 435 405 19 17 drone
303 1 434 409 19 17 drone
304 1 434 412 19 17 drone
305 1 434 414 19 17 drone
306 1 434 417 19 17 drone
307 1 434 420 19 17 drone
308 1 433 424 19 17 drone
309 1 433 427 19 17 drone
310 1 433 430 19 17 drone
311 1 433 433 19 17 drone
312 1 432 436 19 17 drone
313 1 432 439 19 17 drone
314 1 432 442 19 17 drone
315 1 432 445 18 16 drone
316 1 432 448 18 16 drone
317 1 431 451 18 16 drone
318 1 431 455 18 17 drone
319 1 431 458 18 16 drone
320 1 431 461 18 16 drone
321 1 430 464 18 16 drone
322 1 430 467 18 16 drone
323 1 430 469 18 16 drone
324 1 430 472 18 16 drone
325 1 430 476 18 16 drone
326 1 429 478 18 16 drone
327 1 429 481 18 16 drone
328 1 429 484 18 16 drone
329 1 428 487 18 16 drone
330 1 428 490 18 16 drone
331 1 428 493 18 16 drone
332 1 428 495 18 16 drone
333 1 427 497 18 16 drone
334 1 427 499 18 16 drone
335 1 427 502 18 16 drone
336 1 426 503 18 16 drone
337 1 426 505 18 16 drone
338 1 426 506 18 16 drone
339 1 426 508 18 16 drone
340 1 425 509 18 16 drone
341 1 425 511 18 16 drone
342 1 425 512 17 16 drone
343 1 425 513 17 16 drone
344 1 424 515 18 16 drone
345 1 424 516 18 16 drone
346 1 424 517 17 16 drone
347 1 424 518 17 16 drone
348 1 423 519 17 16 drone
349 1 423 521 17 15 drone
350 1 423 522 17 15 drone
351 1 423 523 17 15 drone
352 1 423 525 17 15 drone
353 1 422 526 17 15 drone
354 1 422 527 17 15 drone
355 1 422 528 17 16 drone
356 1 422 529 17 15 drone
357 1 421 530 17 15 drone
358 1 421 532 17 15 drone
359 1 421 533 17 15 drone
360 1 420 534 17 15 drone
361 1 420 535 16 15 drone
362 1 420 536 17 15 drone
363 1 419 537 17 15 drone
364 1 425 539 17 15 drone
365 1 489 542 17 15 drone
366 1 550 545 21 14 drone
367 1 586 548 19 14 drone
368 1 640 550 19 14 drone
369 1 695 552 19 14 drone
370 1 699 554 19 14 drone
371 1 697 556 19 14 drone
372 1 696 558 19 14 drone
373 1 694 560 19 14 drone
374 1 695 562 19 14 drone
375 1 695 565 19 14 drone
376 1 694 567 19 14 drone
377 1 694 570 18 13 drone
378 1 693 572 18 14 drone
379 1 693 575 19 14 drone
380 1 693 577 18 13 drone
381 1 692 580 18 13 drone
382 1 692 582 18 13 drone
383 2 691 584 18 13 drone 975 3 12 10 drone
384 2 691 587 18 13 drone 975 7 12 10 drone
385 2 690 589 18 13 drone 974 11 12 10 drone
386 2 690 591 18 13 drone 974 13 12 10 drone
387 2 689 594 18 13 drone 973 17 12 10 drone
388 2 689 596 18 13 drone 973 20 12 10 drone
389 2 689 599 18 13 drone 973 24 12 10 drone
390 2 689 602 18 13 drone 971 22 14 15 drone
391 2 689 605 17 12 drone 971 26 14 15 drone
392 2 688 607 18 13 drone 970 29 14 15 drone
393 2 688 609 18 13 drone 970 32 14 15 drone
394 2 688 611 17 12 drone 969 35 14 15 drone
395 2 687 614 17 12 drone 969 38 14 15 drone
396 2 687 616 17 12 drone 968 42 14 15 drone
397 2 687 618 17 12 drone 968 45 14 15 drone
398 2 686 620 18 13 drone 967 48 14 15 drone
399 2 686 622 18 13 drone 967 52 14 15 drone
400 2 686 625 18 13 drone 966 55 14 15 drone
401 2 685 627 17 13 drone 966 58 14 15 drone
402 2 685 630 17 12 drone 965 61 14 15 drone
403 2 685 632 17 12 drone 964 65 13 14 drone
404 2 684 633 18 13 drone 964 68 14 15 drone
405 2 684 636 17 12 drone 963 71 14 15 drone
406 2 684 638 17 12 drone 963 74 14 15 drone
407 2 684 640 17 12 drone 962 77 14 15 drone
408 2 683 642 17 12 drone 961 80 13 14 drone
409 2 683 644 17 12 drone 961 83 13 14 drone
410 2 683 647 16 12 drone 960 86 14 15 drone
411 2 683 649 16 12 drone 959 90 13 14 drone
412 2 682 650 17 12 drone 959 92 13 14 drone
413 2 682 653 17 12 drone 958 95 13 14 drone
414 2 682 655 17 12 drone 957 98 14 15 drone
415 2 681 657 17 12 drone 956 101 14 15 drone
416 2 681 659 17 12 drone 956 104 13 14 drone
417 2 682 661 16 12 drone 955 107 13 14 drone
418 2 681 663 16 12 drone 955 110 14 15 drone
419 2 681 665 16 12 drone 954 113 13 14 drone
420 2 681 667 16 12 drone 953 116 13 14 drone
421 2 680 669 16 12 drone 953 119 13 14 drone
422 2 680 670 16 12 drone 952 121 13 14 drone
423 2 680 672 16 12 drone 951 124 13 14 drone
424 2 680 674 16 12 drone 950 127 13 14 drone
425 2 680 676 16 11 drone 949 130 13 14 drone
426 2 679 678 16 11 drone 949 133 12 13 drone
427 2 679 680 16 12 drone 948 135 12 13 drone
428 2 679 682 16 12 drone 947 138 12 13 drone
429 2 679 683 16 12 drone 947 140 12 13 drone
430 2 679 685 16 12 drone 946 143 12 13 drone
431 2 679 687 15 11 drone 945 146 12 13 drone
432 2 679 689 16 12 drone 944 149 12 13 drone
433 2 679 690 15 11 drone 943 151 12 13 drone
434 2 678 692 16 11 drone 942 153 12 13 drone
435 2 678 694 16 11 drone 941 156 12 13 drone
436 2 677 695 15 11 drone 940 159 12 13 drone
437 2 678 697 15 11 drone 939 161 13 14 drone
438 2 677 699 15 11 drone 938 163 13 13 drone
439 2 678 700 16 11 drone 938 166 12 13 drone
440 2 680 700 15 11 drone 937 172 12 13 drone
441 2 687 698 14 10 drone 937 180 12 13 drone
442 2 695 693 14 10 drone 938 191 12 13 drone
443 2 705 688 14 10 drone 938 205 11 12 drone
444 2 714 683 14 10 drone 938 219 11 12 drone
445 2 724 677 14 10 drone 940 231 11 11 drone
446 2 732 672 13 10 drone 939 242 11 11 drone
447 2 741 667 13 10 drone 940 254 10 11 drone
448 2 749 661 13 10 drone 941 264 10 11 drone
449 2 757 656 13 10 drone 941 273 10 11 drone
450 2 767 650 11 10 drone 941 282 10 11 drone
451 2 773 644 11 10 drone 941 289 10 11 drone
452 2 774 642 11 10 drone 941 289 10 11 drone
453 2 774 642 11 10 drone 940 289 10 11 drone
454 2 774 641 11 10 drone 940 289 10 11 drone
455 2 774 640 11 10 drone 939 288 10 11 drone
456 2 774 639 11 10 drone 939 288 10 11 drone
457 2 774 639 11 10 drone 938 288 10 11 drone
458 2 774 639 11 10 drone 938 288 10 11 drone
459 2 773 639 11 10 drone 938 288 10 11 drone
460 2 773 639 11 10 drone 937 289 10 11 drone
461 2 773 639 11 10 drone 937 290 10 11 drone
462 2 773 639 11 10 drone 936 290 10 11 drone
463 2 773 640 11 10 drone 936 291 10 11 drone
464 2 773 640 11 10 drone 935 292 10 11 drone
465 2 773 641 11 10 drone 934 292 10 11 drone
466 2 773 641 11 10 drone 933 293 10 11 drone
467 2 773 641 11 10 drone 933 294 10 11 drone
468 2 772 642 11 10 drone 932 294 10 11 drone
469 2 772 642 11 10 drone 931 295 10 11 drone
470 2 772 643 11 10 drone 931 296 10 11 drone
471 2 772 644 11 10 drone 930 297 10 11 drone
472 2 772 644 11 10 drone 930 298 10 11 drone
473 2 772 644 11 10 drone 929 299 10 11 drone
474 2 772 645 11 10 drone 928 300 10 11 drone
475 2 772 646 11 10 drone 928 301 10 11 drone
476 2 772 646 11 10 drone 927 302 10 11 drone
477 2 772 647 11 10 drone 927 303 10 11 drone
478 2 771 647 11 10 drone 926 303 10 11 drone
479 2 771 648 11 10 drone 926 305 10 11 drone
480 2 771 648 11 10 drone 925 306 10 11 drone
481 2 771 649 11 10 drone 924 307 10 11 drone
482 2 771 650 11 10 drone 923 308 10 11 drone
483 2 771 650 11 10 drone 923 309 10 11 drone
484 2 771 651 11 10 drone 923 310 10 11 drone
485 2 771 651 11 10 drone 922 310 10 11 drone
486 2 770 652 11 10 drone 921 312 10 11 drone
487 2 771 652 11 10 drone 920 312 10 11 drone
488 2 771 653 11 10 drone 920 313 10 11 drone
489 2 770 653 11 10 drone 919 315 10 11 drone
490 2 770 654 11 10 drone 918 315 10 11 drone
491 2 770 654 11 10 drone 918 317 10 11 drone
492 2 770 655 11 10 drone 918 318 10 11 drone
493 2 770 656 11 10 drone 917 319 10 11 drone
494 2 770 656 11 10 drone 916 320 10 11 drone
495 2 770 657 11 10 drone 916 321 10 11 drone
496 2 770 657 11 10 drone 915 322 10 11 drone
497 2 770 658 11 10 drone 914 323 10 11 drone
498 2 770 659 11 10 drone 914 324 10 11 drone
499 2 770 659 11 10 drone 913 325 10 11 drone
500 2 770 660 11 10 drone 912 326 10 11 drone
501 2 770 661 11 10 drone 912 327 10 11 drone
502 2 770 662 11 10 drone 911 329 10 11 drone
503 2 770 663 11 10 drone 910 330 10 11 drone
504 2 769 663 11 10 drone 910 331 10 11 drone
505 2 769 664 11 10 drone 909 332 10 11 drone
506 2 769 665 11 10 drone 909 333 10 11 drone
507 2 769 666 11 10 drone 908 335 10 11 drone
508 2 769 666 11 10 drone 907 336 10 11 drone
509 2 769 667 11 10 drone 907 337 10 11 drone
510 2 769 667 11 10 drone 906 339 10 11 drone
511 2 769 668 11 10 drone 905 340 10 11 drone
512 2 769 669 11 10 drone 905 341 10 11 drone
513 2 769 669 11 10 drone 904 342 10 11 drone
514 2 769 670 11 10 drone 903 343 10 11 drone
515 2 769 671 11 10 drone 903 344 10 11 drone
516 2 769 672 11 10 drone 903 346 10 11 drone
517 2 819 672 13 11 drone 947 348 12 11 drone
518 2 894 673 14 14 drone 1023 348 12 13 drone
519 2 926 674 14 14 drone 1052 348 15 14 drone
520 2 971 676 17 13 drone 1095 350 16 13 drone
521 2 1033 676 15 13 drone 1155 350 15 14 drone
522 2 1069 676 15 12 drone 1191 350 16 13 drone
523 2 1058 677 15 12 drone 1181 352 16 13 drone
524 2 1057 677 15 12 drone 1178 352 16 13 drone
525 2 1057 678 14 11 drone 1178 354 16 13 drone
526 2 1057 678 14 11 drone 1178 355 16 13 drone
527 2 1057 679 14 11 drone 1177 356 16 13 drone
528 2 1057 680 14 11 drone 1175 357 17 13 drone
529 2 1057 680 14 11 drone 1175 359 16 13 drone
530 2 1057 680 14 11 drone 1175 359 16 13 drone
531 2 1057 681 14 11 drone 1174 361 16 13 drone
532 2 1057 681 15 12 drone 1174 362 16 13 drone
533 2 1057 681 15 12 drone 1173 363 16 13 drone
534 2 1057 682 15 12 drone 1173 364 16 13 drone
535 2 1057 683 14 11 drone 1172 366 16 13 drone
536 2 1057 684 14 11 drone 1172 367 16 13 drone
537 2 1057 683 15 12 drone 1171 368 16 13 drone
538 2 1057 684 15 12 drone 1171 368 16 13 drone
539 2 1057 684 15 12 drone 1171 370 16 13 drone
540 2 1057 685 15 12 drone 1170 371 16 13 drone
541 2 1057 686 14 12 drone 1169 372 16 13 drone
542 2 1057 686 15 12 drone 1169 373 16 13 drone
543 2 1056 686 15 12 drone 1169 374 16 13 drone
544 2 1056 687 15 12 drone 1168 375 16 13 drone
545 2 1056 687 15 12 drone 1168 376 16 13 drone
546 2 1056 688 15 12 drone 1167 378 16 13 drone
547 2 1056 688 15 12 drone 1167 378 16 13 drone
548 2 1056 688 15 12 drone 1167 380 16 13 drone
549 2 1056 689 15 12 drone 1166 381 16 13 drone
550 2 1056 689 15 12 drone 1166 382 16 13 drone
551 2 1056 689 15 12 drone 1165 382 16 13 drone
552 2 1056 689 15 12 drone 1164 383 17 14 drone
553 2 1056 689 15 12 drone 1164 384 17 14 drone
554 2 1056 689 15 12 drone 1163 384 17 14 drone
555 2 1056 690 15 12 drone 1163 386 17 14 drone
556 2 1056 690 15 12 drone 1163 387 16 13 drone
557 2 1056 690 15 12 drone 1162 388 17 14 drone
558 2 1056 690 16 12 drone 1162 389 17 13 drone
559 2 1056 690 16 12 drone 1162 390 16 13 drone
560 2 1056 690 15 12 drone 1162 393 15 12 drone
561 2 1056 690 15 12 drone 1160 393 16 13 drone
562 2 1039 691 14 11 drone 1146 395 15 12 drone
563 2 1015 692 14 10 drone 1123 396 14 13 drone
564 2 1010 692 14 10 drone 1116 397 14 13 drone
565 2 1002 692 14 10 drone 1109 398 14 13 drone
566 2 992 692 14 10 drone 1098 399 15 13 drone
567 2 990 692 14 10 drone 1097 400 15 14 drone
568 2 989 692 14 10 drone 1095 401 14 13 drone
569 2 985 692 14 10 drone 1091 402 14 13 drone
570 2 979 691 14 10 drone 1084 402 15 13 drone
571 2 977 691 14 10 drone 1082 403 15 14 drone
572 2 977 691 14 10 drone 1081 404 15 14 drone
573 2 976 691 14 10 drone 1081 405 15 14 drone
574 2 976 691 14 10 drone 1082 405 15 14 drone
575 2 976 691 14 10 drone 1081 406 15 14 drone
576 2 976 691 14 10 drone 1081 408 15 14 drone
577 2 977 691 14 10 drone 1080 407 15 14 drone
578 2 977 691 14 10 drone 1080 409 15 14 drone
579 2 977 691 14 10 drone 1080 410 15 14 drone
580 2 976 690 14 10 drone 1080 411 15 13 drone
581 2 976 689 14 10 drone 1080 412 14 13 drone
582 2 976 689 14 10 drone 1080 412 15 13 drone
583 2 976 689 14 10 drone 1080 413 14 13 drone
584 2 976 689 14 10 drone 1080 414 15 14 drone
585 2 976 689 14 10 drone 1080 414 15 14 drone
586 2 976 689 14 10 drone 1080 415 14 13 drone
587 2 976 689 14 10 drone 1080 416 14 13 drone
588 2 976 689 14 10 drone 1080 417 14 13 drone
589 2 976 688 14 10 drone 1080 417 15 13 drone
590 2 976 688 14 10 drone 1079 417 15 14 drone
591 2 975 688 14 10 drone 1079 419 14 13 drone
592 2 975 688 14 10 drone 1080 419 14 13 drone
593 2 975 691 14 10 drone 1081 419 14 13 drone
594 2 975 695 14 10 drone 1084 417 14 13 drone
595 2 976 702 14 10 drone 1089 414 15 14 drone
596 2 976 708 15 11 drone 1094 412 15 14 drone
597 2 977 716 15 11 drone 1098 408 15 14 drone
598 2 977 722 16 11 drone 1103 405 16 14 drone
599 2 978 730 16 11 drone 1108 402 16 14 drone
600 2 977 738 17 12 drone 1113 399 16 15 drone
601 2 977 746 18 13 drone 1119 396 16 15 drone
602 2 978 755 18 13 drone 1125 392 16 15 drone
603 2 978 765 18 13 drone 1131 388 16 15 drone
604 2 978 771 18 13 drone 1136 386 17 16 drone
605 2 978 770 19 14 drone 1136 387 17 15 drone
606 2 978 770 19 14 drone 1136 387 17 15 drone
607 2 978 770 19 14 drone 1136 388 16 15 drone
608 2 979 770 18 13 drone 1136 389 17 15 drone
609 2 978 769 19 14 drone 1136 390 17 16 drone
610 2 978 769 19 13 drone 1136 391 16 15 drone
611 2 978 769 19 14 drone 1136 392 16 15 drone
612 2 978 768 19 14 drone 1136 393 16 15 drone
613 2 978 768 19 13 drone 1136 394 16 15 drone
614 2 978 768 19 13 drone 1136 395 16 15 drone
615 2 978 768 18 13 drone 1136 396 16 15 drone
616 2 978 768 18 13 drone 1136 396 17 15 drone
617 2 978 768 18 13 drone 1136 398 16 15 drone
618 2 981 767 15 11 drone 1136 399 16 15 drone
619 2 981 767 14 10 drone 1136 399 16 15 drone
620 2 981 767 14 10 drone 1137 399 16 15 drone
621 2 981 767 14 10 drone 1136 401 16 15 drone
622 2 981 767 14 10 drone 1136 402 16 15 drone
623 2 981 766 14 10 drone 1137 403 16 15 drone
624 2 981 766 14 11 drone 1137 404 16 15 drone
625 2 981 766 14 10 drone 1137 405 16 15 drone
626 2 981 766 14 11 drone 1137 406 16 15 drone
627 2 981 766 14 10 drone 1136 406 16 15 drone
628 2 981 766 14 10 drone 1136 408 16 15 drone
629 2 981 766 14 10 drone 1137 409 16 14 drone
630 2 980 765 14 11 drone 1136 409 16 15 drone
631 2 980 765 14 11 drone 1136 410 16 15 drone
632 2 980 765 14 11 drone 1136 411 16 15 drone
633 2 980 765 15 11 drone 1136 413 16 15 drone
634 2 980 765 15 11 drone 1136 413 16 15 drone
635 2 980 765 14 11 drone 1136 414 17 15 drone
636 2 980 765 14 11 drone 1136 415 16 15 drone
637 2 980 765 14 11 drone 1136 416 16 15 drone
638 2 980 765 15 11 drone 1136 417 16 15 drone
639 2 980 765 14 10 drone 1136 418 16 15 drone
640 2 979 765 14 10 drone 1136 419 16 15 drone
641 2 979 720 15 13 drone 1137 384 15 12 drone
642 2 979 655 15 12 drone 1136 317 16 12 drone
643 2 977 604 17 10 drone 1137 269 13 11 drone
644 2 978 547 16 11 drone 1138 212 12 13 drone
645 2 979 494 15 12 drone 1138 162 12 10 drone
646 2 979 444 15 11 drone 1138 110 12 10 drone
647 2 979 450 16 11 drone 1138 115 12 10 drone
648 2 979 451 16 12 drone 1138 117 13 11 drone
649 2 978 451 16 12 drone 1137 119 13 11 drone
650 2 978 451 16 12 drone 1138 120 13 11 drone
651 2 978 452 16 12 drone 1138 121 13 11 drone
652 2 978 452 16 12 drone 1138 122 12 10 drone
653 2 978 452 16 12 drone 1137 123 13 11 drone
654 2 978 452 16 12 drone 1137 125 13 11 drone
655 2 977 452 17 12 drone 1137 126 13 11 drone
656 2 977 452 17 13 drone 1137 127 13 11 drone
657 2 977 452 17 13 drone 1137 128 13 11 drone
658 2 977 453 17 13 drone 1137 130 13 11 drone
659 2 977 453 17 12 drone 1137 131 13 11 drone
660 2 977 453 17 12 drone 1137 133 13 11 drone
661 2 976 454 17 12 drone 1137 134 13 11 drone
662 2 976 454 17 12 drone 1137 135 13 11 drone
663 2 976 454 17 12 drone 1137 137 13 11 drone
664 2 976 454 17 12 drone 1137 138 13 11 drone
665 2 976 455 17 12 drone 1137 140 12 10 drone
666 2 976 455 17 12 drone 1137 140 13 11 drone
667 2 975 455 18 13 drone 1137 142 13 11 drone
668 2 975 455 18 13 drone 1137 143 13 11 drone
669 2 975 456 18 13 drone 1136 144 13 11 drone
670 2 975 456 18 13 drone 1137 146 13 11 drone
671 2 975 457 17 13 drone 1137 147 13 11 drone
672 2 975 457 17 13 drone 1137 148 13 11 drone
673 2 975 457 17 13 drone 1137 150 13 11 drone
674 2 974 458 17 13 drone 1136 151 13 11 drone
675 2 975 459 17 12 drone 1137 153 12 10 drone
676 2 974 459 17 13 drone 1136 154 13 11 drone
677 2 974 459 17 13 drone 1136 155 13 11 drone
678 2 974 460 17 13 drone 1136 156 12 10 drone
679 2 974 460 17 13 drone 1136 157 13 10 drone
680 2 974 461 17 13 drone 1136 159 13 11 drone
681 2 974 461 17 13 drone 1136 160 13 11 drone
682 2 974 462 17 12 drone 1136 161 13 11 drone
683 2 974 462 17 12 drone 1136 163 13 11 drone
684 2 973 463 17 12 drone 1135 164 13 11 drone
685 2 973 464 17 12 drone 1135 165 13 11 drone
686 2 973 464 17 13 drone 1136 167 13 11 drone
687 2 973 464 17 13 drone 1136 168 12 10 drone
688 2 973 465 17 13 drone 1136 169 12 10 drone
689 2 973 466 17 12 drone 1136 171 12 10 drone
690 2 973 466 17 12 drone 1136 172 12 10 drone
691 2 973 467 17 12 drone 1136 173 12 10 drone
692 2 973 467 17 12 drone 1136 175 12 10 drone
693 2 972 468 17 13 drone 1136 176 12 10 drone
694 2 972 469 17 13 drone 1136 177 12 10 drone
695 2 972 470 17 13 drone 1136 178 12 10 drone
696 2 972 470 17 12 drone 1136 179 12 10 drone
697 2 972 471 17 12 drone 1136 180 12 10 drone
698 2 972 472 17 12 drone 1136 181 12 10 drone
699 2 972 472 17 12 drone 1136 182 12 10 drone
700 2 971 473 17 12 drone 1136 184 12 10 drone
701 2 971 473 17 13 drone 1136 185 12 10 drone
702 2 971 474 17 12 drone 1136 186 12 10 drone
703 2 972 475 16 12 drone 1136 187 12 10 drone
704 2 972 476 16 12 drone 1136 188 12 10 drone
705 2 971 477 15 10 drone 1136 189 12 10 drone
706 2 971 478 15 10 drone 1136 191 12 10 drone
707 2 971 478 15 10 drone 1136 192 12 10 drone
708 2 971 479 15 10 drone 1136 193 12 10 drone
709 2 971 480 15 10 drone 1136 194 12 10 drone
710 2 970 481 15 10 drone 1135 195 12 10 drone
711 2 971 482 15 10 drone 1136 197 12 10 drone
712 2 971 482 15 10 drone 1135 198 12 10 drone
713 2 970 483 15 10 drone 1135 199 12 10 drone
714 2 970 484 15 10 drone 1135 200 12 10 drone
715 2 970 485 15 10 drone 1135 202 12 10 drone
716 2 970 485 15 10 drone 1135 203 12 10 drone
717 2 970 486 15 10 drone 1135 204 12 10 drone
718 2 970 487 15 10 drone 1135 205 12 10 drone
719 2 970 488 15 10 drone 1134 207 12 10 drone
720 2 969 488 15 10 drone 1134 208 12 10 drone
721 2 969 489 15 10 drone 1134 209 12 10 drone
722 2 969 490 15 10 drone 1134 211 12 10 drone
723 2 969 490 15 10 drone 1134 212 12 10 drone
724 2 969 491 15 10 drone 1134 214 12 10 drone
725 2 969 492 15 10 drone 1133 215 12 10 drone
726 2 969 493 15 10 drone 1133 216 12 10 drone
727 2 969 494 15 10 drone 1133 217 12 10 drone
728 2 969 494 15 10 drone 1133 218 12 10 drone
729 2 968 495 15 10 drone 1133 220 12 10 drone
730 2 969 496 15 10 drone 1133 221 12 10 drone
731 2 968 496 15 10 drone 1133 222 12 10 drone
732 2 968 498 15 10 drone 1133 224 12 10 drone
733 2 968 498 15 10 drone 1133 225 12 10 drone
734 2 968 499 15 10 drone 1133 227 12 10 drone
735 2 968 500 15 10 drone 1133 228 12 10 drone
736 2 968 500 15 10 drone 1134 229 12 10 drone
737 2 968 501 15 10 drone 1134 231 12 10 drone
738 2 968 502 15 10 drone 1135 232 12 10 drone
739 2 967 503 15 10 drone 1135 233 12 10 drone
740 2 967 504 15 10 drone 1135 235 12 10 drone
741 2 967 504 15 10 drone 1136 236 12 10 drone
742 2 967 505 15 10 drone 1136 238 12 10 drone
743 2 967 505 15 10 drone 1137 239 13 10 drone
744 2 967 506 15 10 drone 1137 240 12 10 drone
745 2 967 507 15 10 drone 1138 241 12 10 drone
746 2 967 508 15 10 drone 1138 243 12 10 drone
747 2 967 509 15 10 drone 1139 244 12 10 drone
748 2 966 509 15 10 drone 1140 246 12 10 drone
749 2 966 510 15 10 drone 1141 247 12 10 drone
750 2 966 510 15 10 drone 1141 248 12 10 drone
751 2 966 511 15 10 drone 1142 250 12 10 drone
752 2 966 512 15 10 drone 1143 251 12 10 drone
753 2 966 513 15 10 drone 1144 253 12 10 drone
754 2 965 514 15 10 drone 1145 254 12 10 drone
755 2 965 514 15 10 drone 1147 256 12 10 drone
756 2 965 514 15 10 drone 1148 257 12 10 drone
757 2 965 515 15 10 drone 1149 258 12 10 drone
758 2 965 516 15 10 drone 1150 260 12 10 drone
759 2 965 516 15 10 drone 1152 261 12 10 drone
760 2 965 517 15 10 drone 1153 263 12 10 drone
761 2 965 518 15 10 drone 1155 264 12 10 drone
762 2 964 518 15 10 drone 1156 265 12 10 drone
763 2 964 519 15 10 drone 1157 267 12 10 drone
764 2 964 520 15 10 drone 1159 268 12 10 drone
765 2 964 520 15 10 drone 1160 269 12 10 drone
766 2 964 521 15 10 drone 1162 271 12 10 drone
767 2 964 521 15 10 drone 1163 272 12 10 drone
768 2 964 522 15 10 drone 1165 273 12 10 drone
769 2 964 522 15 10 drone 1167 275 12 10 drone
770 2 964 523 15 10 drone 1169 276 12 10 drone
771 2 964 524 15 10 drone 1170 278 12 10 drone
772 2 963 524 15 10 drone 1172 279 12 10 drone
773 2 963 525 15 10 drone 1174 280 12 10 drone
774 2 963 525 15 10 drone 1175 281 12 10 drone
775 2 963 526 15 10 drone 1177 283 12 10 drone
776 2 963 527 15 10 drone 1179 284 12 10 drone
777 2 963 527 15 10 drone 1181 286 12 10 drone
778 2 963 528 15 10 drone 1183 288 12 10 drone
779 2 963 529 15 10 drone 1184 289 12 10 drone
780 2 963 529 15 10 drone 1187 290 12 10 drone
781 2 962 530 15 10 drone 1188 291 12 10 drone
782 2 963 531 15 10 drone 1190 293 12 10 drone
783 2 963 531 15 10 drone 1192 294 12 10 drone
784 2 962 532 15 10 drone 1194 296 12 10 drone
785 2 962 532 15 10 drone 1196 297 12 10 drone
786 2 946 533 15 10 drone 1183 298 12 10 drone
787 2 832 533 14 10 drone 1076 300 13 13 drone
788 2 755 533 15 10 drone 997 302 12 11 drone
789 2 716 534 13 11 drone 961 303 12 13 drone
790 2 628 532 16 13 drone 877 305 14 11 drone
791 2 588 533 15 11 drone 834 306 14 12 drone
792 2 618 533 16 11 drone 865 306 16 13 drone
793 2 616 533 17 11 drone 866 307 16 13 drone
794 2 617 534 17 11 drone 869 309 16 13 drone
795 2 617 534 16 11 drone 871 310 16 13 drone
796 2 616 535 16 11 drone 872 311 16 13 drone
797 2 616 536 16 11 drone 874 313 16 13 drone
798 2 616 536 17 11 drone 876 314 15 13 drone
799 2 616 537 16 11 drone 878 315 16 13 drone
800 2 616 538 17 12 drone 879 317 16 13 drone
801 2 616 538 17 12 drone 881 318 16 13 drone
802 2 616 538 18 12 drone 883 319 16 13 drone
803 2 616 539 18 12 drone 885 321 16 13 drone
804 2 616 540 17 12 drone 887 322 16 13 drone
805 2 616 541 17 12 drone 889 324 16 13 drone
806 2 616 542 17 12 drone 891 325 17 13 drone
807 2 616 542 17 12 drone 893 326 16 13 drone
808 2 616 543 17 12 drone 895 327 16 13 drone
809 2 616 544 17 12 drone 897 329 16 13 drone
810 2 616 545 17 12 drone 899 330 16 13 drone
811 2 616 546 17 12 drone 901 332 17 13 drone
812 2 616 546 17 12 drone 903 333 16 13 drone
813 2 616 547 17 12 drone 905 334 17 14 drone
814 2 615 548 17 12 drone 907 335 16 13 drone
815 2 616 550 17 10 drone 911 339 14 10 drone
816 2 616 551 17 10 drone 913 340 14 10 drone
817 2 616 552 17 10 drone 915 342 14 10 drone
818 2 616 553 17 10 drone 917 344 14 10 drone
819 2 616 554 17 10 drone 919 345 14 10 drone
820 2 616 554 17 10 drone 921 346 14 10 drone
821 2 616 555 17 10 drone 923 347 14 10 drone
822 2 616 556 17 10 drone 925 348 14 10 drone
823 2 616 557 17 10 drone 927 350 14 10 drone
824 2 616 558 17 10 drone 929 351 14 10 drone
825 2 616 559 17 10 drone 931 352 14 10 drone
826 2 615 559 17 10 drone 933 353 14 10 drone
827 2 615 560 17 10 drone 935 355 14 10 drone
828 2 615 561 17 10 drone 937 356 14 10 drone
829 2 615 562 17 10 drone 939 357 14 10 drone
830 2 613 564 17 10 drone 941 358 14 10 drone
831 2 608 565 17 10 drone 943 357 14 10 drone
832 2 598 568 17 10 drone 945 354 14 10 drone
833 2 584 571 17 10 drone 946 350 15 10 drone
834 2 568 576 15 11 drone 948 344 14 10 drone
835 2 550 580 18 11 drone 949 338 14 10 drone
836 2 535 582 16 12 drone 953 331 15 11 drone
837 2 515 585 16 12 drone 954 322 16 11 drone
838 2 507 582 17 13 drone 956 316 16 11 drone
839 2 507 576 18 13 drone 959 311 16 11 drone
840 2 508 569 18 13 drone 962 303 16 11 drone
841 2 508 560 17 13 drone 964 295 16 11 drone
842 2 508 548 17 13 drone 967 284 16 11 drone
843 2 508 535 17 13 drone 970 271 16 11 drone
844 2 508 519 17 13 drone 972 256 16 11 drone
845 2 505 503 17 13 drone 975 239 16 12 drone
846 2 506 484 17 13 drone 977 220 16 12 drone
847 2 506 501 17 13 drone 980 233 16 12 drone
848 2 508 532 16 12 drone 984 270 16 12 drone
849 2 508 530 16 12 drone 986 267 17 12 drone
850 2 508 532 16 12 drone 989 270 16 12 drone
851 2 507 532 16 12 drone 992 271 16 12 drone
852 2 507 533 16 12 drone 994 272 16 12 drone
853 2 507 534 16 12 drone 996 274 16 12 drone
854 2 507 535 16 12 drone 999 275 16 12 drone
855 2 507 537 17 12 drone 1002 277 16 12 drone
856 2 508 531 15 11 drone 1004 271 16 12 drone
857 2 507 509 15 13 drone 1006 251 17 12 drone
858 2 507 503 15 13 drone 1009 242 17 12 drone
859 2 506 551 16 11 drone 1012 291 16 13 drone
860 2 506 548 16 11 drone 1015 288 16 13 drone
861 2 506 549 17 11 drone 1017 290 16 13 drone
862 2 506 550 17 11 drone 1018 290 17 14 drone
863 2 506 551 16 11 drone 1021 292 17 14 drone
864 2 506 552 16 11 drone 1024 293 16 13 drone
865 2 506 553 16 11 drone 1026 295 16 13 drone
866 2 505 555 16 11 drone 1029 297 16 13 drone
867 2 506 552 15 10 drone 1032 295 16 13 drone
868 2 506 532 15 11 drone 1035 274 13 14 drone
869 2 504 508 17 13 drone 1037 252 15 12 drone
870 2 502 559 19 10 drone 1039 300 14 10 drone
871 2 502 563 19 10 drone 1041 306 14 10 drone
872 2 504 561 17 13 drone 1043 307 14 10 drone
873 2 504 561 17 13 drone 1046 308 14 10 drone
874 2 504 563 17 13 drone 1048 310 14 10 drone
875 2 504 564 17 13 drone 1050 310 14 10 drone
876 2 504 566 17 13 drone 1053 313 14 10 drone
877 2 504 567 17 13 drone 1055 314 14 10 drone
878 2 504 567 17 13 drone 1057 315 14 10 drone
879 2 504 551 16 12 drone 1059 300 14 10 drone
880 2 505 528 15 12 drone 1062 276 14 10 drone
881 2 503 580 17 10 drone 1063 323 15 11 drone
882 2 503 596 17 10 drone 1065 341 15 11 drone
883 2 503 596 17 10 drone 1067 341 16 11 drone
884 2 502 596 17 10 drone 1069 342 16 12 drone
885 2 502 597 17 10 drone 1071 343 16 12 drone
886 2 502 597 17 10 drone 1073 344 16 11 drone
887 2 502 598 17 10 drone 1076 346 15 11 drone
888 2 502 600 17 10 drone 1078 348 15 11 drone
889 2 502 601 17 10 drone 1080 349 15 11 drone
890 2 502 590 17 10 drone 1083 339 15 11 drone
891 2 502 562 14 12 drone 1085 313 13 11 drone
892 2 502 535 13 12 drone 1085 287 16 13 drone
893 2 501 534 14 12 drone 1087 283 16 13 drone
894 2 502 585 14 12 drone 1091 337 15 11 drone
895 2 502 579 14 12 drone 1093 331 15 11 drone
896 2 502 580 15 13 drone 1095 332 16 12 drone
897 2 502 580 15 13 drone 1097 333 16 11 drone
898 2 502 581 15 12 drone 1099 334 15 11 drone
899 2 501 583 14 12 drone 1101 336 15 11 drone
900 2 501 584 14 12 drone 1104 338 15 11 drone
901 2 501 585 14 12 drone 1105 339 15 11 drone
902 2 501 580 14 12 drone 1108 335 15 11 drone
903 2 501 559 13 10 drone 1110 315 14 11 drone
904 2 501 537 14 10 drone 1112 292 14 11 drone
905 2 498 595 15 12 drone 1112 348 18 13 drone
906 2 498 593 15 12 drone 1113 348 19 14 drone
907 2 498 593 15 12 drone 1116 348 19 13 drone
908 2 498 594 15 12 drone 1117 349 19 14 drone
909 2 498 595 15 12 drone 1120 350 19 14 drone
910 2 497 596 15 12 drone 1122 352 18 13 drone
911 2 497 597 15 12 drone 1124 354 18 13 drone
912 2 497 598 15 12 drone 1125 355 19 14 drone
913 2 497 597 16 12 drone 1128 354 18 13 drone
914 2 497 578 16 10 drone 1131 336 16 13 drone
915 2 497 551 16 12 drone 1133 312 16 11 drone
916 2 495 591 16 12 drone 1134 347 18 14 drone
917 2 495 605 16 12 drone 1136 366 17 12 drone
918 2 495 605 16 12 drone 1137 365 17 12 drone
919 2 494 605 16 12 drone 1139 366 17 12 drone
920 2 494 606 16 12 drone 1141 367 17 12 drone
921 2 494 607 16 12 drone 1143 368 17 12 drone
922 2 494 608 16 12 drone 1144 370 17 12 drone
923 2 494 609 16 12 drone 1146 371 17 12 drone
924 2 494 610 16 12 drone 1148 372 17 12 drone
925 2 494 596 15 11 drone 1150 359 17 12 drone
926 2 494 596 15 11 drone 1150 359 17 12 drone
927 2 493 586 15 12 drone 1154 346 17 12 drone
928 2 494 619 16 13 drone 1157 382 15 14 drone
929 2 494 616 16 13 drone 1158 379 15 14 drone
930 2 493 617 16 13 drone 1160 380 15 14 drone
931 2 493 617 16 13 drone 1161 381 15 14 drone
932 2 493 619 16 13 drone 1163 382 15 14 drone
933 2 493 619 16 13 drone 1165 383 15 14 drone
934 2 493 621 16 13 drone 1166 385 15 14 drone
935 2 493 621 16 13 drone 1168 386 15 14 drone
936 2 493 550 16 11 drone 1170 317 13 12 drone
937 2 493 485 16 10 drone 1173 252 10 10 drone
938 2 495 419 14 10 drone 1173 185 14 10 drone
939 2 493 348 14 12 drone 1175 117 11 11 drone
940 2 494 284 14 12 drone 1177 52 14 11 drone
941 2 494 231 15 10 drone 1179 -1 12 11 drone
942 1 496 194 13 11 drone
943 1 493 151 14 10 drone
944 1 493 111 14 10 drone
945 1 492 66 17 11 drone
946 1 492 23 14 14 drone
947 1 492 14 14 14 drone
948 1 492 17 13 13 drone
949 1 492 18 14 14 drone
950 1 492 21 13 13 drone
951 1 492 22 12 12 drone
952 1 492 23 12 12 drone
953 1 492 24 12 12 drone
954 1 492 25 12 12 drone
955 1 492 26 11 11 drone
956 1 492 27 11 11 drone
957 1 492 28 11 11 drone
958 1 492 29 11 11 drone
959 1 492 30 11 11 drone
960 1 492 31 10 10 drone
961 1 491 32 11 11 drone
962 1 492 33 10 10 drone
963 1 492 34 10 10 drone
964 1 491 35 10 10 drone
965 1 491 36 11 11 drone
966 1 491 37 11 11 drone
967 1 487 175 17 12 drone
968 2 487 290 17 14 drone 1220 54 11 10 drone
969 2 488 412 17 12 drone 1221 176 11 11 drone
970 2 488 536 17 12 drone 1221 298 14 13 drone
971 2 486 654 18 12 drone 1221 415 16 14 drone
972 2 488 668 16 11 drone 1222 436 17 15 drone
973 2 487 663 17 12 drone 1223 430 17 15 drone
974 2 487 665 17 12 drone 1225 432 18 16 drone
975 2 486 666 19 13 drone 1226 432 18 16 drone
976 2 486 666 19 13 drone 1227 433 18 16 drone
977 2 485 667 20 14 drone 1228 434 19 17 drone
978 2 484 667 21 15 drone 1229 434 21 18 drone
979 2 485 669 21 15 drone 1230 435 21 19 drone
980 2 485 669 21 15 drone 1231 436 21 19 drone
981 2 485 670 22 15 drone 1233 437 21 19 drone
982 2 484 671 22 15 drone 1234 437 22 19 drone
983 2 484 672 18 13 drone 1237 439 15 16 drone
984 2 484 673 18 13 drone 1238 440 15 16 drone
985 2 484 674 18 13 drone 1240 441 15 16 drone
986 2 484 674 18 13 drone 1241 442 15 16 drone
987 2 484 675 18 13 drone 1243 442 15 16 drone
988 2 484 676 18 13 drone 1244 443 15 17 drone
989 2 483 677 19 13 drone 1245 444 15 16 drone
990 2 484 678 18 13 drone 1246 445 15 16 drone
991 2 483 679 18 13 drone 1248 446 15 16 drone
992 2 483 679 18 13 drone 1249 447 15 16 drone
993 2 483 680 18 13 drone 1250 447 15 16 drone
994 2 483 681 17 12 drone 1252 448 15 16 drone
995 2 483 682 18 13 drone 1253 449 15 16 drone
996 2 483 683 18 13 drone 1254 450 16 17 drone
997 2 483 683 18 13 drone 1255 451 16 17 drone
998 2 483 684 18 13 drone 1257 452 15 16 drone
999 2 483 685 18 13 drone 1258 452 16 17 drone
1000 2 482 686 18 13 drone 1259 453 16 17 drone
1001 2 482 686 18 13 drone 1261 453 16 17 drone
1002 2 482 687 18 13 drone 1262 454 16 17 drone
1003 2 482 687 18 13 drone 1263 455 16 17 drone
1004 2 482 688 18 13 drone 1265 456 15 17 drone
1005 2 482 688 18 13 drone 1266 456 16 17 drone
1006 2 482 689 18 13 drone 1267 457 15 16 drone
1007 2 482 690 18 13 drone 1269 458 15 16 drone
1008 2 482 691 18 13 drone 1270 458 16 17 drone
1009 2 482 691 18 13 drone 1271 459 15 16 drone
1010 2 482 692 18 13 drone 1272 460 15 16 drone
1011 2 481 692 18 13 drone 1273 460 16 17 drone
1012 2 482 693 18 13 drone 1275 461 15 16 drone
1013 2 482 694 18 13 drone 1276 462 15 16 drone
1014 2 482 694 18 13 drone 1277 462 16 17 drone
1015 2 481 694 19 13 drone 1278 463 15 16 drone
1016 2 481 695 18 13 drone 1280 464 15 16 drone
1017 2 481 696 18 13 drone 1281 464 15 16 drone
1018 2 481 696 18 13 drone 1282 465 15 16 drone
1019 2 481 697 18 13 drone 1283 466 15 16 drone
1020 2 480 698 18 13 drone 1284 466 15 16 drone
1021 2 480 698 18 13 drone 1285 467 16 17 drone
1022 2 480 698 19 14 drone 1287 467 16 17 drone
1023 2 480 699 18 13 drone 1288 468 15 16 drone
1024 2 480 700 18 13 drone 1289 469 16 17 drone
1025 2 480 700 18 13 drone 1290 469 15 16 drone
1026 2 480 701 18 13 drone 1292 470 15 16 drone
1027 2 480 701 18 13 drone 1294 471 14 12 drone
1028 2 480 702 18 13 drone 1295 472 14 12 drone
1029 2 480 702 18 13 drone 1296 472 14 12 drone
1030 2 479 703 18 13 drone 1297 473 14 12 drone
1031 2 479 703 18 13 drone 1298 474 14 12 drone
1032 2 479 704 18 13 drone 1299 474 14 12 drone
1033 2 479 704 18 13 drone 1300 475 14 12 drone
1034 2 479 705 18 13 drone 1301 475 14 12 drone
1035 2 479 705 18 13 drone 1302 476 14 12 drone
1036 2 479 706 18 13 drone 1303 477 14 12 drone
1037 2 478 706 18 13 drone 1304 477 14 12 drone
1038 2 478 707 18 13 drone 1304 478 14 12 drone
1039 2 478 707 18 13 drone 1306 479 14 12 drone
1040 2 478 707 18 13 drone 1306 479 14 12 drone
1041 2 478 708 18 13 drone 1307 480 14 12 drone
1042 2 478 708 18 13 drone 1308 480 14 12 drone
1043 2 477 708 18 13 drone 1309 481 14 12 drone
1044 2 477 709 19 13 drone 1309 481 14 12 drone
1045 2 477 709 19 13 drone 1310 482 14 12 drone
1046 2 477 710 18 13 drone 1311 482 14 12 drone
1047 2 477 711 18 13 drone 1312 484 14 12 drone
1048 2 476 711 18 13 drone 1313 485 14 12 drone
1049 2 476 711 18 13 drone 1314 484 14 12 drone
1050 2 476 711 18 13 drone 1315 485 14 12 drone
1051 2 476 712 18 13 drone 1316 485 14 12 drone
1052 2 476 712 18 13 drone 1317 486 14 12 drone
1053 2 477 713 18 13 drone 1318 487 14 12 drone
1054 2 476 713 18 13 drone 1318 487 14 12 drone
1055 2 476 713 18 13 drone 1318 487 14 12 drone
1056 2 476 713 19 13 drone 1320 487 14 12 drone
1057 2 476 714 18 13 drone 1320 488 14 12 drone
1058 2 476 715 18 13 drone 1321 489 14 12 drone
1059 2 476 716 17 13 drone 1322 490 14 12 drone
1060 2 476 716 17 13 drone 1322 490 14 12 drone
1061 2 476 716 17 13 drone 1323 490 14 12 drone
1062 2 476 716 17 13 drone 1324 490 14 12 drone
1063 2 476 717 17 12 drone 1325 491 14 12 drone
1064 2 476 717 17 12 drone 1326 492 14 12 drone
1065 2 475 705 17 12 drone 1327 481 13 12 drone
1066 2 478 683 14 10 drone 1326 458 16 11 drone
1067 2 478 666 14 10 drone 1327 441 16 11 drone
1068 2 478 648 14 10 drone 1328 424 16 11 drone
1069 2 478 633 14 10 drone 1328 408 16 11 drone
1070 2 477 633 14 10 drone 1329 408 17 12 drone
1071 2 478 633 14 10 drone 1329 408 17 12 drone
1072 2 477 633 14 10 drone 1330 409 17 12 drone
1073 2 477 634 14 10 drone 1331 409 17 12 drone
1074 2 477 634 14 10 drone 1332 410 17 11 drone
1075 2 477 635 14 10 drone 1333 411 17 11 drone
1076 2 477 635 14 10 drone 1333 411 17 12 drone
1077 2 477 635 15 11 drone 1334 411 17 12 drone
1078 2 476 635 15 11 drone 1334 411 17 12 drone
1079 2 476 635 15 11 drone 1335 412 17 12 drone
1080 2 476 635 15 11 drone 1336 413 17 12 drone
1081 2 476 636 15 11 drone 1337 413 17 11 drone
1082 2 476 636 15 11 drone 1338 414 17 11 drone
1083 2 476 636 15 11 drone 1338 414 17 12 drone
1084 2 476 637 15 11 drone 1339 415 17 11 drone
1085 2 476 637 15 11 drone 1340 415 16 11 drone
1086 2 476 637 15 11 drone 1340 416 17 12 drone
1087 2 476 638 15 11 drone 1341 416 17 12 drone
1088 2 476 638 15 11 drone 1342 416 17 12 drone
1089 2 475 638 15 11 drone 1342 417 17 12 drone
1090 2 475 639 15 11 drone 1343 417 16 11 drone
1091 2 475 639 15 11 drone 1344 418 16 11 drone
1092 2 475 639 15 11 drone 1344 418 17 11 drone
1093 2 475 640 15 11 drone 1345 419 17 11 drone
1094 2 475 640 15 11 drone 1345 419 17 11 drone
1095 2 475 640 15 11 drone 1346 420 17 12 drone
1096 2 475 640 15 11 drone 1346 420 17 11 drone
1097 2 474 641 15 11 drone 1347 421 17 12 drone
1098 2 474 641 15 11 drone 1348 421 17 12 drone
1099 2 474 642 15 11 drone 1348 421 17 12 drone
1100 2 474 642 15 11 drone 1349 422 17 11 drone
1101 2 474 643 15 11 drone 1350 423 17 12 drone
1102 2 474 643 15 11 drone 1350 423 17 11 drone
1103 2 474 644 15 11 drone 1350 424 17 12 drone
1104 2 474 645 15 11 drone 1351 425 17 12 drone
1105 2 474 645 15 11 drone 1352 425 17 11 drone
1106 2 474 645 15 11 drone 1352 425 17 12 drone
1107 2 474 645 15 11 drone 1352 426 17 12 drone
1108 2 474 640 15 11 drone 1353 422 16 11 drone
1109 2 475 603 14 11 drone 1354 386 15 10 drone
1110 2 474 570 15 13 drone 1356 354 13 11 drone
1111 2 474 539 15 13 drone 1355 322 14 12 drone
1112 2 475 508 14 12 drone 1355 291 14 12 drone
1113 2 473 497 15 13 drone 1355 279 14 12 drone
1114 2 474 498 16 14 drone 1355 281 15 12 drone
1115 2 474 499 15 13 drone 1356 282 15 13 drone
1116 2 474 500 15 13 drone 1356 282 15 12 drone
1117 2 474 500 16 13 drone 1356 283 15 13 drone
1118 2 473 501 16 13 drone 1357 283 15 13 drone
1119 2 474 501 15 13 drone 1357 284 15 13 drone
1120 2 473 502 15 13 drone 1358 285 14 12 drone
1121 2 474 502 16 14 drone 1358 285 14 12 drone
1122 2 474 503 16 13 drone 1358 286 14 12 drone
1123 2 474 503 15 13 drone 1358 286 15 12 drone
1124 2 474 504 15 13 drone 1359 287 14 12 drone
1125 2 474 505 15 13 drone 1359 288 15 12 drone
1126 2 474 506 15 13 drone 1359 289 14 12 drone
1127 2 474 506 15 13 drone 1360 289 15 12 drone
1128 2 474 506 15 13 drone 1360 289 15 13 drone
1129 2 474 507 14 12 drone 1360 289 15 13 drone
1130 2 473 507 15 13 drone 1360 289 15 13 drone
1131 2 473 507 15 13 drone 1361 290 15 12 drone
1132 2 474 508 15 13 drone 1361 291 15 13 drone
1133 2 474 509 15 13 drone 1361 291 15 13 drone
1134 2 474 510 15 13 drone 1361 292 15 13 drone
1135 2 474 510 15 13 drone 1361 292 15 13 drone
1136 2 474 510 15 13 drone 1362 292 15 13 drone
1137 2 474 511 15 13 drone 1363 293 15 12 drone
1138 2 474 512 15 13 drone 1363 294 14 12 drone
1139 2 474 513 15 13 drone 1363 295 14 12 drone
1140 2 474 513 15 13 drone 1363 296 14 12 drone
1141 2 474 513 15 13 drone 1363 295 14 12 drone
1142 2 473 513 15 13 drone 1364 295 14 12 drone
1143 2 474 514 15 13 drone 1364 297 14 12 drone
1144 2 474 516 15 13 drone 1365 298 14 12 drone
1145 2 474 517 15 13 drone 1365 299 14 12 drone
1146 2 474 517 15 13 drone 1365 299 14 12 drone
1147 2 474 517 15 13 drone 1365 299 14 12 drone
1148 2 474 518 14 13 drone 1365 299 14 12 drone
1149 2 471 519 15 13 drone 1368 299 14 12 drone
1150 2 462 520 15 13 drone 1376 296 14 12 drone
1151 2 446 520 15 13 drone 1388 290 15 12 drone
1152 2 422 523 16 12 drone 1407 282 15 11 drone
1153 2 394 523 17 14 drone 1432 269 13 15 drone
1154 2 364 527 19 12 drone 1455 260 15 14 drone
1155 2 354 515 19 12 drone 1455 260 15 14 drone
1156 2 356 488 14 12 drone 1467 217 13 13 drone
1157 2 356 451 14 12 drone 1466 180 16 12 drone
1158 2 356 410 15 10 drone 1467 141 15 11 drone
1159 2 356 371 15 11 drone 1468 99 14 14 drone
1160 2 354 444 17 11 drone 1468 170 15 12 drone
1161 2 353 441 18 11 drone 1468 170 15 12 drone
1162 2 354 441 18 11 drone 1469 170 15 12 drone
1163 2 354 441 17 11 drone 1469 170 15 12 drone
1164 2 354 442 17 11 drone 1470 172 15 12 drone
1165 2 354 442 17 11 drone 1470 173 15 12 drone
1166 2 353 444 17 11 drone 1470 174 15 12 drone
1167 2 353 444 17 11 drone 1470 175 15 12 drone
1168 2 354 442 17 11 drone 1471 174 14 12 drone
1169 2 357 414 14 12 drone 1472 146 14 12 drone
1170 2 355 377 16 12 drone 1472 111 13 11 drone
1171 2 354 440 17 12 drone 1472 170 14 11 drone
1172 2 355 452 17 12 drone 1472 184 16 13 drone
1173 2 354 451 17 12 drone 1472 183 16 13 drone
1174 2 354 451 17 12 drone 1472 184 16 13 drone
1175 2 354 452 17 12 drone 1473 184 16 13 drone
1176 2 354 452 17 12 drone 1473 185 16 13 drone
1177 2 354 453 17 12 drone 1473 186 16 13 drone
1178 2 354 455 17 12 drone 1473 188 16 13 drone
1179 2 354 455 17 12 drone 1474 189 16 13 drone
1180 2 356 432 15 12 drone 1475 167 16 14 drone
1181 2 356 391 15 12 drone 1474 126 17 15 drone
1182 2 352 428 19 14 drone 1474 159 18 14 drone
1183 2 354 476 17 13 drone 1475 212 16 13 drone
1184 2 354 470 17 13 drone 1475 205 16 13 drone
1185 2 354 471 17 13 drone 1475 206 16 13 drone
1186 2 354 471 17 13 drone 1475 206 16 13 drone
1187 2 353 472 17 13 drone 1476 208 16 13 drone
1188 2 354 473 17 13 drone 1476 209 16 13 drone
1189 2 354 474 17 13 drone 1476 210 16 13 drone
1190 2 354 474 17 13 drone 1477 212 16 13 drone
1191 2 354 465 17 13 drone 1477 204 16 13 drone
1192 2 353 427 17 13 drone 1477 165 16 13 drone
1193 2 353 424 17 13 drone 1477 156 16 13 drone
1194 2 354 491 17 13 drone 1478 225 17 15 drone
1195 2 353 485 17 13 drone 1478 221 17 15 drone
1196 2 353 486 17 13 drone 1478 221 18 16 drone
1197 2 353 486 18 13 drone 1478 221 18 16 drone
1198 2 353 487 18 14 drone 1478 223 17 15 drone
1199 2 353 489 18 14 drone 1479 225 18 15 drone
1200 2 353 491 18 14 drone 1479 227 18 16 drone
1201 2 255 491 13 12 drone 1390 230 18 16 drone
1202 2 6 487 15 14 drone 1147 233 16 13 drone
1203 1 1024 233 15 15 drone
1204 1 917 235 13 15 drone
1205 1 728 237 13 14 drone
1206 1 671 237 13 15 drone
1207 1 742 237 15 14 drone
1208 1 735 237 15 14 drone
1209 1 733 239 15 14 drone
1210 1 733 241 15 14 drone
1211 1 732 244 15 14 drone
1212 1 732 244 15 14 drone
1213 1 732 244 16 15 drone
1214 1 733 244 15 14 drone
1215 1 733 246 15 14 drone
1216 1 733 250 15 14 drone
1217 1 734 252 16 15 drone
1218 1 734 252 16 15 drone
1219 1 734 255 16 12 drone
1220 1 734 255 16 12 drone
1221 1 735 258 16 12 drone
1222 1 736 261 16 12 drone
1223 1 736 262 15 12 drone
1224 1 736 262 16 12 drone
1225 1 736 262 16 12 drone
1226 1 737 264 16 12 drone
1227 1 737 268 16 12 drone
1228 1 738 270 16 12 drone
1229 1 738 270 16 12 drone
1230 1 745 271 15 12 drone
1231 1 790 274 13 11 drone
1232 1 850 275 17 14 drone
1233 1 888 277 14 14 drone
1234 1 929 278 12 13 drone
1235 1 980 278 16 13 drone
1236 1 1077 280 17 13 drone
1237 2 1170 282 15 14 drone 23 528 16 13 drone
1238 2 1245 283 12 12 drone 96 533 15 11 drone
1239 2 1329 285 16 13 drone 185 533 15 13 drone
1240 2 1418 283 14 13 drone 273 533 16 12 drone
1241 2 1424 284 14 13 drone 276 534 16 12 drone
1242 2 1424 286 15 14 drone 275 536 16 12 drone
1243 2 1422 288 15 14 drone 273 538 16 12 drone
1244 2 1422 290 14 13 drone 272 539 16 12 drone
1245 2 1423 290 14 13 drone 272 539 16 12 drone
1246 2 1424 291 14 13 drone 273 541 15 11 drone
1247 2 1425 294 14 13 drone 272 543 15 11 drone
1248 2 1425 296 14 13 drone 272 545 15 11 drone
1249 2 1426 297 14 13 drone 272 546 15 11 drone
1250 2 1426 298 14 13 drone 271 547 15 11 drone
1251 2 1427 298 14 13 drone 271 547 15 11 drone
1252 2 1427 299 14 13 drone 271 548 15 11 drone
1253 2 1428 300 14 13 drone 271 549 15 11 drone
1254 2 1430 303 14 13 drone 272 551 15 11 drone
1255 2 1430 305 14 13 drone 271 552 15 11 drone
1256 2 1430 305 14 13 drone 271 553 15 11 drone
1257 2 1431 305 14 13 drone 270 553 15 11 drone
1258 2 1432 306 14 13 drone 270 554 15 11 drone
1259 2 1433 309 13 13 drone 271 555 15 11 drone
1260 2 1433 311 14 13 drone 271 557 15 11 drone
1261 2 1433 312 14 13 drone 270 558 15 11 drone
1262 2 1434 312 14 13 drone 270 558 15 11 drone
1263 2 1435 313 13 12 drone 270 558 15 11 drone
1264 2 1435 315 13 12 drone 270 560 15 11 drone
1265 2 1436 318 13 12 drone 270 563 15 11 drone
1266 2 1437 319 13 12 drone 271 564 14 11 drone
1267 2 1437 319 13 12 drone 270 564 15 11 drone
1268 2 1437 319 13 13 drone 270 564 15 11 drone
1269 2 1438 321 13 12 drone 270 565 15 11 drone
1270 2 1438 323 13 12 drone 271 566 14 11 drone
1271 2 1438 325 13 12 drone 270 567 14 11 drone
1272 2 1439 325 13 13 drone 270 568 14 11 drone
1273 2 1439 326 13 12 drone 270 568 14 10 drone
1274 2 1439 327 13 12 drone 270 569 14 10 drone
1275 2 1440 329 13 12 drone 270 570 14 10 drone
1276 2 1440 331 14 13 drone 271 571 14 10 drone
1277 2 1440 332 14 13 drone 270 571 14 10 drone
1278 2 1441 333 14 13 drone 270 571 14 10 drone
1279 2 1441 334 14 13 drone 270 572 13 10 drone
1280 2 1441 335 14 13 drone 271 573 13 10 drone
1281 2 1441 337 14 13 drone 270 574 13 10 drone
1282 2 1442 338 14 13 drone 271 575 13 10 drone
1283 2 1442 339 14 13 drone 271 575 13 10 drone
1284 2 1442 340 13 12 drone 270 576 13 10 drone
1285 2 1443 341 13 12 drone 270 576 13 10 drone
1286 2 1443 343 13 12 drone 270 577 13 10 drone
1287 2 1443 345 14 13 drone 270 579 13 10 drone
1288 2 1443 346 13 12 drone 270 579 13 10 drone
1289 2 1444 347 14 13 drone 270 579 13 10 drone
1290 2 1444 348 14 13 drone 270 579 13 10 drone
1291 2 1444 350 13 12 drone 270 581 13 10 drone
1292 2 1444 351 13 12 drone 270 582 13 10 drone
1293 2 1444 352 13 12 drone 270 582 13 10 drone
1294 2 1445 353 13 12 drone 271 583 13 10 drone
1295 2 1445 355 13 12 drone 271 583 13 10 drone
1296 2 1445 357 13 12 drone 271 584 13 10 drone
1297 2 1446 359 13 12 drone 271 586 13 10 drone
1298 2 1446 360 13 12 drone 271 586 13 10 drone
1299 2 1447 361 13 12 drone 271 586 13 10 drone
1300 2 1447 362 13 12 drone 271 587 13 10 drone
1301 2 1447 364 13 12 drone 271 588 13 10 drone
1302 2 1448 365 13 12 drone 271 589 13 10 drone
1303 2 1448 367 13 12 drone 271 590 13 10 drone
1304 2 1449 368 13 12 drone 271 590 13 10 drone
1305 2 1449 368 14 13 drone 271 590 13 10 drone
1306 2 1450 370 13 12 drone 271 591 13 10 drone
1307 2 1450 371 13 12 drone 271 591 13 10 drone
1308 2 1451 373 13 12 drone 271 593 13 10 drone
1309 2 1451 375 13 12 drone 271 593 13 10 drone
1310 2 1455 375 13 12 drone 267 595 13 10 drone
1311 2 1465 373 13 12 drone 252 596 13 10 drone
1312 2 1484 367 15 14 drone 226 600 13 10 drone
1313 2 1508 364 17 12 drone 188 606 17 12 drone
1314 2 1541 357 17 14 drone 145 613 17 12 drone
1315 2 1550 356 17 14 drone 135 614 18 12 drone
1316 2 1554 346 17 14 drone 139 603 18 13 drone
1317 2 1554 319 15 13 drone 139 573 15 11 drone
1318 2 1555 284 14 13 drone 138 536 15 13 drone
1319 2 1555 250 15 12 drone 137 500 15 13 drone
1320 2 1555 215 18 14 drone 139 467 16 10 drone
1321 2 1558 191 15 13 drone 138 440 17 11 drone
1322 2 1557 233 16 12 drone 138 485 19 14 drone
1323 2 1557 289 18 14 drone 137 539 19 14 drone
1324 2 1558 282 18 14 drone 136 532 20 15 drone
1325 2 1559 284 18 14 drone 137 533 20 15 drone
1326 2 1559 284 18 14 drone 136 532 21 15 drone
1327 2 1560 284 17 13 drone 137 532 19 14 drone
1328 2 1561 286 18 14 drone 137 532 19 14 drone
1329 2 1562 288 18 14 drone 137 534 19 14 drone
1330 2 1563 291 17 14 drone 137 535 20 15 drone
1331 2 1564 282 17 13 drone 139 525 19 14 drone
1332 2 1567 251 15 11 drone 139 490 17 14 drone
1333 2 1566 220 16 11 drone 139 460 18 11 drone
1334 2 1566 197 18 14 drone 139 440 15 10 drone
1335 2 1568 279 17 14 drone 137 521 16 12 drone
1336 2 1569 281 17 14 drone 138 519 16 12 drone
1337 2 1570 280 17 14 drone 138 517 16 12 drone
1338 2 1570 280 17 14 drone 138 516 16 12 drone
1339 2 1572 283 17 14 drone 138 518 16 12 drone
1340 2 1572 285 17 14 drone 138 519 15 12 drone
1341 2 1574 287 17 14 drone 138 519 16 12 drone
1342 2 1574 286 17 14 drone 138 519 16 12 drone
1343 2 1575 285 17 14 drone 138 516 16 12 drone
1344 2 1577 264 16 14 drone 140 496 16 10 drone
1345 2 1580 239 13 12 drone 141 466 15 11 drone
1346 2 1580 215 16 13 drone 141 443 13 12 drone
1347 2 1580 259 16 12 drone 139 489 17 11 drone
1348 2 1580 319 16 11 drone 139 545 17 10 drone
1349 2 1581 312 16 11 drone 139 538 17 10 drone
1350 2 1582 315 16 11 drone 139 540 17 10 drone
1351 2 1582 316 17 11 drone 139 540 17 10 drone
1352 2 1584 316 16 11 drone 139 539 17 10 drone
1353 2 1584 317 16 11 drone 139 539 17 10 drone
1354 2 1584 319 16 11 drone 139 540 18 11 drone
1355 2 1585 322 16 11 drone 139 541 18 11 drone
1356 2 1657 322 16 12 drone 218 542 17 10 drone
1357 2 1895 319 13 13 drone 458 542 16 10 drone
1358 1 593 543 19 12 drone
1359 1 701 544 17 12 drone
1360 1 874 546 16 10 drone
1361 1 1008 546 20 11 drone
1362 1 1115 543 17 14 drone
1363 1 1250 544 17 10 drone
1364 1 1383 542 19 12 drone
1365 1 1508 541 16 12 drone
1366 1 1577 542 15 11 drone
1367 1 1552 541 18 12 drone
1368 1 1549 541 19 13 drone
1369 1 1549 541 20 13 drone
1370 1 1551 541 18 12 drone
1371 1 1551 541 18 12 drone
1372 1 1551 541 18 12 drone
1373 1 1550 541 19 12 drone
1374 1 1551 541 19 13 drone
1375 1 1551 541 19 13 drone
1376 1 1551 542 19 13 drone
1377 1 1551 542 19 13 drone
1378 1 1551 543 19 12 drone
1379 1 1551 542 18 12 drone
1380 1 1551 541 18 12 drone
1381 1 1551 541 18 12 drone
1382 1 1551 542 18 12 drone
1383 1 1551 544 18 12 drone
1384 1 1551 544 18 12 drone
1385 1 1551 543 18 12 drone
1386 1 1551 542 18 12 drone
1387 1 1552 543 18 12 drone
1388 1 1551 544 18 12 drone
1389 1 1551 544 18 12 drone
1390 1 1551 544 18 12 drone
1391 1 1552 544 18 12 drone
1392 1 1552 545 18 12 drone
1393 1 1552 546 18 12 drone
1394 1 1552 546 18 12 drone
1395 1 1536 544 18 12 drone
1396 1 1221 548 17 11 drone
1397 1 870 548 16 13 drone
1398 1 703 550 16 13 drone
1399 1 443 551 14 10 drone
1400 1 150 548 13 11 drone
1401 1 160 547 14 12 drone
1402 1 244 548 14 11 drone
1403 1 218 547 17 13 drone
1404 1 210 547 18 14 drone
1405 1 210 547 18 14 drone
1406 1 211 547 18 14 drone
1407 1 211 547 18 14 drone
1408 1 210 547 19 14 drone
1409 1 211 548 18 14 drone
1410 1 211 548 18 14 drone
1411 1 211 548 18 14 drone
1412 1 211 548 18 14 drone
1413 1 210 548 18 14 drone
1414 1 211 549 19 14 drone
1415 1 210 549 19 14 drone
1416 1 210 549 19 14 drone
1417 1 210 549 19 14 drone
1418 1 211 549 19 15 drone
1419 1 211 549 19 15 drone
1420 1 211 549 19 15 drone
1421 1 211 550 19 14 drone
1422 1 211 550 19 14 drone
1423 1 211 550 19 15 drone
1424 1 211 550 19 14 drone
1425 1 211 550 19 15 drone
1426 1 211 550 19 15 drone
1427 1 211 550 19 15 drone
1428 1 212 552 18 14 drone
1429 1 212 552 18 14 drone
1430 1 212 552 18 14 drone
1431 1 212 552 18 14 drone
1432 1 212 552 18 14 drone
1433 1 213 553 18 14 drone
1434 1 213 554 18 14 drone
1435 1 213 554 19 14 drone
1436 1 213 554 19 14 drone
1437 1 213 553 18 14 drone
1438 1 213 553 18 14 drone
1439 1 213 553 19 15 drone
1440 1 214 555 19 14 drone
1441 1 214 556 18 14 drone
1442 1 213 555 19 14 drone
1443 1 213 555 19 15 drone
1444 1 213 555 19 15 drone
1445 1 214 556 19 14 drone
1446 1 214 557 18 14 drone
1447 1 214 556 18 14 drone
1448 1 214 555 18 14 drone
1449 1 214 555 18 14 drone
1450 1 214 556 19 14 drone
1451 1 214 556 19 15 drone
1452 1 214 556 19 15 drone
1453 1 214 555 19 14 drone
1454 1 214 555 19 14 drone
1455 1 214 555 19 14 drone
1456 1 214 556 19 14 drone
1457 1 214 556 19 15 drone
1458 1 214 556 19 15 drone
1459 1 214 556 19 15 drone
1460 1 214 556 19 15 drone
1461 1 214 557 19 15 drone
1462 1 214 557 19 15 drone
1463 1 214 557 19 14 drone
1464 1 226 557 18 14 drone
1465 1 359 560 17 11 drone
1466 1 516 561 14 10 drone
1467 1 598 560 16 13 drone
1468 1 707 561 17 12 drone
1469 1 800 562 16 11 drone
1470 1 777 562 15 11 drone
1471 1 774 563 15 11 drone
1472 1 775 563 15 11 drone
1473 1 775 563 15 11 drone
1474 1 775 563 15 11 drone
1475 1 775 563 15 11 drone
1476 1 775 563 15 11 drone
1477 1 775 563 16 12 drone
1478 1 775 563 16 12 drone
1479 1 775 563 16 12 drone
1480 1 775 563 16 12 drone
1481 1 775 563 16 12 drone
1482 1 775 563 16 12 drone
1483 1 775 564 16 11 drone
1484 1 775 564 16 11 drone
1485 1 775 564 16 11 drone
1486 1 775 564 16 11 drone
1487 1 775 563 16 12 drone
1488 1 775 564 15 11 drone
1489 1 775 564 15 11 drone
1490 1 775 564 15 11 drone
1491 1 776 564 15 11 drone
1492 1 776 564 15 11 drone
1493 1 776 565 15 11 drone
1494 1 776 565 15 11 drone
1495 1 775 565 16 12 drone
1496 1 770 566 16 11 drone
1497 1 763 568 16 12 drone
1498 1 752 572 17 13 drone
1499 1 745 574 18 13 drone
