0 0
1 0
2 0
3 0
4 0
5 0
6 0
7 1 392 151 11 11 drone
8 1 393 154 11 11 drone
9 1 395 158 11 11 drone
10 1 397 161 11 11 drone
11 1 399 165 11 11 drone
12 1 400 168 11 11 drone
13 1 402 172 11 11 drone
14 1 404 176 11 11 drone
15 1 406 179 11 11 drone
16 1 411 186 10 10 drone
17 1 413 193 10 10 drone
18 1 415 199 10 10 drone
19 1 417 204 10 10 drone
20 1 419 208 10 10 drone
21 1 421 213 10 10 drone
22 1 423 218 10 10 drone
23 1 425 222 10 10 drone
24 1 427 226 10 10 drone
25 1 429 230 10 10 drone
26 1 431 233 10 10 drone
27 1 433 234 10 10 drone
28 1 436 235 10 10 drone
29 1 438 237 10 10 drone
30 1 440 239 10 10 drone
31 1 442 240 10 10 drone
32 1 444 242 10 10 drone
33 1 447 243 10 10 drone
34 1 449 245 10 10 drone
35 1 451 246 10 10 drone
36 1 453 247 10 10 drone
37 1 456 249 10 10 drone
38 1 458 250 10 10 drone
39 1 461 252 10 10 drone
40 2 463 253 10 10 drone 380 241 11 12 drone
41 2 465 254 10 10 drone 381 241 11 12 drone
42 2 468 254 10 10 drone 383 240 11 12 drone
43 2 470 254 10 10 drone 384 239 11 12 drone
44 2 472 253 10 10 drone 385 237 11 12 drone
45 2 475 253 10 10 drone 386 236 11 12 drone
46 2 477 253 10 10 drone 387 234 12 13 drone
47 2 480 252 10 10 drone 389 233 11 12 drone
48 2 482 252 10 10 drone 390 232 11 12 drone
49 2 485 252 10 10 drone 392 231 11 12 drone
50 2 487 251 10 10 drone 393 229 11 12 drone
51 2 489 251 10 10 drone 394 228 11 12 drone
52 2 492 250 10 10 drone 395 226 11 12 drone
53 2 493 250 10 10 drone 396 225 11 12 drone
54 2 495 250 10 10 drone 397 223 11 12 drone
55 2 496 250 10 10 drone 397 222 11 12 drone
56 2 496 250 10 10 drone 396 221 11 13 drone
57 2 497 250 10 10 drone 395 219 11 12 drone
58 2 498 251 10 10 drone 395 219 11 12 drone
59 2 498 252 10 10 drone 395 219 11 12 drone
60 2 497 253 10 10 drone 393 218 11 12 drone
61 2 497 255 10 10 drone 391 219 12 13 drone
62 2 495 258 10 10 drone 389 220 11 12 drone
63 2 491 260 10 10 drone 385 221 12 13 drone
64 2 488 263 10 10 drone 381 222 11 12 drone
65 2 486 266 10 10 drone 378 224 11 12 drone
66 2 484 268 10 10 drone 375 225 11 12 drone
67 2 482 271 10 10 drone 373 225 11 13 drone
68 2 479 273 10 10 drone 370 226 11 12 drone
69 2 477 276 10 10 drone 367 227 11 12 drone
70 2 474 278 10 10 drone 364 228 11 12 drone
71 2 472 281 10 10 drone 361 229 11 12 drone
72 2 469 284 10 10 drone 358 230 11 12 drone
73 2 466 287 10 10 drone 354 231 11 12 drone
74 2 464 289 10 10 drone 351 232 11 12 drone
75 2 461 292 10 10 drone 347 233 11 12 drone
76 2 458 295 10 10 drone 343 233 11 12 drone
77 2 455 297 10 10 drone 340 234 11 12 drone
78 2 452 301 10 10 drone 335 234 11 12 drone
79 2 450 304 10 10 drone 331 235 10 11 drone
80 2 447 307 10 10 drone 326 235 11 12 drone
81 2 444 310 10 10 drone 321 235 10 11 drone
82 2 440 313 10 10 drone 316 236 11 12 drone
83 2 437 317 10 10 drone 311 236 11 12 drone
84 2 434 320 10 10 drone 307 236 11 12 drone
85 2 431 323 10 10 drone 302 236 11 12 drone
86 2 429 327 10 10 drone 298 236 11 12 drone
87 2 429 330 10 10 drone 296 236 11 13 drone
88 2 431 332 10 10 drone 295 235 11 12 drone
89 2 432 334 10 10 drone 295 235 11 12 drone
90 2 433 336 10 10 drone 294 234 11 12 drone
91 2 434 339 10 10 drone 293 233 11 12 drone
92 2 435 342 10 10 drone 292 233 11 12 drone
93 2 438 345 10 10 drone 293 232 11 12 drone
94 2 441 347 10 10 drone 294 232 11 12 drone
95 2 443 350 10 10 drone 294 231 11 12 drone
96 2 445 353 10 10 drone 294 230 11 12 drone
97 2 447 355 10 10 drone 294 228 11 12 drone
98 2 449 357 10 10 drone 294 227 11 12 drone
99 2 452 359 10 10 drone 294 225 11 12 drone
100 2 453 362 11 12 drone 295 224 11 12 drone
101 2 456 364 11 12 drone 295 222 11 12 drone
102 2 459 367 11 12 drone 297 220 11 12 drone
103 2 463 369 11 12 drone 299 218 11 12 drone
104 2 468 371 11 11 drone 300 216 11 12 drone
105 2 471 373 11 12 drone 302 214 11 12 drone
106 2 475 376 11 12 drone 304 213 11 12 drone
107 2 477 379 13 12 drone 306 210 11 12 drone
108 2 481 382 13 12 drone 308 208 11 12 drone
109 2 486 384 13 12 drone 310 206 11 12 drone
110 2 490 386 13 12 drone 313 204 11 12 drone
111 2 494 389 13 12 drone 315 202 11 12 drone
112 2 498 393 14 13 drone 316 200 11 12 drone
113 2 501 395 14 13 drone 317 198 11 12 drone
114 2 504 398 14 13 drone 318 196 11 12 drone
115 2 507 402 14 13 drone 319 193 11 12 drone
116 2 510 406 14 13 drone 320 191 12 13 drone
117 2 513 409 14 13 drone 321 189 12 13 drone
118 2 516 414 14 13 drone 322 186 12 13 drone
119 2 520 418 14 13 drone 323 185 12 13 drone
120 2 523 422 14 13 drone 324 183 12 13 drone
121 2 526 427 14 13 drone 326 181 12 13 drone
122 2 530 433 15 13 drone 327 180 12 13 drone
123 2 533 440 14 13 drone 328 180 12 13 drone
124 2 536 446 15 13 drone 330 180 12 13 drone
125 2 537 451 15 14 drone 332 181 12 13 drone
126 2 537 455 15 14 drone 333 183 12 13 drone
127 2 535 460 14 13 drone 333 185 12 13 drone
128 2 531 464 14 13 drone 333 187 12 13 drone
129 2 529 468 15 13 drone 332 188 12 13 drone
130 2 527 472 14 13 drone 332 190 12 13 drone
131 2 525 477 14 13 drone 332 192 12 13 drone
132 2 523 480 14 13 drone 333 194 12 13 drone
133 2 521 483 14 13 drone 333 195 12 13 drone
134 2 518 486 13 12 drone 333 195 12 13 drone
135 2 516 488 13 12 drone 333 196 12 13 drone
136 2 514 491 13 12 drone 333 196 11 12 drone
137 2 512 495 13 12 drone 333 197 11 12 drone
138 2 509 498 13 12 drone 333 199 12 13 drone
139 2 507 502 12 11 drone 333 200 11 12 drone
140 2 504 506 12 11 drone 333 202 11 13 drone
141 2 501 510 12 11 drone 333 204 11 13 drone
142 2 499 514 12 11 drone 333 206 11 12 drone
143 2 496 518 12 11 drone 334 208 11 13 drone
144 2 494 522 12 11 drone 334 210 11 12 drone
145 2 491 526 11 10 drone 334 212 12 13 drone
146 2 489 530 11 10 drone 334 215 11 12 drone
147 2 485 534 11 10 drone 334 217 12 13 drone
148 2 482 538 11 10 drone 334 219 11 12 drone
149 2 479 542 11 10 drone 334 221 11 12 drone
150 2 476 547 11 10 drone 334 224 11 12 drone
151 2 476 547 11 10 drone 334 226 11 12 drone
152 2 469 555 11 10 drone 334 228 11 12 drone
153 2 465 559 11 10 drone 335 231 11 12 drone
154 2 462 563 11 10 drone 335 233 11 12 drone
155 2 462 563 11 10 drone 335 235 11 12 drone
156 2 462 563 11 10 drone 335 238 11 12 drone
157 2 462 563 11 10 drone 335 240 11 12 drone
158 1 335 243 11 12 drone
159 1 335 246 11 12 drone
160 1 335 248 11 12 drone
161 1 335 251 11 12 drone
162 1 335 254 11 12 drone
163 1 335 256 11 12 drone
164 1 336 259 11 12 drone
165 1 335 262 11 12 drone
166 1 335 265 11 12 drone
167 1 335 268 11 12 drone
168 1 335 271 11 12 drone
169 1 335 274 11 12 drone
170 1 335 277 11 12 drone
171 1 335 280 11 12 drone
172 1 335 284 11 12 drone
173 1 334 287 11 12 drone
174 1 333 290 11 12 drone
175 1 333 294 11 12 drone
176 1 333 296 11 12 drone
177 1 333 298 10 11 drone
178 1 332 300 11 12 drone
179 1 332 302 11 11 drone
180 1 331 303 11 12 drone
181 1 331 305 11 12 drone
182 1 330 306 11 12 drone
183 1 329 308 11 12 drone
184 1 328 309 11 12 drone
185 1 327 311 11 12 drone
186 1 326 312 11 12 drone
187 1 325 314 11 12 drone
188 1 324 315 11 12 drone
189 1 323 317 11 12 drone
190 1 322 318 11 12 drone
191 1 321 320 11 12 drone
192 1 319 321 11 12 drone
193 1 318 323 11 12 drone
194 1 317 324 11 12 drone
195 1 316 326 11 12 drone
196 1 314 327 11 12 drone
197 1 313 329 11 12 drone
198 1 312 330 11 12 drone
199 1 311 330 12 13 drone
200 1 310 327 11 12 drone
201 1 310 321 12 13 drone
202 1 311 314 11 12 drone
203 1 314 306 11 12 drone
204 1 316 298 11 12 drone
205 1 319 290 11 12 drone
206 1 321 282 11 12 drone
207 1 323 274 11 12 drone
208 1 326 268 11 12 drone
209 1 330 263 12 13 drone
210 1 334 258 11 13 drone
211 1 339 252 12 13 drone
212 1 343 246 12 13 drone
213 1 348 242 12 13 drone
214 1 352 237 12 13 drone
215 1 357 231 12 13 drone
216 2 361 226 12 13 drone 152 562 18 12 drone
217 2 366 221 12 13 drone 151 556 18 12 drone
218 2 370 216 12 13 drone 150 549 18 12 drone
219 2 375 211 12 13 drone 148 542 18 12 drone
220 2 379 206 12 13 drone 147 536 18 12 drone
221 2 384 201 12 13 drone 145 529 18 12 drone
222 2 388 196 12 13 drone 144 522 18 12 drone
223 2 393 190 12 13 drone 143 516 18 12 drone
224 2 398 185 12 13 drone 142 509 17 12 drone
225 2 402 180 12 13 drone 140 502 18 12 drone
226 2 406 175 12 13 drone 138 496 18 12 drone
227 2 410 176 12 12 drone 136 496 17 12 drone
228 2 413 177 11 12 drone 132 495 18 12 drone
229 2 415 177 11 12 drone 129 494 17 12 drone
230 2 417 177 11 12 drone 124 493 17 12 drone
231 2 418 178 11 12 drone 120 492 17 11 drone
232 2 420 179 11 12 drone 116 490 17 11 drone
233 2 422 179 11 12 drone 112 489 17 11 drone
234 2 424 180 11 12 drone 107 487 17 11 drone
235 2 425 181 11 11 drone 103 486 17 11 drone
236 2 427 182 11 12 drone 99 486 17 11 drone
237 2 428 184 11 11 drone 95 486 17 11 drone
238 2 430 186 10 11 drone 94 485 14 12 drone
239 2 431 188 10 11 drone 90 485 14 12 drone
240 2 432 191 10 11 drone 86 485 14 12 drone
241 2 433 192 10 11 drone 81 486 14 12 drone
242 2 432 195 10 11 drone 74 486 14 12 drone
243 2 430 197 10 11 drone 66 486 14 12 drone
244 2 428 200 10 11 drone 58 487 14 12 drone
245 2 426 203 10 11 drone 51 487 14 12 drone
246 2 424 205 10 11 drone 45 487 14 12 drone
247 2 422 208 10 11 drone 39 488 13 12 drone
248 2 420 210 10 11 drone 32 488 13 11 drone
249 2 419 212 10 11 drone 26 489 13 11 drone
250 2 417 214 10 11 drone 26 489 13 11 drone
251 2 414 217 10 11 drone 10 489 18 13 drone
252 2 413 218 10 11 drone 7 488 14 13 drone
253 1 411 220 10 11 drone
254 1 409 221 10 11 drone
255 1 407 223 10 11 drone
256 0
257 0
258 0
259 0
260 0
261 0
262 0
263 0
264 0
265 0
266 0
267 0
268 0
269 0
270 0
271 0
272 0
273 0
274 0
275 0
276 0
277 0
278 0
279 0
280 0
281 0
282 0
283 0
284 0
285 0
286 0
287 0
288 0
289 0
290 0
291 0
292 0
293 0
294 0
295 0
296 0
297 0
298 0
299 0
300 1 405 270 11 10 drone
301 1 405 271 11 10 drone
302 1 405 273 11 10 drone
303 1 405 274 11 10 drone
304 1 405 276 11 10 drone
305 1 405 277 11 10 drone
306 1 405 279 11 10 drone
307 1 405 280 11 10 drone
308 1 405 281 11 10 drone
309 1 406 283 11 10 drone
310 1 406 284 11 10 drone
311 1 406 286 12 11 drone
312 1 406 288 11 10 drone
313 1 406 290 11 10 drone
314 1 406 291 11 10 drone
315 1 406 293 11 10 drone
316 1 406 294 11 10 drone
317 1 406 296 12 11 drone
318 1 406 298 11 10 drone
319 1 406 299 11 10 drone
320 1 406 302 12 11 drone
321 1 406 303 11 10 drone
322 1 406 305 12 11 drone
323 1 406 307 12 11 drone
324 1 406 308 12 11 drone
325 1 406 310 12 10 drone
326 1 406 312 11 10 drone
327 1 406 313 11 10 drone
328 1 406 315 12 11 drone
329 1 406 316 12 11 drone
330 1 406 319 12 11 drone
331 1 405 321 12 11 drone
332 1 405 323 12 11 drone
333 1 403 323 14 12 drone
334 1 404 326 12 11 drone
335 1 404 329 11 10 drone
336 1 404 330 12 11 drone
337 1 404 333 12 11 drone
338 1 403 334 12 11 drone
339 1 404 337 11 10 drone
340 1 404 338 11 10 drone
341 1 403 341 12 10 drone
342 1 402 342 12 10 drone
343 1 402 344 12 11 drone
344 1 402 346 11 10 drone
345 1 401 348 12 11 drone
346 1 401 350 12 11 drone
347 1 399 352 11 10 drone
348 1 398 354 11 10 drone
349 1 398 356 11 10 drone
350 1 397 358 11 10 drone
351 1 397 359 11 10 drone
352 1 396 362 11 10 drone
353 1 395 363 11 10 drone
354 1 394 366 11 10 drone
355 1 393 367 11 10 drone
356 1 393 369 11 10 drone
357 1 392 371 11 10 drone
358 1 391 373 11 10 drone
359 1 390 375 11 10 drone
360 1 389 376 11 10 drone
361 1 388 379 11 10 drone
362 1 387 380 11 10 drone
363 1 386 382 12 10 drone
364 1 385 384 11 10 drone
365 1 384 385 11 10 drone
366 1 383 387 11 10 drone
367 1 381 388 11 10 drone
368 1 381 390 11 10 drone
369 1 379 391 11 10 drone
370 1 378 393 12 10 drone
371 1 377 394 11 10 drone
372 1 375 395 11 10 drone
373 1 374 395 12 11 drone
374 1 372 395 11 10 drone
375 1 371 393 11 10 drone
376 1 370 392 11 10 drone
377 1 368 390 12 11 drone
378 1 366 388 11 10 drone
379 1 365 387 11 10 drone
380 1 363 386 11 10 drone
381 1 362 385 11 10 drone
382 1 360 383 11 10 drone
383 1 354 382 14 16 drone
384 1 352 381 14 16 drone
385 1 350 380 14 16 drone
386 1 349 379 14 16 drone
387 1 347 377 14 16 drone
388 1 345 376 14 16 drone
389 1 343 376 14 16 drone
390 1 342 375 14 16 drone
391 1 339 374 14 16 drone
392 1 337 374 14 16 drone
393 1 335 374 14 16 drone
394 1 333 374 14 16 drone
395 1 330 374 14 16 drone
396 1 328 374 14 16 drone
397 1 325 375 14 16 drone
398 1 322 375 14 16 drone
399 1 319 375 14 16 drone
400 1 317 376 14 16 drone
401 1 313 376 14 17 drone
402 1 309 378 15 17 drone
403 1 307 380 13 15 drone
404 1 304 382 13 15 drone
405 1 300 384 14 16 drone
406 1 296 386 14 16 drone
407 1 292 388 15 17 drone
408 1 287 391 15 17 drone
409 1 283 393 15 17 drone
410 1 279 396 15 17 drone
411 1 274 399 15 17 drone
412 1 269 402 15 17 drone
413 1 265 405 14 17 drone
414 1 259 408 15 17 drone
415 1 254 411 15 17 drone
416 1 249 414 15 17 drone
417 1 244 416 15 17 drone
418 1 237 420 15 17 drone
419 1 231 423 15 17 drone
420 1 225 426 15 18 drone
421 1 219 429 15 17 drone
422 1 213 432 16 18 drone
423 1 207 435 15 17 drone
424 1 202 437 15 17 drone
425 1 199 439 15 18 drone
426 1 199 438 15 18 drone
427 1 200 433 15 18 drone
428 1 201 428 15 18 drone
429 1 201 423 15 17 drone
430 1 201 418 15 17 drone
431 1 201 412 15 17 drone
432 1 201 407 15 17 drone
433 1 201 402 15 17 drone
434 1 200 397 15 17 drone
435 1 200 391 15 17 drone
436 1 200 386 15 17 drone
437 1 199 381 15 17 drone
438 1 199 376 15 17 drone
439 1 198 371 15 17 drone
440 1 198 366 15 17 drone
441 1 198 360 15 17 drone
442 1 198 355 14 16 drone
443 1 197 350 14 16 drone
444 1 197 344 14 16 drone
445 1 197 339 14 16 drone
446 1 197 334 14 16 drone
447 1 197 328 14 16 drone
448 1 197 323 14 16 drone
449 1 197 318 14 16 drone
450 1 197 312 14 16 drone
451 1 197 306 14 16 drone
452 1 197 301 13 15 drone
453 1 198 296 13 15 drone
454 1 198 290 13 15 drone
455 1 198 284 13 15 drone
456 1 198 279 13 15 drone
457 1 198 273 13 15 drone
458 1 199 268 13 14 drone
459 1 199 262 13 14 drone
460 1 200 256 13 14 drone
461 1 200 248 12 14 drone
462 1 199 238 12 14 drone
463 1 199 227 12 14 drone
464 1 199 216 12 14 drone
465 1 196 205 15 14 drone
466 1 197 194 14 13 drone
467 1 202 185 14 13 drone
468 1 209 178 14 13 drone
469 1 215 170 14 13 drone
470 1 222 160 14 13 drone
471 1 227 152 14 13 drone
472 1 233 145 13 13 drone
473 1 239 137 13 13 drone
474 1 245 129 13 12 drone
475 1 251 121 13 12 drone
476 1 258 114 13 12 drone
477 1 265 106 13 12 drone
478 1 272 98 13 12 drone
479 1 279 90 13 13 drone
480 1 287 82 13 12 drone
481 1 295 75 13 13 drone
482 1 302 66 13 13 drone
483 1 309 57 17 17 drone
484 1 312 51 17 17 drone
485 1 313 46 17 17 drone
486 1 314 40 18 18 drone
487 1 315 37 18 18 drone
488 1 318 32 18 18 drone
489 1 320 27 18 18 drone
490 1 322 22 18 18 drone
491 1 324 16 18 18 drone
492 1 324 16 18 18 drone
493 1 330 8 18 18 drone
494 1 330 8 18 18 drone
495 1 337 12 16 16 drone
496 1 342 15 15 15 drone
497 1 342 16 14 14 drone
498 1 342 16 14 14 drone
499 1 334 19 14 14 drone
500 1 330 23 13 13 drone
501 1 327 25 12 12 drone
502 1 324 29 10 10 drone
503 1 322 30 11 11 drone
504 1 322 30 11 11 drone
505 1 313 35 10 10 drone
506 1 308 38 10 10 drone
507 1 304 41 10 10 drone
508 1 304 41 10 10 drone
509 1 297 54 11 11 drone
510 1 297 66 11 11 drone
511 1 298 78 11 11 drone
512 1 300 91 11 11 drone
513 1 303 107 10 10 drone
514 1 305 122 11 11 drone
515 1 304 135 22 11 drone
516 1 308 151 19 12 drone
517 1 311 169 19 12 drone
518 1 310 187 24 12 drone
519 1 315 205 20 11 drone
520 1 319 223 20 11 drone
521 1 321 240 23 11 drone
522 1 324 251 23 11 drone
523 1 327 261 23 11 drone
524 1 329 272 24 12 drone
525 1 332 282 23 11 drone
526 1 335 291 24 11 drone
527 1 337 300 25 12 drone
528 1 339 307 25 12 drone
529 1 341 315 24 11 drone
530 1 342 322 25 12 drone
531 1 344 329 26 12 drone
532 1 347 335 25 12 drone
533 1 349 342 26 13 drone
534 1 351 348 26 12 drone
535 1 352 353 26 13 drone
536 1 353 357 25 12 drone
537 1 350 358 26 12 drone
538 1 345 359 27 13 drone
539 1 341 360 27 13 drone
540 1 338 360 26 12 drone
541 1 332 359 27 13 drone
542 1 328 359 25 12 drone
543 1 324 357 25 12 drone
544 1 319 356 25 12 drone
545 1 315 354 26 12 drone
546 1 311 353 24 12 drone
547 1 304 351 27 13 drone
548 1 300 350 26 12 drone
549 1 295 348 26 13 drone
550 1 292 346 24 11 drone
551 1 286 344 25 12 drone
552 1 280 341 28 13 drone
553 1 276 340 25 12 drone
554 1 271 338 26 12 drone
555 1 267 336 25 12 drone
556 1 262 333 26 12 drone
557 1 258 331 23 11 drone
558 1 253 328 24 12 drone
559 1 249 326 23 11 drone
560 1 243 323 25 12 drone
561 1 240 321 24 12 drone
562 1 237 318 23 11 drone
563 1 234 316 22 11 drone
564 1 233 313 22 11 drone
565 1 235 310 22 11 drone
566 1 236 307 24 11 drone
567 1 238 304 24 11 drone
568 1 240 301 25 12 drone
569 1 242 298 24 11 drone
570 1 245 295 22 10 drone
571 1 246 292 23 11 drone
572 1 248 289 23 11 drone
573 1 250 286 22 11 drone
574 1 251 283 24 12 drone
575 1 253 280 24 12 drone
576 1 254 277 25 12 drone
577 1 256 274 26 12 drone
578 1 258 271 25 12 drone
579 1 260 268 25 12 drone
580 1 261 265 27 13 drone
581 1 262 263 27 13 drone
582 1 264 260 27 13 drone
583 1 266 258 26 12 drone
584 1 267 255 26 12 drone
585 1 269 253 25 12 drone
586 1 270 250 27 13 drone
587 1 271 248 25 12 drone
588 1 272 246 27 13 drone
589 1 274 244 25 12 drone
590 1 276 241 27 13 drone
591 1 277 240 24 12 drone
592 1 278 238 28 13 drone
593 1 280 236 26 12 drone
594 1 282 235 26 12 drone
595 1 284 233 26 12 drone
596 1 284 230 29 14 drone
597 1 285 229 29 14 drone
598 1 287 228 28 14 drone
599 1 289 226 26 13 drone
600 1 290 225 27 13 drone
601 1 291 224 28 13 drone
602 1 292 222 28 14 drone
603 1 294 221 27 13 drone
604 1 295 220 28 14 drone
605 1 295 219 29 14 drone
606 1 297 216 29 16 drone
607 1 299 215 29 16 drone
608 1 300 214 29 16 drone
609 1 302 213 29 16 drone
610 1 303 212 29 16 drone
611 1 304 212 30 16 drone
612 1 305 212 29 16 drone
613 1 307 211 30 17 drone
614 1 309 210 29 16 drone
615 1 309 210 31 17 drone
616 1 311 210 30 17 drone
617 1 312 209 30 17 drone
618 1 314 209 30 17 drone
619 1 316 209 30 16 drone
620 1 317 208 31 17 drone
621 1 318 208 30 17 drone
622 1 320 208 30 17 drone
623 1 321 207 31 17 drone
624 1 322 207 30 16 drone
625 1 323 206 32 17 drone
626 1 325 206 29 16 drone
627 1 326 204 30 16 drone
628 1 327 203 29 16 drone
629 1 328 201 30 17 drone
630 1 329 200 30 16 drone
631 1 331 201 28 16 drone
632 1 333 200 31 17 drone
633 1 334 201 29 16 drone
634 1 337 201 28 16 drone
635 1 337 201 29 16 drone
636 1 339 201 29 16 drone
637 1 341 201 28 15 drone
638 1 341 200 30 16 drone
639 1 344 200 28 15 drone
640 1 345 200 29 16 drone
641 1 347 200 28 15 drone
642 1 348 199 30 16 drone
643 1 349 198 30 16 drone
644 1 351 198 29 16 drone
645 1 353 198 29 16 drone
646 1 354 197 30 16 drone
647 1 356 196 30 16 drone
648 1 357 195 30 17 drone
649 1 359 195 29 16 drone
650 1 360 194 30 17 drone
651 1 362 193 29 16 drone
652 1 363 191 29 16 drone
653 1 364 190 30 17 drone
654 1 366 189 31 17 drone
655 1 367 188 30 17 drone
656 1 368 186 30 17 drone
657 1 366 185 30 16 drone
658 1 362 183 30 17 drone
659 1 359 182 30 17 drone
660 1 356 180 30 16 drone
661 1 352 178 31 17 drone
662 1 349 176 31 17 drone
663 1 345 174 32 17 drone
664 1 342 172 32 17 drone
665 1 338 170 33 18 drone
666 1 334 168 33 18 drone
667 1 330 166 33 18 drone
668 1 327 163 34 19 drone
669 1 323 160 34 19 drone
670 1 319 158 34 19 drone
671 1 316 155 35 19 drone
672 1 312 152 35 19 drone
673 1 308 149 35 19 drone
674 1 304 145 36 20 drone
675 1 299 141 37 20 drone
676 1 294 136 38 21 drone
677 1 290 129 39 22 drone
678 1 292 123 32 22 drone
679 1 286 115 33 23 drone
680 1 281 108 34 23 drone
681 1 277 104 35 24 drone
682 1 273 100 34 24 drone
683 1 270 97 35 24 drone
684 1 267 94 35 24 drone
685 1 264 90 35 24 drone
686 1 263 87 35 24 drone
687 1 265 83 34 24 drone
688 1 269 80 35 24 drone
689 1 273 77 35 24 drone
690 1 276 74 35 24 drone
691 1 278 72 35 24 drone
692 1 281 72 35 24 drone
693 1 283 77 35 24 drone
694 1 285 84 35 24 drone
695 1 287 91 36 25 drone
696 1 289 97 35 24 drone
697 1 291 102 35 24 drone
698 1 294 108 35 24 drone
699 1 296 113 35 24 drone
700 1 298 117 35 24 drone
701 1 300 120 35 24 drone
702 1 302 124 35 24 drone
703 1 304 127 35 24 drone
704 1 306 130 34 24 drone
705 1 308 132 34 24 drone
706 1 310 135 34 23 drone
707 1 311 137 34 23 drone
708 1 313 141 35 24 drone
709 1 315 148 35 24 drone
710 1 318 156 32 22 drone
711 1 319 163 35 24 drone
712 1 322 170 33 23 drone
713 1 324 178 31 22 drone
714 1 326 186 31 21 drone
715 1 329 193 31 22 drone
716 1 331 198 32 22 drone
717 1 333 201 31 22 drone
718 1 335 204 31 21 drone
719 1 337 206 31 21 drone
720 1 339 208 31 21 drone
721 1 342 211 29 20 drone
722 1 344 212 30 21 drone
723 1 346 215 28 19 drone
724 1 349 217 28 19 drone
725 1 352 219 35 14 drone
726 1 355 221 35 14 drone
727 1 357 223 34 14 drone
728 1 359 225 35 14 drone
729 1 361 227 35 14 drone
730 1 364 229 35 14 drone
731 1 367 231 35 14 drone
732 1 370 234 31 13 drone
733 1 372 236 32 13 drone
734 1 375 238 32 13 drone
735 1 378 239 33 13 drone
736 1 381 241 34 13 drone
737 1 384 243 35 14 drone
738 1 388 244 37 15 drone
739 1 391 246 37 15 drone
740 1 394 249 38 15 drone
741 1 397 252 39 21 drone
742 1 400 255 40 21 drone
743 1 403 258 40 21 drone
744 1 407 261 41 22 drone
745 1 411 264 40 22 drone
746 1 414 268 41 22 drone
747 1 417 271 40 27 drone
748 1 420 274 40 27 drone
749 1 424 278 41 28 drone
750 1 427 282 41 28 drone
751 1 431 285 41 28 drone
752 1 435 289 40 27 drone
753 1 439 293 42 28 drone
754 1 443 297 43 29 drone
755 1 448 301 40 27 drone
756 1 450 304 42 29 drone
757 1 449 309 40 27 drone
758 1 446 307 37 38 drone
759 1 443 311 37 38 drone
760 1 440 316 37 38 drone
761 1 436 320 38 39 drone
762 1 432 324 38 39 drone
763 1 428 327 39 40 drone
764 1 424 332 39 40 drone
765 1 420 336 38 39 drone
766 1 416 340 37 38 drone
767 1 410 344 39 40 drone
768 1 405 348 39 40 drone
769 1 400 352 40 41 drone
770 1 396 357 37 38 drone
771 1 391 361 37 38 drone
772 1 386 366 36 37 drone
773 1 380 370 38 39 drone
774 1 375 375 37 38 drone
775 1 369 379 37 38 drone
776 1 363 382 38 44 drone
777 1 357 383 38 44 drone
778 1 351 383 39 45 drone
779 1 345 384 38 44 drone
780 1 339 384 39 45 drone
781 1 333 383 39 45 drone
782 1 327 383 39 45 drone
783 1 321 384 39 46 drone
784 1 316 385 39 46 drone
785 1 311 386 40 47 drone
786 1 309 389 40 47 drone
787 1 309 392 41 48 drone
788 1 311 396 42 48 drone
789 1 314 401 41 47 drone
790 1 316 406 41 48 drone
791 1 318 412 41 48 drone
792 1 319 417 41 48 drone
793 1 321 423 41 48 drone
794 1 321 429 42 48 drone
795 1 322 434 42 48 drone
796 1 325 439 42 48 drone
797 1 332 441 42 48 drone
798 1 342 443 42 48 drone
799 1 353 444 42 49 drone
800 1 362 445 42 49 drone
801 1 371 446 42 49 drone
802 1 380 447 42 49 drone
803 1 390 448 42 49 drone
804 1 399 449 43 49 drone
805 1 409 450 43 49 drone
806 1 419 450 43 49 drone
807 1 429 451 43 50 drone
808 1 439 452 43 50 drone
809 1 448 453 43 50 drone
810 1 458 454 43 50 drone
811 1 464 455 43 50 drone
812 1 465 457 43 50 drone
813 1 463 458 43 50 drone
814 1 463 460 43 50 drone
815 1 463 462 43 50 drone
816 1 462 464 44 50 drone
817 1 462 466 43 50 drone
818 1 461 467 43 50 drone
819 1 460 469 44 50 drone
820 1 459 471 44 51 drone
821 1 456 473 44 50 drone
822 1 448 475 43 50 drone
823 1 440 478 43 50 drone
824 1 432 481 44 51 drone
825 1 424 483 44 51 drone
826 1 416 486 43 50 drone
827 1 407 489 43 50 drone
828 1 399 492 43 50 drone
829 1 390 495 43 50 drone
830 1 381 498 43 50 drone
831 1 373 501 43 50 drone
832 1 368 504 43 50 drone
833 1 364 508 43 50 drone
834 1 361 511 43 50 drone
835 1 359 514 43 49 drone
836 1 357 518 42 49 drone
837 1 356 521 42 49 drone
838 1 355 525 42 48 drone
839 1 354 528 42 48 drone
840 1 353 532 41 48 drone
841 1 352 534 41 48 drone
842 1 350 536 42 48 drone
843 1 348 535 42 48 drone
844 1 347 530 41 48 drone
845 1 345 522 41 47 drone
846 1 343 517 41 47 drone
847 1 341 515 40 47 drone
848 1 339 512 40 47 drone
849 1 338 509 40 46 drone
850 1 336 507 40 46 drone
851 1 334 503 39 46 drone
852 1 332 497 39 46 drone
853 1 330 490 39 45 drone
854 1 328 483 39 45 drone
855 1 326 477 39 45 drone
856 1 324 471 39 45 drone
857 1 322 464 38 44 drone
858 1 319 458 38 44 drone
859 1 317 451 37 43 drone
860 1 315 445 37 43 drone
861 1 313 438 36 42 drone
862 1 310 432 36 42 drone
863 1 307 425 36 42 drone
864 1 305 418 36 41 drone
865 1 303 411 35 41 drone
866 1 300 404 35 41 drone
867 1 297 396 35 41 drone
868 1 294 389 35 41 drone
869 1 291 382 35 40 drone
870 1 289 374 35 40 drone
871 1 286 367 35 41 drone
872 1 283 359 35 40 drone
873 1 281 352 34 40 drone
874 1 277 343 35 40 drone
875 1 275 335 35 40 drone
876 1 272 329 35 40 drone
877 1 269 326 35 40 drone
878 1 266 323 35 40 drone
879 1 264 320 35 40 drone
880 1 261 317 35 40 drone
881 1 259 314 35 40 drone
882 1 256 311 35 40 drone
883 1 253 308 35 40 drone
884 1 250 305 35 40 drone
885 1 247 302 35 40 drone
886 1 246 299 34 40 drone
887 1 249 296 34 40 drone
888 1 255 293 34 39 drone
889 1 260 290 34 39 drone
890 1 264 286 34 39 drone
891 1 268 284 34 39 drone
892 1 272 284 34 39 drone
893 1 276 284 34 39 drone
894 1 280 285 34 40 drone
895 1 283 286 34 40 drone
896 1 287 286 35 40 drone
897 1 291 287 35 40 drone
898 1 294 288 35 40 drone
899 1 298 290 35 40 drone
900 1 301 291 35 40 drone
901 1 305 292 35 40 drone
902 1 309 293 35 40 drone
903 1 313 294 35 41 drone
904 1 316 295 35 41 drone
905 1 320 296 35 41 drone
906 1 323 297 35 41 drone
907 1 327 297 36 41 drone
908 1 330 298 36 41 drone
909 1 334 299 36 41 drone
910 1 339 300 36 42 drone
911 1 340 301 36 42 drone
912 1 337 301 36 42 drone
913 1 332 303 36 42 drone
914 1 329 305 36 42 drone
915 1 327 306 36 42 drone
916 1 325 307 36 42 drone
917 1 322 308 36 42 drone
918 1 319 310 35 41 drone
919 1 317 311 35 41 drone
920 1 315 312 35 41 drone
921 1 313 314 35 40 drone
922 1 311 316 35 40 drone
923 1 309 317 34 40 drone
924 1 307 319 34 39 drone
925 1 305 320 34 39 drone
926 1 303 322 34 39 drone
927 1 301 323 33 39 drone
928 1 299 325 33 38 drone
929 1 297 327 33 38 drone
930 1 295 329 33 38 drone
931 1 293 330 33 38 drone
932 1 292 332 33 38 drone
933 1 290 333 33 38 drone
934 1 288 335 33 38 drone
935 1 286 337 33 39 drone
936 1 292 338 33 38 drone
937 1 312 339 33 38 drone
938 1 339 340 32 37 drone
939 1 362 339 32 38 drone
940 1 380 339 32 38 drone
941 1 392 338 33 38 drone
942 1 394 338 33 38 drone
943 1 388 337 36 35 drone
944 1 389 333 36 35 drone
945 1 393 327 35 34 drone
946 1 397 320 35 34 drone
947 1 401 312 35 34 drone
948 1 406 304 35 34 drone
949 1 411 298 35 34 drone
950 1 416 292 35 34 drone
951 1 421 286 35 34 drone
952 1 426 279 35 34 drone
953 1 432 273 35 34 drone
954 1 437 266 36 35 drone
955 1 443 261 35 34 drone
956 1 449 255 36 35 drone
957 1 455 250 36 35 drone
958 1 461 245 36 35 drone
959 1 467 239 35 34 drone
960 1 473 233 37 35 drone
961 1 478 227 36 35 drone
962 1 479 222 37 36 drone
963 1 478 217 37 36 drone
964 1 476 212 38 36 drone
965 1 476 207 37 36 drone
966 1 476 201 37 36 drone
967 1 475 195 37 36 drone
968 1 475 190 36 35 drone
969 2 475 184 37 36 drone 5 365 27 32 drone
970 2 476 179 37 36 drone 12 350 37 37 drone
971 2 476 176 37 36 drone 28 341 38 38 drone
972 2 476 175 37 36 drone 44 334 38 38 drone
973 2 476 173 37 36 drone 61 327 38 38 drone
974 2 477 173 36 35 drone 78 320 38 38 drone
975 2 478 173 36 35 drone 96 314 37 37 drone
976 2 479 173 36 35 drone 113 309 38 38 drone
977 2 479 174 36 35 drone 131 304 38 38 drone
978 2 480 175 36 35 drone 149 299 38 38 drone
979 2 481 175 36 35 drone 167 293 38 38 drone
980 2 483 176 36 35 drone 186 288 38 38 drone
981 2 484 176 36 35 drone 204 283 38 38 drone
982 2 485 177 36 35 drone 223 278 38 38 drone
983 2 487 178 36 35 drone 242 273 38 38 drone
984 2 488 179 36 35 drone 261 268 39 39 drone
985 2 489 181 36 35 drone 280 263 37 46 drone
986 2 491 182 36 35 drone 300 258 37 46 drone
987 2 493 183 36 35 drone 320 253 37 46 drone
988 2 495 184 36 35 drone 340 248 38 47 drone
989 2 496 185 35 34 drone 359 243 39 48 drone
990 2 498 186 35 34 drone 380 238 38 48 drone
991 2 499 187 36 35 drone 399 233 39 48 drone
992 2 500 189 35 34 drone 420 229 39 48 drone
993 2 502 190 35 34 drone 441 224 39 48 drone
994 2 504 191 35 34 drone 462 219 38 48 drone
995 2 506 191 35 35 drone 483 214 39 49 drone
996 2 508 193 35 34 drone 483 214 39 49 drone
997 2 510 194 34 33 drone 535 207 39 49 drone
998 2 512 195 36 35 drone 556 202 40 50 drone
999 2 514 197 35 34 drone 578 198 40 50 drone
1000 2 516 197 35 34 drone 599 192 40 51 drone
1001 2 517 198 35 34 drone 620 187 40 51 drone
1002 2 514 200 35 34 drone 636 182 41 52 drone
1003 2 507 201 36 35 drone 650 178 42 52 drone
1004 2 503 203 35 34 drone 665 174 42 53 drone
1005 2 497 205 35 34 drone 685 170 22 57 drone
1006 1 491 206 36 35 drone
1007 1 485 208 35 34 drone
1008 1 480 208 36 35 drone
1009 1 473 210 36 35 drone
1010 1 467 212 35 34 drone
1011 1 461 214 35 34 drone
1012 1 454 215 35 34 drone
1013 1 447 216 36 35 drone
1014 1 441 218 35 34 drone
1015 1 434 219 36 35 drone
1016 1 427 221 36 35 drone
1017 1 421 223 36 35 drone
1018 1 414 224 35 34 drone
1019 1 407 226 37 36 drone
1020 1 400 227 38 37 drone
1021 1 393 228 39 38 drone
1022 1 386 229 39 38 drone
1023 1 378 230 40 39 drone
1024 1 375 234 38 37 drone
1025 1 364 234 42 40 drone
1026 1 357 235 42 41 drone
1027 1 351 237 43 41 drone
1028 1 344 238 43 42 drone
1029 1 337 240 43 42 drone
1030 1 330 241 44 43 drone
1031 1 325 244 43 42 drone
1032 1 320 245 44 43 drone
1033 1 315 247 44 43 drone
1034 1 313 248 45 44 drone
1035 1 315 251 44 43 drone
1036 1 319 254 43 42 drone
1037 1 321 254 46 44 drone
1038 1 324 255 46 45 drone
1039 1 327 257 46 45 drone
1040 1 331 259 46 45 drone
1041 1 334 261 47 45 drone
1042 1 338 263 47 46 drone
1043 1 340 266 47 46 drone
1044 1 343 268 47 46 drone
1045 1 346 271 47 45 drone
1046 1 348 273 48 46 drone
1047 1 351 275 48 46 drone
1048 1 354 277 48 47 drone
1049 1 357 281 47 46 drone
1050 1 360 283 48 46 drone
1051 1 364 287 48 46 drone
1052 1 366 289 48 47 drone
1053 1 369 292 48 47 drone
1054 1 372 295 48 47 drone
1055 1 375 298 49 47 drone
1056 1 380 304 44 43 drone
1057 1 380 304 48 47 drone
1058 1 382 308 49 47 drone
1059 1 385 311 48 47 drone
1060 1 401 315 35 49 drone
1061 1 404 319 35 49 drone
1062 1 407 322 35 49 drone
1063 1 410 326 35 49 drone
1064 1 414 330 35 49 drone
1065 1 417 334 35 48 drone
1066 1 420 339 34 47 drone
1067 1 424 342 34 48 drone
1068 1 427 346 34 48 drone
1069 1 431 351 34 47 drone
1070 1 435 355 34 48 drone
1071 1 438 360 33 47 drone
1072 1 442 364 34 48 drone
1073 1 446 370 32 45 drone
1074 1 450 374 32 45 drone
1075 1 454 379 32 45 drone
1076 1 455 382 34 47 drone
1077 1 453 387 34 47 drone
1078 1 450 393 33 47 drone
1079 1 448 398 33 47 drone
1080 1 446 403 33 47 drone
1081 1 443 409 33 47 drone
1082 1 441 414 33 46 drone
1083 1 438 418 33 46 drone
1084 1 436 424 33 46 drone
1085 1 434 429 33 46 drone
1086 1 431 434 32 45 drone
1087 1 429 440 32 45 drone
1088 1 427 444 32 45 drone
1089 1 425 448 32 44 drone
1090 1 423 451 32 44 drone
1091 1 421 450 31 44 drone
1092 1 418 441 31 43 drone
1093 1 416 428 31 43 drone
1094 1 414 415 31 43 drone
1095 1 412 403 30 42 drone
1096 1 410 391 30 42 drone
1097 1 409 378 29 41 drone
1098 1 407 366 29 41 drone
1099 1 406 353 29 41 drone
1100 1 404 340 29 41 drone
1101 1 403 326 29 41 drone
1102 1 401 312 29 40 drone
1103 1 400 299 29 40 drone
1104 1 399 285 28 39 drone
1105 1 398 271 28 39 drone
1106 1 397 257 28 39 drone
1107 1 396 240 28 39 drone
1108 1 396 224 28 39 drone
1109 1 386 208 37 39 drone
1110 1 386 191 37 39 drone
1111 1 385 174 37 39 drone
1112 1 385 156 36 38 drone
1113 1 385 139 36 38 drone
1114 1 385 120 36 38 drone
1115 1 385 101 36 38 drone
1116 1 385 85 35 37 drone
1117 1 386 74 35 37 drone
1118 1 386 63 36 37 drone
1119 1 387 53 35 37 drone
1120 1 388 43 35 37 drone
1121 1 389 36 35 37 drone
1122 1 390 35 35 37 drone
1123 1 392 35 35 37 drone
1124 1 393 35 35 37 drone
1125 1 395 37 35 37 drone
1126 1 397 40 34 36 drone
1127 1 399 44 34 36 drone
1128 1 401 47 34 36 drone
1129 1 404 52 34 36 drone
1130 1 407 56 34 35 drone
1131 1 410 61 33 35 drone
1132 1 413 67 33 35 drone
1133 1 416 72 33 34 drone
1134 1 420 78 32 34 drone
1135 1 424 83 32 34 drone
1136 1 428 90 31 33 drone
1137 1 433 96 31 33 drone
1138 1 437 102 30 32 drone
1139 1 443 109 29 30 drone
1140 1 448 115 27 28 drone
1141 1 453 121 26 28 drone
1142 1 458 126 27 28 drone
1143 1 464 132 26 27 drone
1144 1 469 138 26 27 drone
1145 1 476 144 25 26 drone
1146 1 482 150 24 25 drone
1147 1 488 155 24 25 drone
1148 1 495 160 25 26 drone
1149 1 501 165 25 26 drone
1150 1 508 170 24 25 drone
1151 1 515 175 24 25 drone
1152 1 522 180 24 26 drone
1153 1 530 184 25 26 drone
1154 1 537 189 25 26 drone
1155 1 545 193 25 26 drone
1156 1 552 197 26 28 drone
1157 1 560 200 27 28 drone
1158 1 568 205 28 29 drone
1159 1 577 209 28 29 drone
1160 1 585 213 28 30 drone
1161 1 593 216 29 30 drone
1162 1 601 220 29 30 drone
1163 1 610 223 29 31 drone
1164 1 618 227 29 31 drone
1165 1 626 230 30 31 drone
1166 1 634 233 31 33 drone
1167 1 641 236 31 33 drone
1168 1 647 239 31 33 drone
1169 1 652 243 31 33 drone
1170 1 655 246 31 32 drone
1171 1 654 250 31 32 drone
1172 1 649 253 31 32 drone
1173 1 640 257 31 33 drone
1174 1 633 260 31 32 drone
1175 1 626 264 31 32 drone
1176 1 621 267 31 32 drone
1177 1 616 269 31 33 drone
1178 1 610 272 31 33 drone
1179 1 604 274 31 33 drone
1180 1 598 277 31 33 drone
1181 1 593 279 31 33 drone
1182 1 586 281 31 33 drone
1183 1 580 283 31 33 drone
1184 1 574 285 31 33 drone
1185 1 568 287 31 32 drone
1186 1 561 289 31 32 drone
1187 1 555 291 31 32 drone
1188 1 548 293 31 32 drone
1189 1 542 295 31 32 drone
1190 1 535 296 31 32 drone
1191 1 529 297 30 32 drone
1192 1 522 298 30 32 drone
1193 1 516 299 30 32 drone
1194 1 509 300 31 32 drone
1195 1 503 301 31 32 drone
1196 1 497 302 30 32 drone
1197 1 491 302 30 32 drone
1198 1 485 303 30 32 drone
1199 1 479 303 30 32 drone
1200 1 473 304 30 31 drone
1201 1 470 304 29 31 drone
1202 1 474 304 29 31 drone
1203 1 480 303 29 31 drone
1204 1 485 302 29 31 drone
1205 1 490 301 29 30 drone
1206 1 494 300 29 30 drone
1207 1 499 299 29 30 drone
1208 1 505 299 28 30 drone
1209 1 510 297 28 30 drone
1210 1 514 294 28 30 drone
1211 1 517 290 28 29 drone
1212 1 514 282 27 29 drone
1213 1 509 271 27 29 drone
1214 1 504 259 27 29 drone
1215 1 500 248 27 28 drone
1216 1 497 236 27 28 drone
1217 1 494 223 27 28 drone
1218 1 492 211 27 28 drone
1219 1 490 200 27 28 drone
1220 1 489 188 27 28 drone
1221 1 487 177 27 28 drone
1222 1 486 168 26 28 drone
1223 1 485 158 26 27 drone
1224 1 484 148 26 27 drone
1225 1 483 139 26 27 drone
1226 1 483 132 26 27 drone
1227 1 483 129 26 27 drone
1228 1 484 126 25 27 drone
1229 1 484 125 25 26 drone
1230 1 484 123 25 26 drone
1231 1 484 125 25 23 drone
1232 1 484 124 25 23 drone
1233 1 484 124 24 22 drone
1234 1 485 123 24 22 drone
1235 1 485 124 24 22 drone
1236 1 486 124 23 21 drone
1237 1 486 124 23 21 drone
1238 1 487 124 23 21 drone
1239 1 487 124 23 21 drone
1240 1 488 124 23 21 drone
1241 1 489 125 22 20 drone
1242 1 489 126 22 20 drone
1243 1 490 127 22 20 drone
1244 1 490 128 22 20 drone
1245 1 490 128 21 20 drone
1246 1 491 130 22 20 drone
1247 1 491 131 21 20 drone
1248 1 492 133 21 19 drone
1249 1 492 135 21 19 drone
1250 1 492 136 21 20 drone
1251 1 492 138 21 19 drone
1252 1 492 140 21 19 drone
1253 1 491 142 20 19 drone
1254 1 491 144 20 19 drone
1255 1 492 147 20 18 drone
1256 1 492 149 20 19 drone
1257 1 492 151 20 18 drone
1258 1 492 153 19 18 drone
1259 1 492 155 19 17 drone
1260 1 492 158 19 17 drone
1261 1 492 160 19 17 drone
1262 1 492 163 19 17 drone
1263 1 491 166 18 17 drone
1264 1 491 168 18 17 drone
1265 1 490 170 18 17 drone
1266 1 489 173 18 17 drone
1267 1 488 176 18 17 drone
1268 1 488 179 18 16 drone
1269 1 487 183 18 16 drone
1270 1 486 186 18 16 drone
1271 1 485 189 18 16 drone
1272 1 484 194 18 16 drone
1273 1 483 199 18 16 drone
1274 1 482 207 17 16 drone
1275 1 480 216 18 17 drone
1276 1 479 225 18 17 drone
1277 1 478 235 18 17 drone
1278 1 477 246 18 17 drone
1279 1 475 256 18 17 drone
1280 1 473 266 18 17 drone
1281 1 471 276 19 17 drone
1282 1 470 287 19 17 drone
1283 1 468 298 19 17 drone
1284 1 466 309 19 17 drone
1285 1 464 319 18 17 drone
1286 1 462 328 19 18 drone
1287 1 461 334 19 18 drone
1288 1 459 340 19 18 drone
1289 1 457 345 19 18 drone
1290 1 455 349 20 18 drone
1291 1 453 353 20 18 drone
1292 1 451 356 20 19 drone
1293 1 450 360 20 19 drone
1294 1 448 363 27 18 drone
1295 1 445 366 27 18 drone
1296 1 443 369 27 18 drone
1297 1 440 371 27 18 drone
1298 1 437 374 27 18 drone
1299 1 434 376 29 19 drone
1300 1 432 378 27 18 drone
1301 1 429 380 27 18 drone
1302 1 426 381 27 18 drone
1303 1 423 383 27 18 drone
1304 1 419 384 28 18 drone
1305 1 416 385 27 18 drone
1306 1 412 386 27 18 drone
1307 1 408 387 27 18 drone
1308 1 404 388 27 18 drone
1309 1 400 389 27 18 drone
1310 1 395 390 27 18 drone
1311 1 390 390 27 18 drone
1312 1 385 391 27 18 drone
1313 1 379 392 26 17 drone
1314 1 374 392 26 17 drone
1315 1 368 392 26 17 drone
1316 1 363 392 26 17 drone
1317 1 356 394 27 18 drone
1318 1 351 392 25 17 drone
1319 1 346 392 24 16 drone
1320 1 339 391 23 16 drone
1321 1 334 391 22 15 drone
1322 1 328 391 21 14 drone
1323 1 323 390 20 13 drone
1324 1 316 389 20 13 drone
1325 1 311 387 18 12 drone
1326 1 305 383 16 11 drone
1327 1 299 378 16 11 drone
1328 1 294 370 15 10 drone
1329 1 288 361 15 10 drone
1330 1 276 348 27 14 drone
1331 1 272 339 26 13 drone
1332 1 263 328 29 15 drone
1333 1 259 323 29 11 drone
1334 1 254 313 29 11 drone
1335 1 249 303 31 12 drone
1336 1 247 294 29 11 drone
1337 1 252 285 30 11 drone
1338 1 258 275 30 11 drone
1339 1 264 266 30 11 drone
1340 1 268 256 31 12 drone
1341 1 273 246 31 12 drone
1342 1 279 237 31 12 drone
1343 1 284 229 32 12 drone
1344 1 289 220 32 12 drone
1345 1 294 211 32 12 drone
1346 1 300 202 32 12 drone
1347 1 305 193 32 12 drone
1348 1 310 184 30 14 drone
1349 1 316 175 30 14 drone
1350 1 320 167 31 15 drone
1351 1 327 159 30 18 drone
1352 1 338 155 30 18 drone
1353 1 351 151 31 18 drone
1354 1 363 147 31 18 drone
1355 1 375 143 31 19 drone
1356 1 387 141 31 19 drone
1357 1 400 138 31 19 drone
1358 1 412 136 31 19 drone
1359 1 426 134 31 19 drone
1360 1 439 131 31 19 drone
1361 1 451 129 31 19 drone
1362 1 460 127 31 19 drone
1363 1 467 125 31 19 drone
1364 1 474 123 31 19 drone
1365 1 481 121 31 19 drone
1366 1 487 120 30 18 drone
1367 1 493 119 30 18 drone
1368 1 499 117 31 19 drone
1369 1 505 116 31 18 drone
1370 1 511 115 31 18 drone
1371 1 515 113 31 19 drone
1372 1 515 113 30 18 drone
1373 1 516 111 26 24 drone
1374 1 513 110 26 24 drone
1375 1 512 109 26 24 drone
1376 1 512 108 26 24 drone
1377 1 511 107 26 24 drone
1378 1 510 106 26 24 drone
1379 1 510 105 26 24 drone
1380 1 509 104 26 24 drone
1381 1 509 104 26 24 drone
1382 1 509 103 27 25 drone
1383 1 509 102 26 24 drone
1384 1 509 102 26 24 drone
1385 1 508 101 27 24 drone
1386 1 508 100 27 25 drone
1387 1 508 100 27 25 drone
1388 1 508 99 27 25 drone
1389 1 507 99 27 25 drone
1390 1 507 99 27 25 drone
1391 1 507 100 27 25 drone
1392 1 506 101 27 25 drone
1393 1 506 104 27 25 drone
1394 1 506 108 27 25 drone
1395 1 505 113 27 25 drone
1396 1 507 119 27 25 drone
1397 1 513 125 28 26 drone
1398 1 521 131 27 25 drone
1399 1 528 136 27 25 drone
1400 1 536 142 27 25 drone
1401 1 540 148 27 25 drone
1402 1 541 154 27 25 drone
1403 1 538 160 27 25 drone
1404 1 536 167 26 24 drone
1405 1 535 173 27 25 drone
1406 1 534 179 27 25 drone
1407 1 533 185 27 25 drone
1408 1 533 192 27 25 drone
1409 1 532 199 27 25 drone
1410 1 532 205 28 25 drone
1411 1 531 212 27 25 drone
1412 1 530 220 26 24 drone
1413 1 527 226 28 26 drone
1414 1 526 233 28 26 drone
1415 1 526 241 27 25 drone
1416 1 526 249 26 24 drone
1417 1 525 257 26 24 drone
1418 1 523 265 26 24 drone
1419 1 520 272 28 26 drone
1420 1 519 281 28 26 drone
1421 1 519 289 25 23 drone
1422 1 518 298 26 24 drone
1423 1 514 307 29 27 drone
1424 1 513 315 29 27 drone
1425 1 511 324 29 27 drone
1426 1 509 333 29 27 drone
1427 1 507 342 29 27 drone
1428 1 506 351 29 26 drone
1429 1 504 361 29 26 drone
1430 1 503 370 29 26 drone
1431 1 497 379 28 26 drone
1432 1 480 384 28 26 drone
1433 1 459 391 25 20 drone
1434 1 433 395 25 20 drone
1435 1 413 399 25 20 drone
1436 1 396 403 25 20 drone
1437 1 378 405 25 20 drone
1438 1 359 408 25 20 drone
1439 1 338 410 24 20 drone
1440 1 316 412 25 20 drone
1441 1 298 414 24 19 drone
1442 1 292 416 24 19 drone
1443 1 293 418 24 19 drone
1444 1 291 418 24 19 drone
1445 1 286 419 24 19 drone
1446 1 279 419 24 19 drone
1447 1 273 420 24 19 drone
1448 2 267 421 24 19 drone 679 234 29 31 drone
1449 2 261 422 24 19 drone 662 226 42 37 drone
1450 2 254 423 24 19 drone 645 223 42 37 drone
1451 2 247 423 23 18 drone 628 220 42 37 drone
1452 2 240 423 25 19 drone 610 216 42 37 drone
1453 2 233 424 25 19 drone 593 213 42 37 drone
1454 2 227 425 24 18 drone 576 210 42 37 drone
1455 2 220 426 24 18 drone 559 208 42 37 drone
1456 2 212 427 24 18 drone 540 205 42 37 drone
1457 2 204 427 23 18 drone 521 202 43 38 drone
1458 2 200 427 23 18 drone 505 198 43 38 drone
1459 2 202 427 23 17 drone 495 194 43 38 drone
1460 2 207 429 21 16 drone 488 191 43 38 drone
1461 2 211 430 21 16 drone 481 188 43 38 drone
1462 2 214 430 21 16 drone 472 185 43 38 drone
1463 2 216 431 21 16 drone 463 181 43 38 drone
1464 2 219 431 20 15 drone 454 178 44 38 drone
1465 2 223 431 20 15 drone 445 174 44 39 drone
1466 2 226 432 20 15 drone 437 170 44 39 drone
1467 2 230 433 20 15 drone 428 167 44 39 drone
1468 2 233 433 20 15 drone 419 164 45 39 drone
1469 2 236 434 25 15 drone 413 162 41 38 drone
1470 2 240 435 25 15 drone 405 158 41 38 drone
1471 2 245 435 25 15 drone 397 155 41 38 drone
1472 2 250 435 25 15 drone 389 151 41 38 drone
1473 2 254 435 25 15 drone 380 147 42 38 drone
1474 2 258 436 26 16 drone 371 144 42 39 drone
1475 2 262 437 25 15 drone 362 140 42 39 drone
1476 2 268 437 26 16 drone 354 137 42 39 drone
1477 2 279 437 26 16 drone 351 133 42 39 drone
1478 2 291 437 27 16 drone 350 129 42 39 drone
1479 2 303 437 27 16 drone 348 125 43 40 drone
1480 2 314 438 26 16 drone 346 121 43 40 drone
1481 2 327 438 27 16 drone 344 117 43 40 drone
1482 2 339 438 28 17 drone 342 114 43 40 drone
1483 2 351 438 28 17 drone 341 110 43 40 drone
1484 2 364 438 29 17 drone 339 105 44 41 drone
1485 2 376 438 29 17 drone 337 102 44 41 drone
1486 2 389 438 29 18 drone 336 97 44 41 drone
1487 2 402 439 29 17 drone 334 94 44 41 drone
1488 2 415 439 29 17 drone 332 90 44 41 drone
1489 2 428 439 29 17 drone 330 86 44 41 drone
1490 2 441 439 29 18 drone 328 82 44 41 drone
1491 2 452 440 29 18 drone 326 78 44 41 drone
1492 2 461 440 29 18 drone 320 74 44 41 drone
1493 2 468 440 29 18 drone 312 70 44 41 drone
1494 2 475 440 29 18 drone 304 66 44 41 drone
1495 2 481 441 30 18 drone 294 63 45 41 drone
1496 2 486 441 30 18 drone 285 59 44 41 drone
1497 2 490 442 29 18 drone 273 56 45 41 drone
1498 2 495 442 30 18 drone 261 52 47 43 drone
1499 2 500 442 30 18 drone 250 48 47 44 drone
1500 2 505 443 29 18 drone 240 44 47 43 drone
1501 2 510 443 30 18 drone 229 40 47 43 drone
1502 2 515 444 30 18 drone 217 37 47 44 drone
1503 2 520 444 29 17 drone 206 33 47 44 drone
1504 2 525 444 29 18 drone 195 29 47 43 drone
1505 2 530 444 31 18 drone 185 25 47 44 drone
1506 2 535 445 31 19 drone 174 21 47 44 drone
1507 2 540 445 32 19 drone 162 17 47 44 drone
1508 2 543 445 32 19 drone 150 14 47 44 drone
1509 2 541 445 32 19 drone 133 9 48 45 drone
1510 2 536 446 32 19 drone 116 7 45 39 drone
1511 2 532 447 32 19 drone 95 3 46 40 drone
1512 2 531 448 32 19 drone 77 -1 47 41 drone
1513 2 530 448 32 19 drone 59 -5 47 41 drone
1514 2 527 449 33 20 drone 47 0 29 27 drone
1515 2 526 450 33 20 drone 25 -1 29 27 drone
1516 1 521 450 32 19 drone
1517 1 504 451 33 20 drone
1518 1 484 451 24 27 drone
1519 1 464 453 24 27 drone
1520 1 449 454 24 27 drone
1521 1 437 455 25 28 drone
1522 1 426 456 25 28 drone
1523 1 413 456 25 28 drone
1524 1 399 457 25 28 drone
1525 1 385 458 25 28 drone
1526 1 376 459 25 28 drone
1527 1 378 460 25 28 drone
1528 1 385 461 25 28 drone
1529 1 389 461 25 28 drone
1530 1 389 460 25 28 drone
1531 1 390 460 24 27 drone
1532 1 390 461 24 27 drone
1533 1 390 462 25 28 drone
1534 1 391 463 24 27 drone
1535 1 389 462 26 29 drone
1536 1 389 461 25 28 drone
1537 1 389 455 25 28 drone
1538 1 389 444 24 27 drone
1539 1 390 429 22 25 drone
1540 1 389 413 24 27 drone
1541 1 387 397 24 27 drone
1542 1 387 380 22 25 drone
1543 1 387 363 21 24 drone
1544 1 386 345 28 24 drone
1545 1 385 328 28 24 drone
1546 1 386 312 28 24 drone
1547 1 391 296 28 24 drone
1548 1 399 280 28 24 drone
1549 1 405 264 28 24 drone
1550 1 411 248 28 24 drone
1551 1 415 235 28 24 drone
1552 1 413 226 28 24 drone
1553 1 410 218 28 24 drone
1554 1 408 211 28 24 drone
1555 1 406 203 28 24 drone
1556 1 404 197 28 24 drone
1557 1 402 190 29 24 drone
1558 1 400 184 29 25 drone
1559 1 399 178 28 24 drone
1560 1 398 172 29 25 drone
1561 1 397 168 29 25 drone
1562 1 395 163 29 25 drone
1563 1 394 158 29 25 drone
1564 1 392 153 29 25 drone
1565 1 390 148 29 25 drone
1566 1 388 145 29 25 drone
1567 1 386 144 29 25 drone
1568 1 384 144 29 25 drone
1569 1 381 144 29 25 drone
1570 1 379 144 29 25 drone
1571 1 377 146 29 25 drone
1572 1 374 147 29 25 drone
1573 1 372 149 29 25 drone
1574 1 370 151 29 25 drone
1575 1 368 153 28 24 drone
1576 1 365 155 28 24 drone
1577 1 362 157 27 23 drone
1578 1 359 158 28 24 drone
1579 1 356 161 26 22 drone
1580 1 353 162 27 23 drone
1581 1 350 164 27 23 drone
1582 1 347 165 27 23 drone
1583 1 344 167 27 23 drone
1584 1 340 169 26 22 drone
1585 1 336 171 25 22 drone
1586 1 334 173 24 21 drone
1587 1 337 175 24 20 drone
1588 1 343 176 23 20 drone
1589 1 349 177 23 19 drone
1590 1 353 178 23 20 drone
1591 1 357 180 23 20 drone
1592 1 362 181 23 19 drone
1593 1 360 182 29 16 drone
1594 1 365 183 29 16 drone
1595 1 369 184 30 16 drone
1596 1 373 185 29 16 drone
1597 1 377 186 30 17 drone
1598 1 382 188 28 15 drone
1599 1 385 189 29 16 drone
1600 1 389 190 29 16 drone
1601 1 393 191 29 16 drone
1602 1 398 192 29 16 drone
1603 1 403 193 29 16 drone
1604 1 407 194 28 16 drone
1605 1 411 194 29 16 drone
1606 1 414 195 29 16 drone
1607 1 418 197 29 16 drone
1608 1 422 197 29 16 drone
1609 1 426 198 29 16 drone
1610 1 430 199 28 16 drone
1611 1 434 200 29 16 drone
1612 1 438 202 29 16 drone
1613 1 443 203 28 16 drone
1614 1 447 204 28 16 drone
1615 1 451 205 28 16 drone
1616 1 453 206 29 26 drone
1617 1 449 207 29 26 drone
1618 1 442 209 29 26 drone
1619 1 434 210 29 26 drone
1620 1 428 211 30 27 drone
1621 1 422 213 30 27 drone
1622 1 416 214 30 27 drone
1623 1 411 215 30 27 drone
1624 1 406 216 29 26 drone
1625 1 401 217 29 26 drone
1626 1 396 218 29 26 drone
1627 1 392 219 29 26 drone
1628 1 389 220 29 26 drone
1629 1 385 221 28 25 drone
1630 1 382 221 29 26 drone
1631 1 379 222 29 26 drone
1632 1 376 223 28 25 drone
1633 1 374 223 28 25 drone
1634 1 372 223 28 25 drone
1635 1 370 224 28 25 drone
1636 1 368 224 28 25 drone
1637 1 366 224 27 24 drone
1638 1 365 224 27 25 drone
1639 1 364 224 27 24 drone
1640 1 364 224 27 24 drone
1641 1 363 224 27 24 drone
1642 1 363 224 27 24 drone
1643 1 363 223 27 24 drone
1644 1 363 223 26 23 drone
1645 1 364 223 26 23 drone
1646 1 365 222 26 23 drone
1647 1 371 221 26 23 drone
1648 1 380 221 26 23 drone
1649 1 387 219 26 23 drone
1650 1 395 218 25 23 drone
1651 1 403 217 25 23 drone
1652 1 410 216 25 22 drone
1653 1 418 215 25 22 drone
1654 1 425 214 25 22 drone
1655 1 431 212 26 23 drone
1656 1 439 211 24 22 drone
1657 1 446 209 24 21 drone
1658 1 450 207 25 22 drone
1659 1 451 207 23 21 drone
1660 1 450 205 23 21 drone
1661 1 449 204 23 21 drone
1662 1 449 203 23 20 drone
1663 1 449 201 23 20 drone
1664 1 449 200 22 20 drone
1665 1 449 198 22 20 drone
1666 1 450 196 22 20 drone
1667 1 450 194 22 20 drone
1668 1 450 192 22 20 drone
1669 1 451 191 21 19 drone
1670 1 450 188 23 20 drone
1671 1 451 187 21 19 drone
1672 1 449 184 23 28 drone
1673 1 449 182 23 28 drone
1674 1 448 179 23 28 drone
1675 1 447 177 23 28 drone
1676 1 447 175 22 27 drone
1677 1 445 173 23 28 drone
1678 1 445 170 23 27 drone
1679 1 444 167 23 28 drone
1680 1 442 164 23 28 drone
1681 1 442 162 22 27 drone
1682 1 442 160 21 26 drone
1683 1 441 158 22 26 drone
1684 1 440 156 21 26 drone
1685 1 436 152 23 28 drone
1686 1 436 151 21 25 drone
1687 1 435 147 21 25 drone
1688 1 433 145 20 25 drone
1689 1 432 142 20 25 drone
1690 1 428 139 21 26 drone
1691 1 426 137 21 26 drone
1692 1 424 134 20 25 drone
1693 1 421 131 21 25 drone
1694 1 417 127 22 26 drone
1695 1 415 125 21 26 drone
1696 1 413 122 20 25 drone
1697 1 409 119 21 26 drone
1698 1 407 117 20 25 drone
1699 1 404 115 20 24 drone
1700 1 401 112 19 23 drone
1701 1 395 107 23 27 drone
1702 1 394 106 20 24 drone
1703 1 389 102 23 27 drone
1704 1 388 101 19 24 drone
1705 1 381 97 23 28 drone
1706 1 377 94 23 28 drone
1707 1 374 92 23 28 drone
1708 1 371 89 23 28 drone
1709 1 374 86 23 28 drone
1710 1 380 83 22 27 drone
1711 1 383 80 23 29 drone
1712 1 387 77 23 28 drone
1713 1 389 74 24 29 drone
1714 1 392 71 24 29 drone
1715 1 395 68 24 29 drone
1716 1 400 66 24 29 drone
1717 1 408 64 24 29 drone
1718 1 417 63 24 29 drone
1719 1 426 66 24 29 drone
1720 1 436 74 23 29 drone
1721 1 445 85 23 28 drone
1722 1 454 95 24 29 drone
1723 1 464 105 24 29 drone
1724 1 473 115 24 29 drone
1725 1 483 125 24 29 drone
1726 1 493 136 24 30 drone
1727 1 502 148 24 30 drone
1728 1 511 158 26 31 drone
1729 1 521 170 26 31 drone
1730 1 525 181 31 33 drone
1731 1 534 193 31 33 drone
1732 1 544 205 31 33 drone
1733 1 553 217 31 33 drone
1734 1 562 234 31 33 drone
1735 1 571 247 31 33 drone
1736 1 580 260 31 33 drone
1737 1 589 274 31 33 drone
1738 1 597 287 32 34 drone
1739 1 608 299 32 34 drone
1740 1 616 316 32 34 drone
1741 1 626 330 32 34 drone
1742 1 634 346 32 34 drone
1743 1 643 362 32 34 drone
1744 1 654 380 32 34 drone
1745 1 662 396 32 34 drone
1746 1 666 417 32 34 drone
1747 1 672 428 32 34 drone
1748 1 677 438 34 36 drone
1749 1 677 451 33 35 drone
1750 1 675 465 32 34 drone
1751 1 673 477 32 34 drone
1752 1 672 485 34 36 drone
1753 1 671 495 34 36 drone
1754 1 670 508 31 33 drone
1755 1 673 514 32 34 drone
1756 1 668 528 32 34 drone
1757 1 667 537 31 33 drone
1758 1 667 547 31 33 drone
1759 1 675 555 22 19 drone
1760 0
1761 0
1762 0
1763 0
1764 0
1765 0
1766 0
1767 0
1768 0
1769 0
1770 0
1771 0
1772 0
1773 0
1774 0
1775 0
1776 0
1777 0
1778 0
1779 0
1780 0
1781 0
1782 0
1783 0
1784 0
1785 0
1786 0
1787 0
1788 0
1789 0
1790 0
1791 0
1792 0
1793 0
1794 0
1795 0
1796 0
1797 0
1798 1 344 559 32 16 drone
1799 1 344 544 32 16 drone
1800 1 338 527 38 33 drone
1801 1 339 509 37 32 drone
1802 1 338 488 37 32 drone
1803 1 338 467 37 32 drone
1804 1 338 445 38 33 drone
1805 1 335 423 38 33 drone
1806 1 335 398 38 33 drone
1807 1 335 374 38 33 drone
1808 1 333 352 39 34 drone
1809 1 332 333 39 34 drone
1810 1 331 314 39 34 drone
1811 1 330 297 41 35 drone
1812 1 328 285 41 36 drone
1813 1 327 274 41 36 drone
1814 1 326 263 42 37 drone
1815 1 324 253 43 37 drone
1816 1 322 243 43 37 drone
1817 1 320 234 44 38 drone
1818 1 318 226 44 38 drone
1819 1 324 220 32 36 drone
1820 1 322 213 32 36 drone
1821 1 319 207 33 37 drone
1822 1 317 201 33 37 drone
1823 1 313 195 34 39 drone
1824 1 311 189 34 38 drone
1825 1 308 184 34 38 drone
1826 1 305 178 34 39 drone
1827 1 301 174 34 39 drone
1828 1 298 169 35 40 drone
1829 1 294 164 35 39 drone
1830 1 291 160 35 39 drone
1831 1 287 155 34 38 drone
1832 1 283 150 35 40 drone
1833 1 280 147 35 40 drone
1834 1 276 143 36 40 drone
1835 1 272 140 36 40 drone
1836 1 268 138 36 40 drone
1837 1 264 135 36 40 drone
1838 1 260 132 36 41 drone
1839 1 257 131 36 41 drone
1840 1 253 137 36 41 drone
1841 1 250 154 36 41 drone
1842 1 248 178 36 40 drone
1843 1 247 205 36 40 drone
1844 1 249 235 36 40 drone
1845 1 250 269 36 40 drone
1846 1 254 298 36 40 drone
1847 1 257 316 36 40 drone
1848 1 261 335 36 40 drone
1849 1 265 359 37 41 drone
1850 1 269 381 37 41 drone
1851 1 272 399 38 42 drone
1852 1 276 417 38 42 drone
1853 1 279 436 37 41 drone
1854 1 282 454 36 41 drone
1855 1 285 471 36 40 drone
1856 1 288 486 37 41 drone
1857 1 290 502 38 42 drone
1858 1 293 516 38 42 drone
1859 1 296 530 38 42 drone
1860 1 299 545 36 40 drone
1861 1 302 559 37 41 drone
1862 0
1863 0
1864 0
1865 0
1866 0
1867 0
1868 0
1869 0
1870 0
1871 0
1872 0
1873 0
1874 0
1875 0
1876 0
1877 0
1878 0
1879 0
1880 0
1881 0
1882 0
1883 0
1884 0
1885 0
1886 0
1887 0
1888 0
1889 0
1890 0
1891 0
1892 0
1893 0
1894 1 271 558 44 19 drone
1895 1 272 555 44 18 drone
1896 1 273 551 44 26 drone
1897 1 274 547 44 25 drone
1898 1 276 541 40 33 drone
1899 1 276 531 40 33 drone
1900 1 276 518 40 33 drone
1901 1 276 504 40 33 drone
1902 1 276 489 40 33 drone
1903 1 277 475 40 33 drone
1904 1 277 460 40 33 drone
1905 1 276 444 41 35 drone
1906 1 276 428 41 35 drone
1907 1 276 412 41 35 drone
1908 1 274 397 41 35 drone
1909 1 268 386 42 35 drone
1910 1 261 376 41 35 drone
1911 1 255 364 42 36 drone
1912 1 249 354 42 36 drone
1913 1 242 344 41 35 drone
1914 1 235 334 42 36 drone
1915 1 228 323 42 36 drone
1916 1 222 313 42 36 drone
1917 1 220 303 42 36 drone
1918 1 217 295 43 34 drone
1919 1 216 285 43 34 drone
1920 1 214 274 43 34 drone
1921 1 214 263 43 34 drone
1922 1 213 253 43 34 drone
1923 1 213 242 44 34 drone
1924 1 213 231 44 34 drone
1925 1 213 220 44 35 drone
1926 1 213 211 44 35 drone
1927 1 213 205 44 35 drone
1928 1 213 199 44 35 drone
1929 1 213 194 44 35 drone
1930 1 212 189 44 35 drone
1931 1 212 186 44 35 drone
1932 1 212 182 44 35 drone
1933 1 212 180 44 35 drone
1934 1 212 179 44 35 drone
1935 1 212 177 44 34 drone
1936 1 213 176 44 35 drone
1937 1 217 175 44 35 drone
1938 1 225 174 44 35 drone
1939 1 233 172 43 34 drone
1940 1 241 171 43 34 drone
1941 1 247 170 43 34 drone
1942 1 253 168 43 34 drone
1943 1 260 168 43 34 drone
1944 1 266 167 44 34 drone
1945 1 272 168 44 34 drone
1946 1 279 168 44 35 drone
1947 1 284 169 44 35 drone
1948 1 290 171 44 35 drone
1949 1 296 174 44 35 drone
1950 1 301 179 44 35 drone
1951 1 307 184 44 35 drone
1952 1 313 190 44 35 drone
1953 1 318 196 44 35 drone
1954 1 324 202 44 35 drone
1955 1 330 209 44 35 drone
1956 1 336 216 44 35 drone
1957 1 342 223 44 35 drone
1958 1 347 229 45 35 drone
1959 1 353 236 45 35 drone
1960 1 358 243 44 35 drone
1961 1 362 250 45 35 drone
1962 1 361 256 44 35 drone
1963 1 358 263 45 35 drone
1964 1 356 271 45 35 drone
1965 1 355 278 44 35 drone
1966 1 354 285 44 35 drone
1967 1 352 291 44 35 drone
1968 1 351 298 44 35 drone
1969 1 349 304 43 34 drone
1970 1 348 311 44 35 drone
1971 1 347 318 43 34 drone
1972 1 345 324 43 34 drone
1973 1 344 331 43 34 drone
1974 1 342 337 43 34 drone
1975 1 340 343 43 34 drone
1976 1 338 350 42 34 drone
1977 1 337 356 43 34 drone
1978 1 335 363 42 33 drone
1979 1 334 370 42 33 drone
1980 1 332 376 42 34 drone
1981 1 330 382 43 34 drone
1982 1 328 389 42 33 drone
1983 1 326 394 43 34 drone
1984 1 325 400 42 34 drone
1985 1 323 405 42 34 drone
1986 1 321 411 43 34 drone
1987 1 319 417 43 34 drone
1988 1 316 423 42 34 drone
1989 1 314 428 43 34 drone
1990 1 312 434 43 34 drone
1991 1 312 439 42 34 drone
1992 1 317 445 42 34 drone
1993 1 322 449 45 36 drone
1994 1 328 456 43 34 drone
1995 1 333 462 43 34 drone
1996 1 337 467 43 34 drone
1997 1 341 472 42 34 drone
1998 1 345 478 43 34 drone
1999 1 349 484 43 34 drone
2000 1 353 489 43 34 drone
2001 1 357 491 42 34 drone
2002 1 362 492 42 33 drone
2003 1 365 491 45 36 drone
2004 1 369 493 43 34 drone
2005 1 372 493 43 34 drone
2006 1 377 493 43 34 drone
2007 1 381 493 42 34 drone
2008 1 385 492 42 34 drone
2009 1 389 492 43 34 drone
2010 1 394 490 42 33 drone
2011 1 398 489 42 33 drone
2012 1 403 488 41 33 drone
2013 1 407 486 42 33 drone
2014 1 412 483 44 35 drone
2015 1 416 481 45 36 drone
2016 1 420 482 42 33 drone
2017 1 425 480 42 33 drone
2018 1 430 478 42 34 drone
2019 1 436 474 46 36 drone
2020 1 442 473 45 36 drone
2021 1 447 474 42 33 drone
2022 1 453 472 42 33 drone
2023 1 459 470 42 33 drone
2024 1 465 468 42 33 drone
2025 1 472 466 42 33 drone
2026 1 478 464 42 33 drone
2027 1 485 462 42 33 drone
2028 1 492 460 42 33 drone
2029 1 500 459 42 33 drone
2030 1 508 456 42 33 drone
2031 1 515 454 42 33 drone
2032 1 523 452 42 33 drone
2033 1 532 450 42 33 drone
2034 1 540 447 42 33 drone
2035 1 550 445 42 33 drone
2036 1 559 443 42 33 drone
2037 1 567 440 42 33 drone
2038 1 577 438 42 33 drone
2039 1 586 436 41 33 drone
2040 1 596 433 41 33 drone
2041 1 606 431 42 33 drone
2042 1 617 429 42 33 drone
2043 1 627 427 41 33 drone
2044 1 636 424 42 33 drone
2045 1 646 422 41 33 drone
2046 1 654 420 41 33 drone
2047 1 655 418 41 32 drone
2048 1 654 417 40 32 drone
2049 1 654 415 41 32 drone
2050 1 655 414 41 32 drone
2051 1 656 412 41 33 drone
2052 1 656 411 41 32 drone
2053 1 656 409 41 32 drone
2054 1 655 408 41 32 drone
2055 1 656 407 40 32 drone
2056 1 656 406 40 32 drone
2057 1 657 405 40 31 drone
2058 1 655 403 40 32 drone
2059 1 648 402 41 32 drone
2060 1 641 401 41 32 drone
2061 1 634 400 41 32 drone
2062 1 627 399 41 32 drone
2063 1 619 399 41 33 drone
2064 1 611 398 41 33 drone
2065 1 603 397 41 33 drone
2066 1 596 396 41 33 drone
2067 1 587 395 41 32 drone
2068 1 579 394 41 33 drone
2069 1 571 394 41 33 drone
2070 1 563 393 41 32 drone
2071 1 554 393 41 33 drone
2072 1 546 392 41 33 drone
2073 1 537 391 41 32 drone
2074 1 529 390 41 32 drone
2075 1 521 389 41 32 drone
2076 1 514 389 41 32 drone
2077 1 508 388 41 32 drone
2078 1 504 387 41 33 drone
2079 1 502 386 41 33 drone
2080 1 500 385 41 32 drone
2081 1 499 384 41 32 drone
2082 1 499 383 41 33 drone
2083 1 498 382 41 33 drone
2084 1 498 381 41 33 drone
2085 1 498 380 41 32 drone
2086 1 497 379 41 32 drone
2087 1 497 378 41 32 drone
2088 1 497 377 41 32 drone
2089 1 496 376 41 33 drone
2090 1 496 375 41 32 drone
2091 1 495 374 41 32 drone
2092 1 495 373 41 32 drone
2093 1 494 373 41 32 drone
2094 1 494 372 41 32 drone
2095 1 493 371 41 32 drone
2096 1 492 370 41 32 drone
2097 1 491 369 41 32 drone
2098 1 490 368 41 32 drone
2099 1 489 368 41 32 drone
2100 1 489 367 41 32 drone
2101 1 488 366 41 32 drone
2102 1 486 366 41 32 drone
2103 1 485 365 40 32 drone
2104 1 484 364 41 32 drone
2105 1 483 363 41 32 drone
2106 1 481 362 40 32 drone
2107 1 480 362 40 32 drone
2108 1 479 361 40 32 drone
2109 1 478 360 40 32 drone
2110 1 477 360 40 32 drone
2111 1 475 359 40 32 drone
2112 1 474 359 40 32 drone
2113 1 472 358 41 32 drone
2114 1 470 357 40 32 drone
2115 1 469 357 40 32 drone
2116 1 468 356 40 32 drone
2117 1 467 356 40 32 drone
2118 1 465 355 40 32 drone
2119 1 463 355 40 32 drone
2120 1 462 354 40 32 drone
2121 1 460 354 40 32 drone
2122 1 459 354 40 32 drone
2123 1 457 354 39 31 drone
2124 1 456 353 39 31 drone
2125 1 454 353 40 31 drone
2126 1 452 353 40 31 drone
2127 1 451 352 39 31 drone
2128 1 449 352 39 31 drone
2129 1 447 351 39 31 drone
2130 1 445 351 40 31 drone
2131 1 443 351 40 31 drone
2132 1 441 350 40 32 drone
2133 1 439 349 40 32 drone
2134 1 438 349 40 31 drone
2135 1 436 348 40 32 drone
2136 1 434 348 40 31 drone
2137 1 432 348 40 31 drone
2138 1 430 347 40 32 drone
2139 1 428 347 40 32 drone
2140 1 426 346 40 32 drone
2141 1 424 346 40 31 drone
2142 1 423 346 39 31 drone
2143 1 420 345 40 31 drone
2144 1 418 345 40 31 drone
2145 1 416 345 40 31 drone
2146 1 414 344 40 31 drone
2147 1 411 344 40 32 drone
2148 1 409 344 40 32 drone
2149 1 407 343 40 31 drone
2150 1 406 343 40 32 drone
2151 1 403 342 40 32 drone
2152 1 401 342 40 32 drone
2153 1 399 342 40 32 drone
2154 1 397 341 40 32 drone
2155 1 395 341 40 32 drone
2156 1 392 340 40 32 drone
2157 1 390 340 40 32 drone
2158 1 388 339 40 32 drone
2159 1 385 339 41 32 drone
2160 1 383 339 40 32 drone
2161 1 380 338 41 32 drone
2162 1 378 338 40 32 drone
2163 1 375 337 40 32 drone
2164 1 373 337 40 32 drone
2165 1 370 336 40 32 drone
2166 1 368 336 40 32 drone
2167 1 366 335 40 32 drone
2168 1 363 335 40 32 drone
2169 1 361 334 40 32 drone
2170 1 358 334 40 32 drone
2171 1 356 333 40 32 drone
2172 1 353 332 40 32 drone
2173 1 350 332 40 32 drone
2174 1 347 331 40 32 drone
2175 1 345 331 40 32 drone
2176 1 343 330 40 31 drone
2177 1 347 329 40 32 drone
2178 1 353 328 40 32 drone
2179 1 358 327 40 32 drone
2180 1 362 326 40 32 drone
2181 1 366 325 40 31 drone
2182 1 369 324 40 31 drone
2183 1 373 324 40 31 drone
2184 1 376 323 40 31 drone
2185 1 380 322 40 31 drone
2186 1 383 321 39 31 drone
2187 1 387 320 39 31 drone
2188 1 390 319 39 31 drone
2189 1 394 318 39 31 drone
2190 1 398 317 39 31 drone
2191 1 401 316 39 31 drone
2192 1 404 315 39 31 drone
2193 1 407 314 39 31 drone
2194 1 411 313 39 31 drone
2195 1 414 312 39 31 drone
2196 1 418 311 39 31 drone
2197 1 421 310 39 31 drone
2198 1 424 309 39 31 drone
2199 1 427 308 39 31 drone
2200 1 431 307 39 31 drone
2201 1 434 306 39 31 drone
2202 1 438 305 39 31 drone
2203 1 442 304 39 31 drone
2204 1 445 303 39 31 drone
2205 1 449 302 39 31 drone
2206 1 452 301 39 31 drone
2207 1 456 300 39 31 drone
2208 1 460 299 39 31 drone
2209 1 464 298 39 31 drone
2210 1 468 297 39 31 drone
2211 1 471 296 39 31 drone
2212 1 476 295 39 31 drone
2213 1 480 294 39 31 drone
2214 1 485 293 38 30 drone
2215 1 489 292 39 30 drone
2216 1 494 291 39 30 drone
2217 1 499 290 39 30 drone
2218 1 505 289 38 30 drone
2219 1 510 288 38 30 drone
2220 1 516 287 38 30 drone
2221 1 521 286 38 30 drone
2222 1 527 286 38 30 drone
2223 1 532 285 38 30 drone
2224 1 539 284 38 30 drone
2225 1 545 282 38 30 drone
2226 1 553 281 38 30 drone
2227 1 560 280 38 30 drone
2228 1 567 279 38 30 drone
2229 1 575 278 38 30 drone
2230 1 582 277 38 30 drone
2231 1 589 276 38 30 drone
2232 1 591 275 38 30 drone
2233 1 590 274 38 30 drone
2234 1 589 274 37 30 drone
2235 1 589 273 37 29 drone
2236 1 590 272 37 30 drone
2237 1 589 272 37 30 drone
2238 1 589 271 37 30 drone
2239 1 589 270 38 30 drone
2240 1 590 269 38 30 drone
2241 1 590 268 38 30 drone
2242 1 590 268 38 30 drone
2243 1 591 267 38 30 drone
2244 1 591 266 39 31 drone
2245 1 591 264 39 31 drone
2246 1 592 263 40 31 drone
2247 1 592 262 40 32 drone
2248 1 593 262 40 32 drone
2249 1 593 261 41 32 drone
2250 1 593 260 41 32 drone
2251 1 592 259 41 33 drone
2252 1 585 258 42 33 drone
2253 1 577 258 42 33 drone
2254 1 570 258 42 33 drone
2255 1 563 257 42 33 drone
2256 1 556 257 43 34 drone
2257 1 552 257 43 34 drone
2258 1 550 256 43 34 drone
2259 1 549 255 43 34 drone
2260 1 548 249 37 47 drone
2261 1 547 248 37 47 drone
2262 1 547 248 37 47 drone
2263 1 546 247 38 48 drone
2264 1 545 247 38 48 drone
2265 1 545 246 38 48 drone
2266 1 545 245 38 49 drone
2267 1 545 244 39 49 drone
2268 1 546 244 39 49 drone
2269 1 546 244 39 50 drone
2270 1 546 243 39 50 drone
2271 1 547 243 39 50 drone
2272 1 547 242 39 50 drone
2273 1 548 242 39 50 drone
2274 1 547 241 41 52 drone
2275 1 547 242 41 52 drone
2276 1 546 242 41 52 drone
2277 1 546 241 41 53 drone
2278 1 546 241 41 53 drone
2279 1 546 240 42 53 drone
2280 1 546 240 42 53 drone
2281 1 545 241 42 53 drone
2282 1 544 241 42 54 drone
2283 1 544 242 41 52 drone
2284 1 542 242 42 54 drone
2285 1 541 242 42 54 drone
2286 1 541 242 42 54 drone
2287 1 541 243 42 53 drone
2288 1 540 244 41 52 drone
2289 1 538 245 42 53 drone
2290 1 536 246 42 54 drone
2291 1 536 247 40 51 drone
2292 1 534 247 42 54 drone
2293 1 533 248 42 53 drone
2294 1 531 249 43 54 drone
2295 1 530 251 42 54 drone
2296 1 529 251 42 54 drone
2297 1 528 253 39 50 drone
2298 1 525 253 43 55 drone
2299 1 524 255 42 53 drone
2300 1 524 257 40 50 drone
2301 1 522 258 43 55 drone
2302 1 522 261 39 50 drone
2303 1 519 262 41 53 drone
2304 1 518 263 41 53 drone
2305 1 517 265 41 52 drone
2306 1 517 267 38 49 drone
2307 1 516 269 38 48 drone
2308 1 515 271 38 48 drone
2309 1 513 274 38 48 drone
2310 1 511 275 37 48 drone
2311 1 508 276 42 53 drone
2312 1 506 278 42 53 drone
2313 1 506 281 38 48 drone
2314 1 505 283 38 48 drone
2315 1 504 286 38 48 drone
2316 1 502 288 38 48 drone
2317 1 500 290 38 48 drone
2318 1 499 292 38 48 drone
2319 1 498 294 38 48 drone
2320 1 497 297 38 48 drone
2321 1 495 299 38 48 drone
2322 1 494 302 38 48 drone
2323 1 492 305 38 48 drone
2324 1 490 307 38 48 drone
2325 1 488 302 47 56 drone
2326 1 487 304 47 56 drone
2327 1 486 307 47 56 drone
2328 1 484 310 47 56 drone
2329 1 483 313 47 56 drone
2330 1 481 316 47 56 drone
2331 1 480 319 47 56 drone
2332 1 479 322 47 56 drone
2333 1 478 325 46 55 drone
2334 1 477 328 46 55 drone
2335 1 476 332 46 55 drone
2336 1 473 335 46 55 drone
2337 1 466 338 46 54 drone
2338 1 460 341 45 54 drone
2339 1 453 344 45 54 drone
2340 1 446 347 45 54 drone
2341 1 441 350 45 54 drone
2342 1 439 354 45 53 drone
2343 1 437 357 45 54 drone
2344 1 436 359 45 53 drone
2345 1 435 361 45 53 drone
2346 1 434 362 45 53 drone
2347 1 434 359 45 53 drone
2348 1 433 349 44 53 drone
2349 1 432 334 44 53 drone
2350 1 431 320 44 52 drone
2351 1 431 307 44 52 drone
2352 1 430 294 43 52 drone
2353 1 429 281 43 52 drone
2354 1 428 271 43 51 drone
2355 1 428 260 43 51 drone
2356 1 428 248 42 50 drone
2357 1 427 236 42 50 drone
2358 1 427 224 42 50 drone
2359 1 427 213 41 49 drone
2360 1 427 201 41 49 drone
2361 1 432 191 47 46 drone
2362 1 432 179 47 46 drone
2363 2 432 167 46 45 drone 348 553 33 21 drone
2364 2 431 154 46 45 drone 352 532 40 36 drone
2365 2 431 142 46 45 drone 361 511 40 36 drone
2366 2 430 128 45 44 drone 370 489 40 36 drone
2367 2 430 115 45 44 drone 379 467 40 36 drone
2368 2 429 102 44 43 drone 387 445 42 38 drone
2369 2 429 87 44 43 drone 397 422 41 37 drone
2370 2 429 73 43 42 drone 405 399 41 36 drone
2371 2 429 62 40 39 drone 414 379 42 37 drone
2372 2 429 53 44 34 drone 422 362 42 38 drone
2373 2 429 44 43 33 drone 430 344 43 39 drone
2374 2 429 36 43 33 drone 439 327 42 38 drone
2375 2 429 28 40 31 drone 446 309 43 39 drone
2376 2 429 18 42 32 drone 455 293 41 37 drone
2377 2 429 10 40 31 drone 462 275 45 40 drone
2378 2 429 2 41 32 drone 470 258 45 41 drone
2379 2 428 -7 41 32 drone 477 241 45 41 drone
2380 2 428 -17 40 31 drone 485 223 45 41 drone
2381 1 492 206 45 41 drone
2382 1 499 189 46 41 drone
2383 1 507 172 45 41 drone
2384 1 514 155 47 42 drone
2385 1 521 137 46 42 drone
2386 1 528 121 46 42 drone
2387 1 535 103 47 42 drone
2388 1 540 86 49 44 drone
2389 1 546 68 50 45 drone
2390 1 553 50 50 45 drone
2391 1 559 33 50 45 drone
2392 1 566 15 50 45 drone
2393 1 572 -4 50 45 drone
2394 1 579 -21 49 45 drone
2395 0
2396 0
2397 0
2398 0
2399 0
2400 0
2401 0
2402 0
2403 0
2404 0
2405 0
2406 0
2407 0
2408 0
2409 0
2410 0
2411 0
2412 0
2413 0
2414 0
2415 0
2416 0
2417 0
2418 0
2419 0
2420 0
2421 0
2422 0
2423 0
2424 0
2425 0
2426 0
2427 0
2428 0
2429 0
2430 0
2431 0
2432 0
2433 0
2434 0
2435 0
2436 0
2437 0
2438 0
2439 0
2440 0
2441 0
2442 1 317 0 34 42 drone
2443 1 317 25 36 44 drone
2444 1 317 43 37 52 drone
2445 1 316 69 37 52 drone
2446 1 318 95 37 52 drone
2447 1 320 122 39 55 drone
2448 1 320 147 39 55 drone
2449 1 322 174 39 55 drone
2450 1 323 202 47 53 drone
2451 1 323 230 47 53 drone
2452 1 325 256 47 53 drone
2453 1 327 282 47 53 drone
2454 1 328 307 47 53 drone
2455 1 331 330 47 53 drone
2456 1 333 353 47 53 drone
2457 1 336 369 47 53 drone
2458 1 337 384 47 53 drone
2459 1 338 401 47 53 drone
2460 1 340 416 47 53 drone
2461 1 342 429 47 53 drone
2462 1 337 437 47 53 drone
2463 1 340 444 41 53 drone
2464 1 335 453 41 53 drone
2465 1 330 459 41 53 drone
2466 1 325 466 41 53 drone
2467 1 322 471 41 53 drone
2468 1 318 476 41 53 drone
2469 1 320 485 38 45 drone
2470 1 313 492 38 45 drone
2471 2 307 496 38 45 drone 694 35 16 31 drone
2472 2 303 503 38 45 drone 693 31 16 31 drone
2473 2 299 509 36 43 drone 689 26 22 31 drone
2474 2 295 515 36 43 drone 685 19 26 33 drone
2475 2 291 519 36 43 drone 680 17 31 32 drone
2476 2 287 526 36 43 drone 675 7 33 34 drone
2477 2 284 531 36 43 drone 670 0 35 36 drone
2478 2 279 532 36 43 drone 664 0 35 36 drone
2479 2 274 533 36 43 drone 656 0 35 27 drone
2480 2 270 543 43 32 drone 649 -1 37 28 drone
2481 1 268 547 37 28 drone
2482 1 266 553 20 22 drone
2483 0
2484 0
2485 0
2486 0
2487 0
2488 0
2489 0
2490 0
2491 0
2492 0
2493 0
2494 0
2495 0
2496 1 289 550 35 28 drone
2497 1 297 545 37 29 drone
2498 1 305 530 34 33 drone
2499 1 311 523 34 33 drone
2500 1 317 511 34 33 drone
2501 1 323 496 34 33 drone
2502 1 330 485 34 33 drone
2503 1 336 470 34 33 drone
2504 1 343 457 34 33 drone
2505 1 348 441 34 33 drone
2506 1 349 419 40 39 drone
2507 1 356 405 40 39 drone
2508 1 365 390 42 41 drone
2509 1 369 369 44 43 drone
2510 1 377 349 44 43 drone
2511 1 383 327 46 45 drone
2512 1 391 310 44 43 drone
2513 1 400 291 44 34 drone
2514 1 408 274 46 36 drone
2515 1 418 255 46 36 drone
2516 1 424 230 49 37 drone
2517 1 431 207 51 39 drone
2518 1 439 184 44 35 drone
2519 1 449 163 46 37 drone
2520 1 456 142 49 39 drone
2521 1 466 120 44 33 drone
2522 1 469 108 44 33 drone
2523 1 474 98 44 33 drone
2524 1 478 83 44 33 drone
2525 1 482 77 44 33 drone
2526 1 487 65 44 33 drone
2527 1 488 60 40 34 drone
2528 1 493 58 40 34 drone
2529 1 493 55 40 34 drone
2530 1 497 55 40 34 drone
2531 1 501 56 40 34 drone
2532 1 503 56 40 34 drone
2533 1 504 56 42 36 drone
2534 1 507 56 42 36 drone
2535 1 510 58 40 34 drone
2536 1 514 59 40 34 drone
2537 1 516 61 40 34 drone
2538 1 519 63 40 34 drone
2539 1 524 67 40 34 drone
2540 1 524 66 39 33 drone
2541 1 528 70 39 33 drone
2542 1 531 73 39 33 drone
2543 1 535 75 41 35 drone
2544 1 538 79 41 35 drone
2545 1 542 83 39 33 drone
2546 1 545 86 39 33 drone
2547 1 551 89 37 31 drone
2548 1 553 93 37 31 drone
2549 1 556 97 37 31 drone
2550 1 562 101 37 31 drone
2551 1 564 104 37 31 drone
2552 1 566 106 37 31 drone
2553 1 572 112 37 31 drone
2554 1 575 115 37 31 drone
2555 1 580 119 37 31 drone
2556 1 584 123 37 31 drone
2557 1 586 126 37 31 drone
2558 1 589 130 37 31 drone
2559 1 594 134 37 31 drone
2560 1 598 139 37 31 drone
2561 1 602 144 37 31 drone
2562 1 606 148 37 31 drone
2563 1 612 154 37 31 drone
2564 1 615 157 37 31 drone
2565 1 617 160 39 33 drone
2566 1 621 166 39 33 drone
2567 1 625 170 39 33 drone
2568 1 628 173 39 33 drone
2569 1 633 179 37 31 drone
2570 1 636 185 37 31 drone
2571 1 639 190 37 31 drone
2572 1 643 194 37 31 drone
2573 1 647 199 37 31 drone
2574 1 645 204 37 31 drone
2575 1 646 209 37 31 drone
2576 1 643 214 37 31 drone
2577 1 640 219 37 31 drone
2578 1 636 225 37 31 drone
2579 1 633 230 37 31 drone
2580 1 630 234 37 31 drone
2581 1 628 239 37 31 drone
2582 1 625 245 37 31 drone
2583 1 622 249 37 31 drone
2584 1 619 256 37 31 drone
2585 1 620 261 35 30 drone
2586 1 615 267 37 31 drone
2587 1 612 273 37 31 drone
2588 1 610 282 37 31 drone
2589 1 611 293 37 31 drone
2590 1 609 306 37 31 drone
2591 1 609 321 37 31 drone
2592 1 605 333 39 33 drone
2593 1 605 347 39 33 drone
2594 1 604 363 37 31 drone
2595 1 603 379 37 31 drone
2596 1 601 389 37 31 drone
2597 1 599 399 37 31 drone
2598 1 600 409 37 31 drone
2599 1 598 416 37 31 drone
2600 1 599 425 37 31 drone
2601 1 600 431 37 31 drone
2602 1 605 438 37 31 drone
2603 1 610 443 37 31 drone
2604 1 617 447 37 31 drone
2605 1 622 453 37 31 drone
2606 1 628 460 37 31 drone
2607 1 635 464 35 30 drone
2608 1 642 469 35 30 drone
2609 1 647 473 35 30 drone
2610 1 654 478 35 30 drone
2611 1 660 482 34 29 drone
2612 1 661 485 34 29 drone
2613 1 663 490 34 29 drone
2614 1 665 495 34 29 drone
2615 1 666 499 34 29 drone
2616 1 668 503 34 29 drone
2617 1 669 509 32 27 drone
2618 1 670 513 31 26 drone
2619 1 670 517 31 26 drone
2620 1 671 519 31 26 drone
2621 1 671 522 31 26 drone
2622 1 663 524 40 27 drone
2623 1 665 527 40 27 drone
2624 1 668 532 40 27 drone
2625 1 669 536 38 26 drone
2626 1 670 537 38 26 drone
2627 1 664 539 40 27 drone
2628 1 657 538 40 27 drone
2629 1 651 533 40 27 drone
2630 1 637 520 40 27 drone
2631 1 636 513 40 27 drone
2632 1 630 503 40 27 drone
2633 1 626 484 40 27 drone
2634 1 622 469 38 26 drone
2635 1 609 454 38 26 drone
2636 1 603 440 38 26 drone
2637 1 602 425 40 27 drone
2638 1 593 410 40 27 drone
2639 1 590 396 40 27 drone
2640 1 584 382 40 27 drone
2641 1 578 368 42 29 drone
2642 1 569 354 42 29 drone
2643 1 564 339 44 30 drone
2644 1 556 326 44 30 drone
2645 1 553 311 44 30 drone
2646 1 555 300 31 26 drone
2647 1 559 288 31 26 drone
2648 1 563 276 31 26 drone
2649 1 567 265 31 26 drone
2650 1 567 253 31 26 drone
2651 1 571 242 31 26 drone
2652 1 574 230 31 26 drone
2653 1 578 221 31 26 drone
2654 1 576 207 33 27 drone
2655 1 578 194 33 27 drone
2656 1 582 186 33 27 drone
2657 1 585 174 33 27 drone
2658 1 590 163 33 27 drone
2659 1 592 151 33 27 drone
2660 1 595 140 33 27 drone
2661 1 599 132 33 27 drone
2662 1 601 126 33 27 drone
2663 1 603 120 34 29 drone
2664 1 605 111 34 29 drone
2665 1 610 105 34 29 drone
2666 1 614 103 34 29 drone
2667 1 623 99 34 29 drone
2668 1 633 97 34 29 drone
2669 1 643 95 34 29 drone
2670 1 652 92 34 29 drone
2671 1 663 92 34 29 drone
2672 1 669 88 34 29 drone
2673 1 675 87 34 29 drone
2674 1 679 85 34 29 drone
2675 1 681 81 34 29 drone
2676 1 683 79 33 27 drone
2677 1 686 76 31 26 drone
2678 0
2679 0
2680 0
2681 0
2682 0
2683 0
2684 0
2685 0
2686 0
2687 0
2688 0
2689 0
2690 0
2691 0
2692 1 678 54 24 14 drone
2693 1 676 54 25 15 drone
2694 1 671 55 25 15 drone
2695 1 666 54 25 15 drone
2696 1 660 53 25 15 drone
2697 1 657 51 24 16 drone
2698 1 653 50 23 15 drone
2699 1 650 50 24 16 drone
2700 1 644 51 24 16 drone
2701 1 640 51 24 16 drone
2702 1 636 49 24 16 drone
2703 1 631 49 25 17 drone
2704 1 623 50 25 17 drone
2705 1 621 48 25 17 drone
2706 1 616 49 25 17 drone
2707 1 610 48 25 17 drone
2708 1 605 50 25 17 drone
2709 1 599 51 25 17 drone
2710 1 593 51 25 17 drone
2711 1 587 52 25 17 drone
2712 1 584 54 25 17 drone
2713 1 575 58 25 17 drone
2714 1 569 60 25 17 drone
2715 1 563 66 25 17 drone
2716 1 557 73 25 17 drone
2717 1 548 81 26 18 drone
2718 1 540 87 28 19 drone
2719 1 532 93 29 19 drone
2720 1 525 99 31 20 drone
2721 1 516 107 31 20 drone
2722 1 508 112 31 20 drone
2723 1 498 119 31 20 drone
2724 1 492 126 31 20 drone
2725 1 483 132 31 20 drone
2726 1 476 142 31 20 drone
2727 1 466 153 31 20 drone
2728 1 457 165 31 20 drone
2729 1 451 176 23 21 drone
2730 1 443 190 24 22 drone
2731 1 434 202 25 23 drone
2732 1 424 214 25 23 drone
2733 1 415 229 25 23 drone
2734 1 407 241 25 23 drone
2735 1 398 256 25 23 drone
2736 1 390 269 25 23 drone
2737 1 381 276 25 23 drone
2738 1 373 287 25 23 drone
2739 1 365 296 25 23 drone
2740 1 357 306 25 23 drone
2741 1 352 313 25 23 drone
2742 1 354 318 24 22 drone
2743 1 357 322 24 22 drone
2744 1 360 325 24 22 drone
2745 1 363 328 23 21 drone
2746 1 369 331 22 20 drone
2747 1 379 334 23 21 drone
2748 1 388 338 23 21 drone
2749 1 399 339 23 21 drone
2750 1 408 342 23 21 drone
2751 1 420 343 23 21 drone
2752 1 430 347 23 21 drone
2753 1 442 349 23 21 drone
2754 1 452 352 23 21 drone
2755 1 464 354 23 21 drone
2756 1 476 356 23 21 drone
2757 1 486 357 23 21 drone
2758 1 498 359 23 21 drone
2759 1 509 362 23 21 drone
2760 1 521 364 23 21 drone
2761 1 532 365 23 21 drone
2762 1 544 367 23 21 drone
2763 1 555 370 23 21 drone
2764 1 567 372 23 21 drone
2765 1 579 373 23 21 drone
2766 1 590 377 23 21 drone
2767 1 597 379 23 21 drone
2768 1 603 382 22 20 drone
2769 1 609 382 22 20 drone
2770 1 611 385 22 20 drone
2771 1 612 387 22 20 drone
2772 1 607 389 23 21 drone
2773 1 599 393 23 21 drone
2774 1 592 395 23 21 drone
2775 1 588 398 22 20 drone
2776 1 577 400 22 20 drone
2777 1 555 403 22 20 drone
2778 1 523 406 23 21 drone
2779 1 501 409 24 22 drone
2780 1 483 410 25 23 drone
2781 1 469 413 25 23 drone
2782 1 455 417 25 23 drone
2783 1 437 417 25 23 drone
2784 1 413 420 24 22 drone
2785 1 379 424 29 17 drone
2786 1 359 427 29 17 drone
2787 1 348 429 29 17 drone
2788 1 336 432 28 16 drone
2789 1 326 432 28 16 drone
2790 1 311 432 26 15 drone
2791 1 304 431 26 15 drone
2792 1 312 432 26 15 drone
2793 1 325 435 26 15 drone
2794 1 330 435 25 15 drone
2795 1 334 433 25 15 drone
2796 1 342 432 25 15 drone
2797 1 347 430 25 15 drone
2798 1 354 429 25 15 drone
2799 1 359 429 25 15 drone
2800 1 361 428 25 15 drone
2801 1 369 427 25 15 drone
2802 1 379 426 25 15 drone
2803 1 388 423 25 15 drone
2804 1 399 422 25 15 drone
2805 1 410 419 25 15 drone
2806 1 418 418 25 15 drone
2807 1 427 417 25 15 drone
2808 1 439 414 25 15 drone
2809 1 451 411 25 15 drone
2810 1 459 410 25 15 drone
2811 1 467 406 25 15 drone
2812 1 478 404 25 15 drone
2813 1 480 401 25 15 drone
2814 1 481 396 25 15 drone
2815 1 485 384 26 15 drone
2816 1 490 370 26 15 drone
2817 1 491 361 26 15 drone
2818 1 496 351 26 15 drone
2819 1 498 344 25 15 drone
2820 1 500 335 25 15 drone
2821 1 500 329 25 15 drone
2822 1 498 321 26 15 drone
2823 1 491 312 28 16 drone
2824 1 485 305 29 17 drone
2825 1 481 300 29 17 drone
2826 1 477 296 29 17 drone
2827 1 473 290 29 17 drone
2828 1 469 283 29 17 drone
2829 1 466 278 29 17 drone
2830 1 461 274 29 17 drone
2831 1 457 268 29 17 drone
2832 1 452 264 29 17 drone
2833 1 449 260 28 16 drone
2834 1 445 255 28 16 drone
2835 1 441 250 29 17 drone
2836 1 437 248 29 17 drone
2837 1 433 243 29 17 drone
2838 1 430 240 29 17 drone
2839 1 424 237 30 18 drone
2840 1 420 234 30 18 drone
2841 1 415 233 30 18 drone
2842 1 412 234 30 18 drone
2843 1 408 237 30 18 drone
2844 1 404 237 30 18 drone
2845 1 401 240 30 18 drone
2846 1 397 246 30 18 drone
2847 1 399 248 30 18 drone
2848 1 402 249 25 17 drone
2849 1 410 255 25 17 drone
2850 1 412 258 26 18 drone
2851 1 414 262 26 18 drone
2852 1 418 265 26 18 drone
2853 1 423 271 26 18 drone
2854 1 425 274 26 18 drone
2855 1 426 278 26 18 drone
2856 1 431 282 26 18 drone
2857 1 433 287 25 17 drone
2858 1 435 292 25 17 drone
2859 1 439 297 25 17 drone
2860 1 442 302 25 17 drone
2861 1 444 306 24 16 drone
2862 1 447 311 23 15 drone
2863 1 450 315 23 15 drone
2864 1 453 317 23 15 drone
2865 1 455 322 23 15 drone
2866 1 458 325 23 15 drone
2867 1 461 328 22 15 drone
2868 1 463 333 22 15 drone
2869 1 466 335 22 15 drone
2870 1 468 339 21 14 drone
2871 1 472 342 21 14 drone
2872 1 473 344 22 15 drone
2873 1 476 345 22 15 drone
2874 1 477 348 22 15 drone
2875 1 479 350 22 15 drone
2876 1 483 351 22 15 drone
2877 1 486 351 22 15 drone
2878 1 489 352 22 15 drone
2879 1 489 354 22 15 drone
2880 1 492 353 22 15 drone
2881 1 494 351 22 15 drone
2882 1 495 349 22 15 drone
2883 1 496 343 23 15 drone
2884 1 499 337 24 16 drone
2885 1 500 330 24 16 drone
2886 1 503 325 23 15 drone
2887 1 504 316 23 15 drone
2888 1 505 310 23 15 drone
2889 1 505 305 23 15 drone
2890 1 507 297 23 15 drone
2891 1 508 292 23 15 drone
2892 1 508 287 23 15 drone
2893 1 509 282 23 15 drone
2894 1 510 276 23 15 drone
2895 1 511 270 23 15 drone
2896 1 511 264 23 15 drone
2897 1 512 260 23 15 drone
2898 1 511 255 23 15 drone
2899 1 512 248 24 16 drone
2900 1 514 245 23 15 drone
2901 1 513 238 23 15 drone
2902 1 512 235 23 15 drone
2903 1 513 229 23 15 drone
2904 1 513 224 23 15 drone
2905 1 513 219 23 15 drone
2906 1 511 215 23 15 drone
2907 1 507 214 23 15 drone
2908 1 497 213 23 15 drone
2909 1 484 212 23 15 drone
2910 1 473 212 23 15 drone
2911 1 463 213 23 15 drone
2912 1 453 213 23 15 drone
2913 1 444 212 23 15 drone
2914 1 433 212 23 15 drone
2915 1 422 214 22 15 drone
2916 1 413 214 22 15 drone
2917 1 404 216 22 15 drone
2918 1 393 216 22 15 drone
2919 1 384 217 22 15 drone
2920 1 376 217 23 15 drone
2921 1 372 218 23 15 drone
2922 1 366 219 23 15 drone
2923 1 367 219 24 16 drone
2924 1 370 223 24 16 drone
2925 1 372 220 23 15 drone
2926 1 371 221 23 15 drone
2927 1 373 223 23 15 drone
2928 1 376 225 23 15 drone
2929 1 377 226 23 15 drone
2930 1 380 226 22 15 drone
2931 1 379 228 21 14 drone
2932 1 381 229 20 13 drone
2933 1 383 232 20 13 drone
2934 1 382 233 20 13 drone
2935 1 384 234 20 13 drone
2936 1 388 237 20 13 drone
2937 1 396 237 21 14 drone
2938 1 404 239 21 14 drone
2939 1 413 239 21 14 drone
2940 1 422 241 21 14 drone
2941 1 432 245 21 14 drone
2942 1 439 246 21 14 drone
2943 1 447 247 21 14 drone
2944 1 457 250 21 14 drone
2945 1 465 252 21 14 drone
2946 1 475 254 21 14 drone
2947 1 484 255 21 14 drone
2948 1 493 258 21 14 drone
2949 1 506 260 21 14 drone
2950 1 514 263 21 14 drone
2951 1 525 265 21 14 drone
2952 1 529 268 21 14 drone
2953 1 533 270 21 14 drone
2954 1 536 273 21 14 drone
2955 1 538 277 21 14 drone
2956 1 541 281 21 14 drone
2957 1 542 284 21 14 drone
2958 1 545 287 21 14 drone
2959 1 547 289 21 14 drone
2960 1 547 292 21 14 drone
2961 1 548 297 21 14 drone
2962 1 549 301 21 14 drone
2963 1 551 304 21 14 drone
2964 1 553 307 21 14 drone
2965 1 556 311 20 13 drone
2966 1 560 313 19 13 drone
2967 1 560 318 18 12 drone
2968 1 563 322 17 12 drone
2969 1 559 325 25 13 drone
2970 1 563 330 26 14 drone
2971 1 565 334 25 13 drone
2972 1 568 336 25 13 drone
2973 1 570 340 25 13 drone
2974 1 571 344 24 12 drone
2975 1 575 347 23 12 drone
2976 1 577 350 24 12 drone
2977 1 580 354 24 12 drone
2978 1 582 357 24 12 drone
2979 1 584 362 24 12 drone
2980 1 585 364 24 12 drone
2981 1 589 368 24 12 drone
2982 1 590 371 23 12 drone
2983 1 595 374 23 12 drone
2984 1 599 378 22 11 drone
2985 1 601 381 22 11 drone
2986 1 603 383 22 11 drone
2987 1 606 386 22 11 drone
2988 1 607 388 22 11 drone
2989 1 609 390 22 11 drone
2990 1 614 394 22 11 drone
2991 1 615 394 23 12 drone
2992 1 617 397 24 12 drone
2993 1 618 399 24 12 drone
2994 1 625 401 24 12 drone
2995 1 626 402 24 12 drone
2996 1 630 405 24 12 drone
2997 1 633 406 24 12 drone
2998 1 637 406 24 12 drone
2999 1 639 407 24 12 drone
3000 1 643 410 23 12 drone
3001 1 644 410 23 12 drone
3002 1 648 410 23 12 drone
3003 1 653 410 23 12 drone
3004 1 656 411 23 12 drone
3005 1 659 410 24 12 drone
3006 1 661 410 24 12 drone
3007 1 656 412 24 12 drone
3008 1 653 410 23 12 drone
3009 1 648 409 23 12 drone
3010 1 642 409 23 12 drone
3011 1 638 408 23 12 drone
3012 1 634 408 22 11 drone
3013 1 630 408 22 11 drone
3014 1 625 405 23 12 drone
3015 1 620 403 23 12 drone
3016 1 617 400 23 12 drone
3017 1 611 398 23 12 drone
3018 1 609 391 24 12 drone
3019 1 602 385 24 12 drone
3020 1 600 375 23 12 drone
3021 1 592 367 23 12 drone
3022 1 591 355 23 12 drone
3023 1 586 344 24 12 drone
3024 1 580 335 24 12 drone
3025 1 577 327 23 12 drone
3026 1 570 318 23 12 drone
3027 1 569 310 22 11 drone
3028 1 560 302 23 12 drone
3029 1 557 295 22 11 drone
3030 1 551 286 21 11 drone
3031 1 547 280 20 10 drone
3032 1 542 272 20 10 drone
3033 1 535 265 21 11 drone
3034 1 530 256 21 11 drone
3035 1 529 248 20 10 drone
3036 1 520 240 21 11 drone
3037 1 515 233 21 11 drone
3038 1 509 227 21 11 drone
3039 1 501 220 21 11 drone
3040 1 498 213 21 11 drone
3041 1 491 206 21 11 drone
3042 1 481 199 21 11 drone
3043 1 477 192 21 11 drone
3044 1 471 185 21 11 drone
3045 1 467 180 20 10 drone
3046 1 462 174 20 10 drone
3047 1 456 172 20 10 drone
3048 1 447 170 20 10 drone
3049 1 441 169 20 10 drone
3050 1 436 165 20 10 drone
3051 1 428 164 20 10 drone
3052 1 422 165 20 10 drone
3053 1 414 163 20 10 drone
3054 1 406 163 21 11 drone
3055 1 400 162 21 11 drone
3056 1 394 163 20 10 drone
3057 1 387 164 20 10 drone
3058 1 379 163 20 10 drone
3059 1 370 159 22 16 drone
3060 1 362 161 23 17 drone
3061 1 354 160 23 17 drone
3062 1 347 162 23 17 drone
3063 1 337 163 23 17 drone
3064 1 330 166 22 16 drone
3065 1 319 166 23 17 drone
3066 1 312 168 22 16 drone
3067 1 303 169 22 16 drone
3068 1 294 169 19 17 drone
3069 1 288 172 19 17 drone
3070 1 276 173 19 17 drone
3071 1 266 176 19 17 drone
3072 1 254 177 19 17 drone
3073 1 245 179 19 17 drone
3074 1 233 181 19 17 drone
3075 1 221 183 19 17 drone
3076 1 214 185 19 17 drone
3077 1 210 189 19 17 drone
3078 1 209 190 19 17 drone
3079 1 208 192 19 17 drone
3080 1 206 194 19 17 drone
3081 1 204 198 19 17 drone
3082 1 203 200 19 17 drone
3083 1 201 202 19 17 drone
3084 1 196 206 20 18 drone
3085 1 194 208 20 18 drone
3086 1 194 210 20 18 drone
3087 1 200 213 20 18 drone
3088 1 206 215 20 18 drone
3089 1 211 219 20 18 drone
3090 1 219 220 20 18 drone
3091 1 225 224 20 18 drone
3092 1 232 227 20 18 drone
3093 1 238 230 20 18 drone
3094 1 245 232 20 18 drone
3095 1 251 234 20 18 drone
3096 1 259 237 20 18 drone
3097 1 267 241 20 18 drone
3098 1 274 244 20 18 drone
3099 1 280 247 20 18 drone
3100 1 288 248 20 18 drone
3101 1 294 251 20 18 drone
3102 1 303 254 20 18 drone
3103 1 311 257 20 18 drone
3104 1 317 259 20 18 drone
3105 1 324 261 20 18 drone
3106 1 331 265 20 18 drone
3107 1 339 266 20 18 drone
3108 1 348 268 20 18 drone
3109 1 354 271 20 18 drone
3110 1 362 273 20 18 drone
3111 1 369 275 20 18 drone
3112 1 376 275 20 18 drone
3113 1 384 277 20 18 drone
3114 1 392 280 20 18 drone
3115 1 398 281 20 18 drone
3116 1 407 284 19 17 drone
3117 1 410 286 19 17 drone
3118 1 415 287 19 17 drone
3119 1 413 288 19 17 drone
3120 1 409 290 19 17 drone
3121 1 409 291 19 17 drone
3122 1 402 293 19 17 drone
3123 1 398 294 19 17 drone
3124 1 395 296 19 17 drone
3125 1 390 298 19 17 drone
3126 1 387 299 18 16 drone
3127 1 382 300 18 16 drone
3128 1 377 300 18 16 drone
3129 1 374 300 18 16 drone
3130 1 371 300 18 16 drone
3131 1 367 301 18 16 drone
3132 1 364 302 18 16 drone
3133 1 360 305 17 15 drone
3134 1 358 304 17 15 drone
3135 1 353 306 17 15 drone
3136 1 350 305 17 15 drone
3137 1 347 305 17 15 drone
3138 1 343 306 17 15 drone
3139 1 338 307 17 15 drone
3140 1 336 308 17 15 drone
3141 1 332 307 17 15 drone
3142 1 329 306 17 15 drone
3143 1 326 307 16 15 drone
3144 1 323 308 16 15 drone
3145 1 321 307 16 15 drone
3146 1 318 307 17 15 drone
3147 1 314 306 17 15 drone
3148 1 312 307 17 15 drone
3149 1 308 307 17 15 drone
3150 1 306 307 17 15 drone
3151 1 301 307 17 15 drone
3152 1 298 306 17 15 drone
3153 1 298 305 17 15 drone
3154 1 293 306 17 15 drone
3155 1 292 307 17 15 drone
3156 1 290 305 17 15 drone
3157 1 284 306 17 15 drone
3158 1 283 306 17 15 drone
3159 1 279 305 17 15 drone
3160 1 277 304 17 15 drone
3161 1 273 305 17 15 drone
3162 1 271 305 17 15 drone
3163 1 270 306 16 15 drone
3164 1 266 306 16 15 drone
3165 1 265 306 17 15 drone
3166 1 261 306 17 15 drone
3167 1 260 308 16 15 drone
3168 1 258 308 16 15 drone
3169 1 253 309 16 15 drone
3170 1 255 307 16 15 drone
3171 1 252 309 16 15 drone
3172 1 250 309 16 15 drone
3173 1 246 308 16 15 drone
3174 1 246 310 16 15 drone
3175 1 243 309 16 14 drone
3176 1 241 310 16 14 drone
3177 1 240 310 16 14 drone
3178 1 235 310 16 14 drone
3179 1 234 312 16 14 drone
3180 1 233 312 16 15 drone
3181 1 231 314 16 15 drone
3182 1 230 315 16 14 drone
3183 1 226 315 16 14 drone
3184 1 225 316 16 14 drone
3185 1 224 318 16 14 drone
3186 1 222 318 16 14 drone
3187 1 219 318 16 14 drone
3188 1 218 321 15 13 drone
3189 1 217 322 15 13 drone
3190 1 216 323 15 13 drone
3191 1 213 325 15 13 drone
3192 1 211 327 15 13 drone
3193 1 209 327 15 13 drone
3194 1 206 328 15 13 drone
3195 1 203 331 15 13 drone
3196 1 203 331 15 13 drone
3197 1 200 334 15 13 drone
3198 1 199 334 15 13 drone
3199 1 196 337 15 13 drone
3200 1 196 338 15 13 drone
3201 1 194 341 15 13 drone
3202 1 185 341 21 13 drone
3203 1 187 343 21 13 drone
3204 1 183 345 21 13 drone
3205 1 182 348 21 13 drone
3206 1 182 351 20 12 drone
3207 1 178 351 21 13 drone
3208 1 176 353 20 12 drone
3209 1 176 356 21 13 drone
3210 1 173 358 20 12 drone
3211 1 171 359 20 12 drone
3212 1 169 362 20 12 drone
3213 1 167 364 21 13 drone
3214 1 166 365 21 13 drone
3215 1 164 368 21 13 drone
3216 1 162 370 21 13 drone
3217 1 160 370 21 13 drone
3218 1 158 374 21 13 drone
3219 1 157 374 21 13 drone
3220 1 155 377 21 13 drone
3221 1 154 379 21 13 drone
3222 1 159 381 21 13 drone
3223 1 163 384 20 12 drone
3224 1 166 386 20 12 drone
3225 1 175 389 20 12 drone
3226 1 177 389 21 13 drone
3227 1 183 391 20 12 drone
3228 1 185 393 20 12 drone
3229 1 191 394 20 12 drone
3230 1 196 398 20 12 drone
3231 1 202 398 20 12 drone
3232 1 207 400 20 12 drone
3233 1 210 403 20 12 drone
3234 1 219 405 20 12 drone
3235 1 223 405 19 12 drone
3236 1 227 407 21 13 drone
3237 1 235 411 20 12 drone
3238 1 238 412 20 12 drone
3239 1 245 415 20 12 drone
3240 1 251 415 20 12 drone
3241 1 260 419 20 12 drone
3242 1 264 419 21 13 drone
3243 1 269 420 22 14 drone
3244 1 276 421 22 14 drone
3245 1 279 422 22 14 drone
3246 1 287 423 22 14 drone
3247 1 293 427 22 14 drone
3248 1 299 426 21 13 drone
3249 1 303 429 21 13 drone
3250 1 310 429 20 12 drone
3251 1 318 430 20 12 drone
3252 1 324 433 21 13 drone
3253 1 330 433 21 13 drone
3254 1 336 434 21 13 drone
3255 1 341 436 21 13 drone
3256 1 347 438 21 13 drone
3257 1 350 439 21 13 drone
3258 1 357 441 20 12 drone
3259 1 360 441 20 12 drone
3260 1 358 441 21 13 drone
3261 1 355 441 21 13 drone
3262 1 350 442 21 13 drone
3263 1 350 444 21 13 drone
3264 1 347 443 21 13 drone
3265 1 347 444 21 13 drone
3266 1 345 443 21 13 drone
3267 1 344 441 21 13 drone
3268 1 342 438 21 13 drone
3269 1 341 434 21 13 drone
3270 1 341 427 21 13 drone
3271 1 338 418 21 13 drone
3272 1 339 408 20 12 drone
3273 1 338 400 21 13 drone
3274 1 336 391 20 12 drone
3275 1 335 383 21 13 drone
3276 1 335 374 21 13 drone
3277 1 336 367 21 13 drone
3278 1 333 360 21 13 drone
3279 1 332 354 21 13 drone
3280 1 332 346 21 13 drone
3281 1 331 339 22 14 drone
3282 1 330 332 23 14 drone
3283 1 329 326 24 15 drone
3284 1 328 320 24 15 drone
3285 1 327 313 24 15 drone
3286 1 327 308 23 14 drone
3287 1 327 301 23 14 drone
3288 1 325 295 23 14 drone
3289 1 325 289 23 14 drone
3290 1 325 281 23 14 drone
3291 1 322 275 24 15 drone
3292 1 320 267 26 16 drone
3293 1 318 261 26 16 drone
3294 1 316 253 27 17 drone
3295 1 315 246 27 17 drone
3296 1 313 242 27 17 drone
3297 1 312 240 27 17 drone
3298 1 311 236 27 17 drone
3299 1 310 234 27 17 drone
3300 1 308 232 26 16 drone
3301 1 306 230 26 16 drone
3302 1 306 228 26 16 drone
3303 1 304 226 26 16 drone
3304 1 302 225 26 16 drone
3305 1 300 223 26 16 drone
3306 1 300 222 26 16 drone
3307 1 298 220 26 16 drone
3308 1 297 220 24 15 drone
3309 1 294 217 26 16 drone
3310 1 294 215 26 16 drone
3311 1 291 214 26 16 drone
3312 1 288 213 24 15 drone
3313 1 288 213 24 15 drone
3314 1 284 212 24 15 drone
3315 1 282 210 24 15 drone
3316 1 281 209 24 15 drone
3317 1 278 207 24 15 drone
3318 1 277 207 23 14 drone
3319 1 277 206 23 14 drone
3320 1 272 205 23 14 drone
3321 1 271 203 23 14 drone
3322 1 270 201 22 14 drone
3323 1 268 200 21 13 drone
3324 1 267 199 21 13 drone
3325 1 263 198 21 13 drone
3326 1 261 198 21 13 drone
3327 1 259 198 21 13 drone
3328 1 256 197 21 13 drone
3329 1 254 197 21 13 drone
3330 1 251 195 21 13 drone
3331 1 250 194 21 13 drone
3332 1 246 194 21 13 drone
3333 1 244 193 21 13 drone
3334 1 242 194 21 13 drone
3335 1 238 195 21 13 drone
3336 1 235 193 21 13 drone
3337 1 232 192 20 12 drone
3338 1 232 194 20 12 drone
3339 1 226 193 20 12 drone
3340 1 225 191 20 12 drone
3341 1 222 192 20 12 drone
3342 1 220 191 20 12 drone
3343 1 216 191 21 13 drone
3344 1 212 190 21 13 drone
3345 1 208 191 21 13 drone
3346 1 207 191 21 13 drone
3347 1 210 191 21 13 drone
3348 1 215 192 21 13 drone
3349 1 218 190 21 13 drone
3350 1 222 192 21 13 drone
3351 1 224 191 22 14 drone
3352 1 231 191 22 14 drone
3353 1 234 191 22 14 drone
3354 1 239 193 21 13 drone
3355 1 246 192 22 14 drone
3356 1 249 191 22 14 drone
3357 1 255 191 22 14 drone
3358 1 260 193 21 13 drone
3359 1 265 194 21 13 drone
3360 1 271 195 20 12 drone
3361 1 277 195 21 13 drone
3362 1 281 194 20 12 drone
3363 1 285 195 20 12 drone
3364 1 292 197 21 13 drone
3365 1 297 197 21 13 drone
3366 1 304 197 20 12 drone
3367 1 310 198 20 12 drone
3368 1 316 199 20 12 drone
3369 1 320 199 21 13 drone
3370 1 326 200 21 13 drone
3371 1 331 201 21 13 drone
3372 1 339 201 21 13 drone
3373 1 343 202 20 12 drone
3374 1 349 203 20 12 drone
3375 1 355 202 21 13 drone
3376 1 359 203 20 12 drone
3377 1 362 204 20 12 drone
3378 1 366 205 20 12 drone
3379 1 366 206 19 12 drone
3380 1 359 202 20 17 drone
3381 1 357 204 20 17 drone
3382 1 353 206 20 17 drone
3383 1 347 208 20 17 drone
3384 1 344 208 20 17 drone
3385 1 339 209 21 18 drone
3386 1 336 210 20 17 drone
3387 1 333 210 21 18 drone
3388 1 329 212 21 18 drone
3389 1 326 212 21 18 drone
3390 1 321 213 21 18 drone
3391 1 320 215 20 17 drone
3392 1 315 215 21 18 drone
3393 1 311 216 20 17 drone
3394 1 306 217 21 18 drone
3395 1 304 219 20 17 drone
3396 1 300 220 19 16 drone
3397 1 296 221 19 16 drone
3398 1 291 222 19 16 drone
3399 1 287 222 19 16 drone
3400 1 284 223 18 15 drone
3401 1 279 224 17 15 drone
3402 1 277 224 17 15 drone
3403 1 273 226 17 15 drone
3404 1 269 225 17 15 drone
3405 1 265 227 17 15 drone
3406 1 259 227 17 15 drone
3407 1 257 229 17 15 drone
3408 1 252 228 17 15 drone
3409 1 249 228 17 15 drone
3410 1 244 228 17 15 drone
3411 1 240 229 17 15 drone
3412 1 234 230 17 15 drone
3413 1 229 230 17 15 drone
3414 1 225 230 17 15 drone
3415 1 220 231 17 15 drone
3416 1 215 230 17 15 drone
3417 1 210 230 17 15 drone
3418 1 205 231 16 14 drone
3419 1 200 232 16 14 drone
3420 1 195 232 16 14 drone
3421 1 188 232 16 14 drone
3422 1 185 232 16 14 drone
3423 1 179 231 17 15 drone
3424 1 175 230 17 15 drone
3425 1 169 230 17 15 drone
3426 1 165 230 17 15 drone
3427 1 160 228 17 15 drone
3428 1 156 228 17 15 drone
3429 1 150 229 17 15 drone
3430 1 145 228 17 15 drone
3431 1 141 227 18 15 drone
3432 1 135 228 18 15 drone
3433 1 130 227 18 15 drone
3434 1 126 225 18 15 drone
3435 1 122 226 18 15 drone
3436 1 116 224 18 15 drone
3437 1 112 225 18 15 drone
3438 1 108 224 19 16 drone
3439 1 103 223 19 16 drone
3440 1 97 221 20 17 drone
3441 1 93 220 20 17 drone
3442 1 89 219 20 17 drone
3443 1 83 218 20 17 drone
3444 1 79 218 20 17 drone
3445 1 76 215 20 17 drone
3446 1 73 215 20 17 drone
3447 1 76 216 20 17 drone
3448 1 80 214 21 18 drone
3449 1 83 213 21 18 drone
3450 1 85 212 21 18 drone
3451 1 90 211 21 18 drone
3452 1 93 209 22 19 drone
3453 1 98 208 22 19 drone
3454 1 101 205 22 19 drone
3455 1 106 204 22 19 drone
3456 1 110 204 21 18 drone
3457 1 114 203 21 18 drone
3458 1 117 202 22 19 drone
3459 1 123 200 22 19 drone
3460 1 127 200 22 19 drone
3461 1 130 198 22 19 drone
3462 1 137 196 23 20 drone
3463 1 139 195 22 19 drone
3464 1 144 196 22 19 drone
3465 1 148 193 22 19 drone
3466 1 149 190 22 19 drone
3467 1 156 190 20 19 drone
3468 1 161 190 19 18 drone
3469 1 164 191 19 18 drone
3470 1 170 186 19 18 drone
3471 1 173 186 19 18 drone
3472 1 179 185 20 19 drone
3473 1 180 184 20 19 drone
3474 1 184 183 20 19 drone
3475 1 189 180 20 19 drone
3476 1 194 178 19 18 drone
3477 1 197 179 19 18 drone
3478 1 202 177 19 18 drone
3479 1 205 175 20 19 drone
3480 1 209 175 20 19 drone
3481 1 211 173 20 19 drone
3482 1 215 171 19 18 drone
3483 1 219 169 19 18 drone
3484 1 224 169 19 18 drone
3485 1 229 169 19 18 drone
3486 1 231 169 20 19 drone
3487 1 237 166 20 15 drone
3488 1 240 168 20 15 drone
3489 1 244 163 20 13 drone
3490 1 249 162 21 14 drone
3491 1 253 160 21 14 drone
3492 1 257 160 20 13 drone
3493 1 261 160 20 13 drone
3494 1 264 157 21 14 drone
3495 1 269 157 21 14 drone
3496 1 271 156 20 13 drone
3497 1 275 157 20 13 drone
3498 1 281 156 19 12 drone
3499 1 285 154 19 12 drone
3500 1 290 153 18 12 drone
