0 2 165 319 17 21 drone 1061 312 20 20 drone
1 2 166 322 17 21 drone 1060 313 20 20 drone
2 2 167 325 16 20 drone 1059 317 20 20 drone
3 2 169 330 16 20 drone 1057 321 20 20 drone
4 2 169 329 16 20 drone 1058 320 19 19 drone
5 2 170 333 16 20 drone 1057 323 18 18 drone
6 2 170 339 16 20 drone 1056 323 17 17 drone
7 2 172 341 16 20 drone 1053 327 17 17 drone
8 2 174 344 16 20 drone 1053 331 17 17 drone
9 2 175 347 15 19 drone 1052 334 17 17 drone
10 2 175 349 15 18 drone 1050 334 17 17 drone
11 2 176 350 15 18 drone 1050 335 17 17 drone
12 2 178 354 15 18 drone 1049 337 17 17 drone
13 2 179 358 15 18 drone 1046 337 17 17 drone
14 2 181 360 15 18 drone 1044 339 18 18 drone
15 2 182 362 15 18 drone 1045 339 17 17 drone
16 2 183 362 15 18 drone 1045 339 17 17 drone
17 2 183 362 14 17 drone 1041 338 17 17 drone
18 2 184 365 14 17 drone 1040 338 18 18 drone
19 2 186 365 14 17 drone 1039 338 19 19 drone
20 2 187 365 14 17 drone 1036 337 19 19 drone
21 2 188 367 14 17 drone 1037 338 19 19 drone
22 2 188 365 14 17 drone 1037 338 19 19 drone
23 2 190 366 14 17 drone 1036 337 19 19 drone
24 2 192 367 14 17 drone 1036 338 19 19 drone
25 2 192 370 14 17 drone 1034 342 12 19 drone
26 2 193 374 14 17 drone 1035 343 12 19 drone
27 2 195 376 14 17 drone 1035 345 12 19 drone
28 2 195 376 14 17 drone 1034 345 12 19 drone
29 2 196 376 14 17 drone 1032 347 12 19 drone
30 2 196 380 14 17 drone 1031 347 12 19 drone
31 2 197 382 14 17 drone 1030 350 12 19 drone
32 2 198 386 14 17 drone 1029 352 12 19 drone
33 2 199 387 14 17 drone 1027 354 12 19 drone
34 2 199 387 14 17 drone 1027 354 12 19 drone
35 2 199 391 14 17 drone 1025 356 12 19 drone
36 2 201 394 14 17 drone 1023 359 12 19 drone
37 2 203 395 14 17 drone 1022 361 12 19 drone
38 2 203 398 14 17 drone 1021 363 12 19 drone
39 2 204 401 14 17 drone 1017 366 12 19 drone
40 2 204 402 14 17 drone 1016 366 12 19 drone
41 2 205 404 14 17 drone 1015 368 12 19 drone
42 2 205 408 14 17 drone 1015 370 12 19 drone
43 2 205 412 14 17 drone 1013 374 12 19 drone
44 2 206 414 14 17 drone 1012 377 12 19 drone
45 2 206 417 14 17 drone 1008 382 12 19 drone
46 2 206 417 14 17 drone 1008 382 12 19 drone
47 2 207 420 14 17 drone 1006 383 12 19 drone
48 2 208 423 14 17 drone 1006 385 12 19 drone
49 2 208 426 14 17 drone 1004 387 12 19 drone
50 2 209 428 14 17 drone 1003 391 12 19 drone
51 2 209 431 14 17 drone 1002 394 12 19 drone
52 2 209 432 14 17 drone 1002 394 12 19 drone
53 2 210 434 14 17 drone 1001 396 12 19 drone
54 2 211 436 14 17 drone 1000 399 12 19 drone
55 2 211 440 14 17 drone 997 402 12 19 drone
56 2 212 445 14 17 drone 996 405 12 19 drone
57 2 212 447 14 17 drone 994 408 12 19 drone
58 2 213 447 14 17 drone 993 409 12 19 drone
59 2 213 449 14 17 drone 992 412 12 19 drone
60 2 211 452 14 17 drone 990 416 12 19 drone
61 2 210 454 14 17 drone 986 418 12 19 drone
62 2 207 456 14 17 drone 980 424 12 19 drone
63 2 204 457 14 17 drone 976 428 12 19 drone
64 2 203 457 14 17 drone 976 428 12 19 drone
65 2 198 459 14 17 drone 969 432 12 19 drone
66 2 194 459 14 17 drone 963 438 12 19 drone
67 2 194 461 14 17 drone 960 442 12 19 drone
68 2 193 464 14 17 drone 959 444 12 19 drone
69 2 195 468 14 17 drone 959 447 12 19 drone
70 2 195 469 14 17 drone 958 447 12 19 drone
71 2 197 470 14 17 drone 958 448 12 19 drone
72 2 197 474 14 17 drone 956 449 12 19 drone
73 2 198 477 14 17 drone 956 452 12 19 drone
74 2 199 481 14 17 drone 955 455 12 19 drone
75 2 200 484 14 17 drone 953 458 12 19 drone
76 2 200 484 14 17 drone 953 458 12 19 drone
77 2 201 487 14 17 drone 952 460 12 19 drone
78 2 202 491 14 17 drone 951 463 12 19 drone
79 2 203 494 14 17 drone 951 465 12 19 drone
80 2 205 498 14 17 drone 951 467 12 19 drone
81 2 206 502 14 17 drone 950 471 12 19 drone
82 2 206 502 14 17 drone 950 471 12 19 drone
83 2 207 506 14 17 drone 950 472 12 19 drone
84 2 208 509 14 17 drone 949 476 12 19 drone
85 2 209 512 14 17 drone 947 480 12 19 drone
86 2 209 516 14 17 drone 946 482 12 19 drone
87 2 209 519 14 17 drone 945 484 12 19 drone
88 2 211 519 14 17 drone 945 484 12 19 drone
89 2 211 523 14 17 drone 944 487 12 19 drone
90 2 211 526 14 17 drone 944 488 12 19 drone
91 2 214 529 14 17 drone 943 490 12 19 drone
92 2 215 533 14 17 drone 942 492 12 19 drone
93 2 217 536 14 17 drone 942 496 12 19 drone
94 2 217 536 14 17 drone 942 496 12 19 drone
95 2 219 540 14 17 drone 942 497 12 19 drone
96 2 219 544 14 17 drone 942 499 12 19 drone
97 2 222 548 14 17 drone 942 502 12 19 drone
98 2 224 553 14 17 drone 941 505 12 19 drone
99 2 226 555 14 17 drone 941 507 12 19 drone
100 2 226 555 14 17 drone 942 507 12 19 drone
101 2 227 559 14 17 drone 941 508 12 19 drone
102 2 229 561 14 17 drone 941 512 12 19 drone
103 2 230 565 14 17 drone 940 514 12 19 drone
104 2 232 569 14 17 drone 940 517 12 19 drone
105 2 233 574 14 17 drone 940 519 12 19 drone
106 2 234 574 14 17 drone 940 519 12 19 drone
107 2 234 577 14 17 drone 940 521 12 19 drone
108 2 236 580 14 17 drone 940 523 12 19 drone
109 2 238 583 14 17 drone 939 526 12 19 drone
110 2 238 585 14 17 drone 939 528 12 19 drone
111 2 239 588 14 17 drone 937 530 12 19 drone
112 2 239 588 14 17 drone 937 530 12 19 drone
113 2 240 590 14 17 drone 936 532 12 19 drone
114 2 242 590 14 17 drone 936 532 12 19 drone
115 2 243 590 14 17 drone 936 532 12 19 drone
116 2 244 590 14 17 drone 935 534 12 19 drone
117 2 244 590 14 17 drone 934 534 12 19 drone
118 2 245 590 14 17 drone 934 534 12 19 drone
119 2 245 590 14 17 drone 932 533 12 19 drone
120 2 246 590 14 17 drone 931 533 12 19 drone
121 2 248 591 14 17 drone 930 533 12 19 drone
122 2 248 591 14 17 drone 929 533 12 19 drone
123 2 250 591 14 17 drone 928 533 12 19 drone
124 2 250 591 14 17 drone 928 533 12 19 drone
125 2 250 589 14 17 drone 927 532 12 19 drone
126 2 251 585 14 17 drone 926 528 12 19 drone
127 2 252 582 14 17 drone 926 524 12 19 drone
128 2 255 580 14 17 drone 924 520 12 19 drone
129 2 255 576 14 17 drone 923 517 12 19 drone
130 2 256 576 14 17 drone 923 517 12 19 drone
131 2 257 574 14 17 drone 923 513 12 19 drone
132 2 259 571 14 17 drone 921 510 12 19 drone
133 2 259 569 14 17 drone 920 508 12 19 drone
134 2 259 567 14 17 drone 919 505 12 19 drone
135 2 260 564 14 17 drone 917 503 12 19 drone
136 2 260 564 14 17 drone 917 503 12 19 drone
137 2 262 563 14 17 drone 916 501 12 19 drone
138 2 262 561 14 17 drone 916 499 12 19 drone
139 2 263 561 14 17 drone 915 499 12 19 drone
140 2 266 558 14 17 drone 913 496 12 19 drone
141 2 266 557 14 17 drone 912 495 12 19 drone
142 2 266 557 14 17 drone 912 495 12 19 drone
143 2 267 556 14 17 drone 912 493 12 19 drone
144 2 269 555 14 17 drone 910 491 12 19 drone
145 2 270 553 14 17 drone 910 489 12 19 drone
146 2 270 551 14 17 drone 909 489 12 19 drone
147 2 271 551 14 17 drone 908 487 12 19 drone
148 2 271 550 14 17 drone 908 487 12 19 drone
149 2 272 549 14 17 drone 906 485 12 19 drone
150 2 272 549 14 17 drone 905 483 12 19 drone
151 2 273 546 14 17 drone 904 483 12 19 drone
152 2 275 545 14 17 drone 903 481 12 19 drone
153 2 276 545 14 17 drone 903 480 12 19 drone
154 2 276 545 14 17 drone 903 480 12 19 drone
155 2 276 543 14 17 drone 902 478 12 19 drone
156 2 277 543 14 17 drone 901 476 12 19 drone
157 2 279 540 14 17 drone 900 476 12 19 drone
158 2 279 538 14 17 drone 900 473 12 19 drone
159 2 279 536 14 17 drone 899 471 12 19 drone
160 2 279 536 14 17 drone 899 471 12 19 drone
161 2 282 536 14 17 drone 898 469 12 19 drone
162 2 282 534 14 17 drone 897 467 12 19 drone
163 2 284 531 14 17 drone 896 465 12 19 drone
164 2 285 529 14 17 drone 895 463 12 19 drone
165 2 283 529 14 17 drone 895 461 12 19 drone
166 2 283 529 14 17 drone 895 461 12 19 drone
167 2 281 529 14 17 drone 898 461 12 19 drone
168 2 274 531 14 17 drone 902 460 12 19 drone
169 2 263 535 14 17 drone 909 461 12 19 drone
170 2 280 513 14 17 drone 918 462 12 19 drone
171 2 229 544 22 18 drone 928 464 15 19 drone
172 2 233 543 22 18 drone 931 465 15 19 drone
173 2 213 550 20 19 drone 941 465 16 22 drone
174 2 189 561 21 16 drone 957 474 19 13 drone
175 2 174 564 11 22 drone 976 475 10 15 drone
176 2 147 575 18 19 drone 990 476 16 20 drone
177 2 146 577 18 19 drone 991 471 17 27 drone
178 2 146 577 18 19 drone 992 474 17 27 drone
179 2 146 574 18 19 drone 992 472 17 27 drone
180 2 148 571 18 19 drone 992 468 17 27 drone
181 2 149 565 18 19 drone 991 464 17 27 drone
182 2 150 562 18 19 drone 990 461 17 27 drone
183 2 150 559 18 19 drone 989 457 17 27 drone
184 2 152 559 18 19 drone 988 457 17 27 drone
185 2 153 556 18 19 drone 988 454 17 27 drone
186 2 156 554 18 19 drone 987 450 17 27 drone
187 2 157 552 18 19 drone 986 448 17 27 drone
188 2 158 548 18 19 drone 984 445 17 27 drone
189 2 159 546 18 19 drone 983 443 17 27 drone
190 2 159 546 18 19 drone 983 443 17 27 drone
191 2 160 545 18 19 drone 982 441 17 27 drone
192 2 162 544 18 19 drone 980 439 17 27 drone
193 2 163 542 18 19 drone 979 439 17 27 drone
194 2 163 541 18 19 drone 977 435 17 27 drone
195 2 164 539 18 19 drone 976 434 17 27 drone
196 2 164 539 18 19 drone 976 434 17 27 drone
197 2 164 537 18 19 drone 975 433 17 27 drone
198 2 166 537 18 19 drone 974 430 17 27 drone
199 2 166 536 18 19 drone 973 430 17 27 drone
200 2 168 534 18 19 drone 972 428 17 27 drone
201 2 169 534 18 19 drone 970 428 17 27 drone
202 2 169 534 18 19 drone 970 428 17 27 drone
203 2 169 532 18 19 drone 970 425 17 27 drone
204 2 170 530 18 19 drone 968 425 17 27 drone
205 2 172 529 18 19 drone 967 423 17 27 drone
206 2 173 526 18 19 drone 966 420 17 27 drone
207 2 173 524 18 19 drone 966 417 17 27 drone
208 2 173 524 18 19 drone 966 417 17 27 drone
209 2 174 523 18 19 drone 964 416 17 27 drone
210 2 175 521 18 19 drone 962 412 17 27 drone
211 2 176 518 18 19 drone 962 410 17 27 drone
212 2 178 513 18 19 drone 961 407 17 27 drone
213 2 178 511 18 19 drone 961 404 17 27 drone
214 2 180 510 18 19 drone 960 403 17 27 drone
215 2 180 508 18 19 drone 958 401 17 27 drone
216 2 182 505 18 19 drone 958 397 17 27 drone
217 2 182 502 18 19 drone 956 396 17 27 drone
218 2 184 500 18 19 drone 956 395 17 27 drone
219 2 185 499 18 19 drone 954 394 17 27 drone
220 2 186 498 18 19 drone 954 394 17 27 drone
221 2 187 495 18 19 drone 953 391 17 27 drone
222 2 187 492 18 19 drone 953 388 17 27 drone
223 2 188 489 18 19 drone 951 385 17 27 drone
224 2 189 486 18 19 drone 949 380 18 16 drone
225 2 191 485 18 19 drone 949 378 18 16 drone
226 2 191 483 18 19 drone 949 378 18 16 drone
227 2 191 482 18 19 drone 949 377 18 16 drone
228 2 192 479 18 19 drone 946 375 18 16 drone
229 2 194 478 18 19 drone 946 372 18 16 drone
230 2 195 476 18 19 drone 945 369 18 16 drone
231 2 194 475 18 19 drone 946 368 18 16 drone
232 2 194 475 18 19 drone 946 368 18 16 drone
233 2 190 473 18 19 drone 948 366 18 16 drone
234 2 183 470 15 11 drone 949 355 21 20 drone
235 2 174 470 15 11 drone 952 350 21 20 drone
236 2 161 469 15 11 drone 967 351 13 15 drone
237 2 146 469 15 11 drone 980 348 13 15 drone
238 2 146 470 15 11 drone 981 348 13 15 drone
239 2 130 470 15 11 drone 991 343 13 15 drone
240 2 128 468 15 11 drone 993 341 13 15 drone
241 2 127 463 15 11 drone 993 338 13 15 drone
242 2 128 461 15 11 drone 993 334 13 15 drone
243 2 130 458 15 11 drone 992 331 13 15 drone
244 2 130 458 15 11 drone 992 331 13 15 drone
245 2 130 456 15 11 drone 992 328 13 15 drone
246 2 132 453 15 11 drone 990 326 13 15 drone
247 2 133 451 15 11 drone 989 323 13 15 drone
248 2 134 449 15 11 drone 989 322 13 15 drone
249 2 135 447 15 11 drone 987 320 13 15 drone
250 2 135 447 15 11 drone 987 320 13 15 drone
251 2 137 445 15 11 drone 986 318 13 15 drone
252 2 138 442 15 11 drone 985 316 13 15 drone
253 2 139 440 15 11 drone 985 314 13 15 drone
254 2 140 439 15 11 drone 983 311 13 15 drone
255 2 142 436 15 11 drone 983 310 13 15 drone
256 2 142 437 15 11 drone 982 310 13 15 drone
257 2 143 434 15 11 drone 981 308 13 15 drone
258 2 143 433 15 11 drone 980 307 13 15 drone
259 2 145 431 15 11 drone 979 304 13 15 drone
260 2 145 429 15 11 drone 978 303 13 15 drone
261 2 147 428 15 11 drone 977 301 13 15 drone
262 2 147 427 15 11 drone 977 300 13 15 drone
263 2 147 425 15 11 drone 976 299 13 15 drone
264 2 148 423 15 11 drone 976 296 13 15 drone
265 2 150 421 15 11 drone 974 295 13 15 drone
266 2 151 419 15 11 drone 973 292 13 14 drone
267 2 153 419 15 11 drone 973 292 13 14 drone
268 2 153 419 15 11 drone 973 293 13 14 drone
269 2 154 419 15 11 drone 973 292 13 14 drone
270 2 156 416 15 11 drone 973 290 13 14 drone
271 2 156 415 15 11 drone 972 288 13 14 drone
272 2 157 412 15 11 drone 971 286 13 14 drone
273 2 157 410 15 11 drone 971 283 13 14 drone
274 2 158 410 15 11 drone 970 283 13 14 drone
275 2 159 408 15 11 drone 970 280 13 14 drone
276 2 160 406 15 11 drone 968 278 13 14 drone
277 2 161 401 15 11 drone 968 275 13 14 drone
278 2 163 399 15 11 drone 967 273 13 14 drone
279 2 163 396 15 11 drone 966 270 13 14 drone
280 2 163 396 15 11 drone 966 270 13 14 drone
281 2 163 393 15 11 drone 966 269 13 14 drone
282 2 163 392 15 11 drone 966 265 13 14 drone
283 2 161 388 15 11 drone 966 261 13 14 drone
284 2 160 385 15 11 drone 966 258 13 14 drone
285 2 160 382 15 11 drone 966 254 13 14 drone
286 2 160 382 15 11 drone 966 254 13 14 drone
287 2 161 380 15 11 drone 966 252 13 14 drone
288 2 162 377 15 11 drone 966 250 13 14 drone
289 2 163 375 15 11 drone 965 247 13 14 drone
290 2 164 372 15 11 drone 964 244 13 14 drone
291 2 166 369 15 11 drone 963 242 13 14 drone
292 2 166 368 15 11 drone 963 242 13 14 drone
293 2 166 366 15 11 drone 963 240 13 14 drone
294 2 168 365 15 11 drone 963 237 13 14 drone
295 2 168 363 15 11 drone 962 236 13 14 drone
296 2 171 362 15 11 drone 962 236 13 14 drone
297 2 171 363 15 11 drone 966 233 13 14 drone
298 2 171 362 15 11 drone 966 233 13 14 drone
299 2 168 362 15 11 drone 972 229 13 14 drone
300 2 161 361 15 11 drone 981 226 13 14 drone
301 2 151 360 15 11 drone 992 222 13 14 drone
302 2 136 360 15 11 drone 1006 216 13 14 drone
303 2 119 360 15 11 drone 1020 210 13 14 drone
304 2 119 360 15 11 drone 1021 210 13 14 drone
305 2 115 359 15 11 drone 1027 206 13 14 drone
306 2 116 357 15 11 drone 1028 203 13 14 drone
307 2 117 355 15 11 drone 1028 203 13 14 drone
308 2 121 354 15 11 drone 1028 200 13 14 drone
309 2 122 352 15 11 drone 1028 198 13 14 drone
310 2 122 352 15 11 drone 1028 198 13 14 drone
311 2 125 349 15 11 drone 1028 197 13 14 drone
312 2 127 347 15 11 drone 1029 194 13 14 drone
313 2 129 345 15 11 drone 1029 191 13 14 drone
314 2 130 343 15 11 drone 1029 188 13 14 drone
315 2 135 340 15 11 drone 1028 186 13 14 drone
316 2 135 340 15 11 drone 1028 186 13 14 drone
317 2 137 339 15 11 drone 1029 184 13 14 drone
318 2 139 338 15 11 drone 1029 183 13 14 drone
319 2 141 336 15 11 drone 1029 181 13 14 drone
320 2 144 335 15 11 drone 1029 180 13 14 drone
321 2 144 333 15 11 drone 1029 178 13 14 drone
322 2 145 333 15 11 drone 1030 178 13 14 drone
323 2 146 333 15 11 drone 1030 178 13 14 drone
324 2 150 333 15 11 drone 1030 178 13 14 drone
325 2 152 333 15 11 drone 1030 178 13 14 drone
326 2 155 335 15 11 drone 1031 179 13 14 drone
327 2 158 335 15 11 drone 1033 180 13 14 drone
328 2 158 336 15 11 drone 1033 180 13 14 drone
329 2 160 336 15 11 drone 1033 180 13 14 drone
330 2 162 336 15 11 drone 1033 180 13 14 drone
331 2 163 335 15 11 drone 1033 178 13 14 drone
332 2 165 334 15 11 drone 1033 177 13 14 drone
333 2 165 333 15 11 drone 1032 176 13 14 drone
334 2 166 333 15 11 drone 1032 176 13 14 drone
335 2 166 333 15 11 drone 1031 175 13 14 drone
336 2 168 332 15 11 drone 1030 174 13 14 drone
337 2 170 330 15 11 drone 1030 174 13 14 drone
338 2 171 330 15 11 drone 1030 174 13 14 drone
339 2 174 330 15 11 drone 1029 174 13 14 drone
340 2 174 330 15 11 drone 1029 174 13 14 drone
341 2 174 330 15 11 drone 1029 172 13 14 drone
342 2 178 330 15 11 drone 1029 172 13 14 drone
343 2 179 329 15 11 drone 1029 171 13 14 drone
344 2 181 329 15 11 drone 1029 171 13 14 drone
345 2 183 329 15 11 drone 1029 171 13 14 drone
346 2 183 329 15 11 drone 1029 170 13 14 drone
347 2 185 329 15 11 drone 1029 171 13 14 drone
348 2 185 328 15 11 drone 1028 171 13 14 drone
349 2 186 328 15 11 drone 1028 171 13 14 drone
350 2 187 328 15 11 drone 1027 171 13 14 drone
351 2 188 328 15 11 drone 1025 171 13 14 drone
352 2 189 328 15 11 drone 1025 171 13 14 drone
353 2 189 328 15 11 drone 1025 171 13 14 drone
354 2 191 328 15 11 drone 1024 171 13 14 drone
355 2 192 328 15 11 drone 1024 171 13 14 drone
356 2 193 327 15 11 drone 1024 171 13 14 drone
357 2 195 327 15 11 drone 1024 171 13 14 drone
358 2 195 327 15 11 drone 1023 171 13 14 drone
359 2 197 327 15 11 drone 1023 171 13 14 drone
360 2 198 326 15 11 drone 1023 170 13 14 drone
361 2 199 326 15 11 drone 1023 170 13 14 drone
362 2 201 326 15 11 drone 1023 170 13 14 drone
363 2 203 326 15 11 drone 1023 170 13 14 drone
364 2 203 326 15 11 drone 1023 170 13 14 drone
365 2 206 326 15 11 drone 1023 170 13 14 drone
366 2 207 326 15 11 drone 1023 171 13 14 drone
367 2 209 326 15 11 drone 1023 171 13 14 drone
368 2 211 326 15 11 drone 1024 171 13 14 drone
369 2 213 326 15 11 drone 1024 170 13 14 drone
370 2 214 326 15 11 drone 1024 170 13 14 drone
371 2 216 326 15 11 drone 1025 170 13 14 drone
372 2 218 326 15 11 drone 1025 170 13 14 drone
373 2 220 326 15 11 drone 1023 164 13 16 drone
374 2 221 326 15 11 drone 1026 164 13 16 drone
375 2 223 326 15 11 drone 1026 162 13 16 drone
376 2 223 326 15 11 drone 1026 162 13 16 drone
377 2 223 325 15 11 drone 1026 162 13 16 drone
378 2 224 325 15 11 drone 1024 161 13 16 drone
379 2 225 323 15 11 drone 1024 161 13 16 drone
380 2 226 323 15 11 drone 1023 160 13 16 drone
381 2 228 321 15 11 drone 1023 161 13 16 drone
382 2 228 321 15 11 drone 1022 161 13 16 drone
383 2 228 321 15 11 drone 1021 155 13 16 drone
384 2 229 320 15 11 drone 1018 155 13 16 drone
385 2 229 319 15 11 drone 1017 155 13 16 drone
386 2 230 318 15 11 drone 1016 155 13 16 drone
387 2 232 317 15 11 drone 1014 153 16 19 drone
388 2 232 317 15 11 drone 1016 154 16 19 drone
389 2 233 312 14 13 drone 1009 150 20 18 drone
390 2 234 312 14 13 drone 1011 150 20 18 drone
391 2 235 312 14 13 drone 1010 150 20 18 drone
392 2 235 312 14 13 drone 1010 150 20 18 drone
393 2 236 310 14 13 drone 1012 151 13 13 drone
394 2 237 310 14 13 drone 1013 152 13 13 drone
395 2 238 311 14 13 drone 1012 152 13 13 drone
396 2 238 311 14 13 drone 1011 152 13 13 drone
397 2 238 311 14 13 drone 1011 152 13 13 drone
398 2 240 311 14 13 drone 1011 152 13 13 drone
399 2 240 310 14 13 drone 1010 152 13 13 drone
400 2 240 310 14 13 drone 1010 152 13 13 drone
401 2 241 309 14 13 drone 1009 151 13 13 drone
402 2 241 308 14 13 drone 1008 151 13 13 drone
403 2 242 307 14 13 drone 1007 150 13 13 drone
404 2 244 305 14 13 drone 1007 148 13 13 drone
405 2 244 305 14 13 drone 1007 148 13 13 drone
406 2 244 305 14 13 drone 1007 148 13 13 drone
407 2 244 304 14 13 drone 1006 146 13 13 drone
408 2 245 303 14 13 drone 1006 145 13 13 drone
409 2 245 302 14 13 drone 1005 145 13 13 drone
410 2 246 302 14 13 drone 1004 145 13 13 drone
411 2 247 300 14 13 drone 1003 144 13 13 drone
412 2 247 300 14 13 drone 1003 144 13 13 drone
413 2 247 300 14 13 drone 1003 144 13 13 drone
414 2 249 300 14 13 drone 1001 144 13 13 drone
415 2 249 298 14 13 drone 1001 143 13 13 drone
416 2 250 298 14 13 drone 1001 143 13 13 drone
417 2 250 298 14 13 drone 1000 143 13 13 drone
418 2 252 298 14 13 drone 1000 143 13 13 drone
419 2 252 298 14 13 drone 999 142 13 13 drone
420 2 252 296 14 13 drone 999 140 13 13 drone
421 2 253 294 14 13 drone 999 140 13 13 drone
422 2 254 292 14 13 drone 997 138 13 13 drone
423 2 255 291 14 13 drone 997 137 13 13 drone
424 2 255 290 14 13 drone 996 135 13 13 drone
425 2 255 288 14 13 drone 995 134 13 13 drone
426 2 255 288 14 13 drone 995 133 13 13 drone
427 2 256 287 14 13 drone 995 133 13 13 drone
428 2 256 285 14 13 drone 993 133 13 13 drone
429 2 256 284 14 13 drone 993 132 13 13 drone
430 2 256 284 14 13 drone 992 131 13 13 drone
431 2 258 283 14 13 drone 992 131 13 13 drone
432 2 258 283 14 13 drone 991 130 13 13 drone
433 2 258 281 14 13 drone 991 129 13 13 drone
434 2 259 281 14 13 drone 991 129 13 13 drone
435 2 261 279 14 13 drone 991 127 13 13 drone
436 2 261 279 14 13 drone 990 127 13 13 drone
437 2 261 278 14 13 drone 990 127 13 13 drone
438 2 261 278 14 13 drone 990 126 13 13 drone
439 2 261 276 14 13 drone 988 124 13 13 drone
440 2 262 276 14 13 drone 988 124 13 13 drone
441 2 264 276 14 13 drone 987 124 13 13 drone
442 2 264 275 14 13 drone 986 124 13 13 drone
443 2 264 275 14 13 drone 986 124 13 13 drone
444 2 265 275 14 13 drone 985 124 13 13 drone
445 2 265 275 14 13 drone 985 124 13 13 drone
446 2 267 275 14 13 drone 985 125 13 13 drone
447 2 267 274 14 13 drone 984 124 13 13 drone
448 2 267 274 14 13 drone 984 124 13 13 drone
449 2 268 274 14 13 drone 984 124 13 13 drone
450 2 268 274 14 13 drone 983 124 13 13 drone
451 2 269 271 14 13 drone 983 123 13 13 drone
452 2 270 270 14 13 drone 983 122 13 13 drone
453 2 271 269 14 13 drone 983 120 13 13 drone
454 2 272 268 14 13 drone 982 120 13 13 drone
455 2 272 266 14 13 drone 982 119 13 13 drone
456 2 273 266 14 13 drone 982 119 13 13 drone
457 2 275 265 14 13 drone 983 117 13 13 drone
458 2 279 266 14 13 drone 984 117 13 13 drone
459 2 283 267 14 13 drone 986 117 13 13 drone
460 2 283 267 14 13 drone 986 117 13 13 drone
461 2 287 267 14 13 drone 989 118 13 13 drone
462 2 292 268 14 13 drone 993 119 13 13 drone
463 2 294 269 14 13 drone 993 119 13 13 drone
464 2 296 269 14 13 drone 994 119 13 13 drone
465 2 297 269 14 13 drone 995 119 13 13 drone
466 2 297 269 14 13 drone 995 119 13 13 drone
467 2 298 269 14 13 drone 994 119 13 13 drone
468 2 300 268 14 13 drone 994 118 13 13 drone
469 2 301 268 14 13 drone 994 118 13 13 drone
470 2 302 268 14 13 drone 994 118 13 13 drone
471 2 303 267 14 13 drone 994 118 13 13 drone
472 2 303 268 14 13 drone 994 118 13 13 drone
473 2 305 268 14 13 drone 994 119 13 13 drone
474 2 306 268 14 13 drone 994 119 13 13 drone
475 2 307 269 14 13 drone 994 120 13 13 drone
476 2 307 269 14 13 drone 994 121 13 13 drone
477 2 309 270 14 13 drone 994 121 13 13 drone
478 2 309 270 14 13 drone 994 121 13 13 drone
479 2 309 271 14 13 drone 993 122 13 13 drone
480 2 310 271 14 13 drone 992 123 13 13 drone
481 2 310 271 14 13 drone 992 123 13 13 drone
482 2 310 272 14 13 drone 991 124 13 13 drone
483 2 310 273 14 13 drone 990 125 13 13 drone
484 2 311 273 14 13 drone 989 126 13 13 drone
485 2 311 273 14 13 drone 989 126 13 13 drone
486 2 311 274 14 13 drone 989 127 13 13 drone
487 2 312 274 14 13 drone 988 128 13 13 drone
488 2 313 275 14 13 drone 987 129 13 13 drone
489 2 313 275 14 13 drone 986 130 13 13 drone
490 2 314 276 14 13 drone 986 130 13 13 drone
491 2 314 276 14 13 drone 986 130 13 13 drone
492 2 314 276 14 13 drone 985 130 13 13 drone
493 2 314 277 14 13 drone 983 131 13 13 drone
494 2 315 277 14 13 drone 983 131 13 13 drone
495 2 315 278 14 13 drone 982 135 13 13 drone
496 2 315 278 14 13 drone 982 135 13 13 drone
497 2 315 278 14 13 drone 982 134 13 13 drone
498 2 315 279 14 13 drone 980 135 13 13 drone
499 2 315 279 14 13 drone 980 135 13 13 drone
500 2 315 279 14 13 drone 979 137 13 13 drone
501 2 317 280 14 13 drone 978 137 13 13 drone
502 2 317 281 14 13 drone 978 137 13 13 drone
503 2 317 283 14 13 drone 978 139 13 13 drone
504 2 318 284 14 13 drone 978 139 13 13 drone
505 2 319 284 14 13 drone 977 140 13 13 drone
506 2 320 285 14 13 drone 977 142 13 13 drone
507 2 321 285 14 13 drone 978 142 13 13 drone
508 2 321 285 14 13 drone 977 142 13 13 drone
509 2 322 285 14 13 drone 977 143 13 13 drone
510 2 322 286 14 13 drone 977 145 13 13 drone
511 2 323 288 14 13 drone 976 145 13 13 drone
512 2 323 289 14 13 drone 976 147 13 13 drone
513 2 324 291 14 13 drone 975 148 13 13 drone
514 2 324 291 14 13 drone 975 148 13 13 drone
515 2 324 292 14 13 drone 974 149 13 13 drone
516 2 325 292 14 13 drone 974 150 13 13 drone
517 2 326 293 14 13 drone 974 151 13 13 drone
518 2 326 294 14 13 drone 974 151 13 13 drone
519 2 328 295 14 13 drone 974 152 13 13 drone
520 2 329 295 14 13 drone 974 152 13 13 drone
521 2 329 295 14 13 drone 974 153 13 13 drone
522 2 329 297 14 13 drone 973 155 13 13 drone
523 2 330 298 14 13 drone 972 157 13 13 drone
524 2 330 298 14 13 drone 972 157 13 13 drone
525 2 332 298 14 13 drone 972 157 13 13 drone
526 2 332 299 14 13 drone 972 158 13 13 drone
527 2 332 299 14 13 drone 971 158 13 13 drone
528 2 332 299 14 13 drone 971 158 13 13 drone
529 2 333 299 14 13 drone 970 159 13 13 drone
530 2 333 299 14 13 drone 970 159 13 13 drone
531 2 333 299 14 13 drone 968 159 13 13 drone
532 2 334 299 14 13 drone 968 159 13 13 drone
533 2 334 300 14 13 drone 968 159 13 13 drone
534 2 334 300 14 13 drone 967 159 13 13 drone
535 2 335 300 14 13 drone 967 160 13 13 drone
536 2 335 300 14 13 drone 966 160 13 13 drone
537 2 335 300 14 13 drone 966 160 13 13 drone
538 2 335 300 14 13 drone 965 160 13 13 drone
539 2 336 299 14 13 drone 965 158 13 13 drone
540 2 336 298 14 13 drone 965 158 13 13 drone
541 2 336 296 14 13 drone 964 158 13 13 drone
542 2 337 295 14 13 drone 962 156 13 13 drone
543 2 338 294 14 13 drone 962 156 13 13 drone
544 2 338 294 14 13 drone 962 156 13 13 drone
545 2 338 293 14 13 drone 962 155 13 13 drone
546 2 338 292 14 13 drone 962 154 13 13 drone
547 2 338 291 14 13 drone 961 153 13 13 drone
548 2 339 291 14 13 drone 961 152 13 13 drone
549 2 339 291 14 13 drone 961 152 13 13 drone
550 2 339 291 14 13 drone 959 152 13 13 drone
551 2 339 290 14 13 drone 959 152 13 13 drone
552 2 339 290 14 13 drone 959 152 13 13 drone
553 2 340 288 14 13 drone 959 152 13 13 drone
554 2 340 288 14 13 drone 958 152 13 13 drone
555 2 341 288 14 13 drone 958 152 13 13 drone
556 2 341 288 14 13 drone 958 152 13 13 drone
557 2 341 288 14 13 drone 957 151 13 13 drone
558 2 341 288 14 13 drone 957 151 13 13 drone
559 2 341 288 14 13 drone 955 151 13 13 drone
560 2 341 287 14 13 drone 955 151 13 13 drone
561 2 342 286 14 13 drone 955 150 13 13 drone
562 2 342 286 14 13 drone 954 150 13 13 drone
563 2 343 285 14 13 drone 954 150 13 13 drone
564 2 343 284 14 13 drone 953 149 13 13 drone
565 2 343 283 14 13 drone 953 147 13 13 drone
566 2 344 282 14 13 drone 952 147 13 13 drone
567 2 344 281 14 13 drone 952 145 13 13 drone
568 2 344 281 14 13 drone 952 145 13 13 drone
569 2 346 280 14 13 drone 951 145 13 13 drone
570 2 346 279 14 13 drone 951 143 13 13 drone
571 2 346 278 14 13 drone 950 142 13 13 drone
572 2 346 277 14 13 drone 950 142 13 13 drone
573 2 346 276 14 13 drone 949 142 13 13 drone
574 2 346 276 14 13 drone 949 142 13 13 drone
575 2 346 276 14 13 drone 949 140 13 13 drone
576 2 346 273 14 13 drone 949 139 13 13 drone
577 2 348 272 14 13 drone 948 139 13 13 drone
578 2 348 271 14 13 drone 947 138 13 13 drone
579 2 348 270 14 13 drone 946 137 13 13 drone
580 2 348 270 14 13 drone 946 137 13 13 drone
581 2 348 269 14 13 drone 946 136 13 13 drone
582 2 348 269 14 13 drone 945 135 13 13 drone
583 2 348 268 14 13 drone 945 135 13 13 drone
584 2 350 268 14 13 drone 945 135 13 13 drone
585 2 351 267 14 13 drone 944 134 13 13 drone
586 2 352 267 14 13 drone 943 134 13 13 drone
587 2 351 266 14 13 drone 943 133 13 13 drone
588 2 351 266 14 13 drone 943 133 13 13 drone
589 2 351 265 14 13 drone 941 130 12 15 drone
590 2 348 258 23 20 drone 942 129 12 14 drone
591 2 348 260 23 20 drone 942 129 12 14 drone
592 2 348 260 23 20 drone 942 129 12 14 drone
593 2 349 260 23 20 drone 943 129 12 14 drone
594 2 350 257 23 20 drone 943 128 12 14 drone
595 2 352 256 23 20 drone 941 126 12 14 drone
596 2 354 255 23 20 drone 939 126 12 14 drone
597 2 353 254 23 20 drone 940 125 12 14 drone
598 2 352 254 23 20 drone 940 125 12 14 drone
599 2 352 255 23 20 drone 940 124 12 14 drone
600 2 353 254 23 20 drone 939 124 12 14 drone
601 2 353 254 23 20 drone 938 123 12 14 drone
602 2 353 253 23 20 drone 939 123 12 14 drone
603 2 348 253 23 20 drone 938 122 12 14 drone
604 2 348 253 23 20 drone 938 122 12 14 drone
605 2 347 253 23 20 drone 938 122 12 14 drone
606 2 353 253 23 20 drone 937 122 12 14 drone
607 2 353 253 23 20 drone 937 121 12 14 drone
608 2 353 251 23 20 drone 936 121 12 14 drone
609 2 351 249 23 20 drone 936 121 12 14 drone
610 2 351 249 23 20 drone 936 121 12 14 drone
611 2 353 248 23 20 drone 935 121 12 14 drone
612 2 353 248 23 20 drone 935 121 12 14 drone
613 2 353 247 23 20 drone 935 121 12 14 drone
614 2 351 247 23 20 drone 934 121 12 14 drone
615 2 352 247 23 20 drone 934 121 12 14 drone
616 2 353 247 23 20 drone 934 121 12 14 drone
617 2 356 247 23 20 drone 934 120 12 14 drone
618 2 363 248 11 14 drone 931 118 13 13 drone
619 2 365 248 11 14 drone 931 118 13 13 drone
620 2 366 247 11 14 drone 932 118 13 13 drone
621 2 366 247 11 14 drone 932 118 13 13 drone
622 2 366 247 11 14 drone 932 118 13 13 drone
623 2 367 251 11 14 drone 932 119 13 13 drone
624 2 367 252 11 14 drone 933 119 13 13 drone
625 2 368 252 11 14 drone 932 120 13 13 drone
626 2 368 252 11 14 drone 932 121 13 13 drone
627 2 369 252 11 14 drone 932 123 13 13 drone
628 2 369 252 11 14 drone 932 123 13 13 drone
629 2 371 252 11 14 drone 932 123 13 13 drone
630 2 372 251 11 14 drone 932 123 13 13 drone
631 2 373 250 11 14 drone 932 123 13 13 drone
632 2 373 251 11 14 drone 931 119 13 13 drone
633 2 373 248 11 14 drone 931 119 13 13 drone
634 2 373 248 11 14 drone 931 119 13 13 drone
635 2 374 248 11 14 drone 930 119 13 13 drone
636 2 375 248 11 14 drone 930 119 13 13 drone
637 2 376 247 11 14 drone 930 118 13 13 drone
638 2 377 247 11 14 drone 930 118 13 13 drone
639 2 378 246 11 14 drone 932 117 13 13 drone
640 2 378 246 11 14 drone 932 117 13 13 drone
641 2 379 246 11 14 drone 932 117 13 13 drone
642 2 380 245 11 14 drone 933 117 13 13 drone
643 2 382 245 11 14 drone 934 117 13 13 drone
644 2 383 245 11 14 drone 934 117 13 13 drone
645 2 384 246 11 14 drone 935 117 13 13 drone
646 2 385 246 11 14 drone 935 117 13 13 drone
647 2 387 246 11 14 drone 936 118 13 13 drone
648 2 389 246 11 14 drone 936 118 13 13 drone
649 2 390 246 11 14 drone 937 118 13 13 drone
650 2 390 246 11 14 drone 937 118 13 13 drone
651 2 390 246 11 14 drone 937 120 13 13 drone
652 2 391 246 11 14 drone 937 120 13 13 drone
653 2 391 246 11 14 drone 937 120 13 13 drone
654 2 391 246 11 14 drone 936 120 13 13 drone
655 2 391 246 11 14 drone 936 120 13 13 drone
656 2 392 246 11 14 drone 936 121 13 13 drone
657 2 393 246 11 14 drone 936 121 13 13 drone
658 2 393 246 11 14 drone 936 121 13 13 drone
659 2 393 246 11 14 drone 935 121 13 13 drone
660 2 393 246 11 14 drone 935 121 13 13 drone
661 2 393 246 11 14 drone 935 121 13 13 drone
662 2 393 246 11 14 drone 934 121 13 13 drone
663 2 394 246 11 14 drone 933 122 13 13 drone
664 2 394 246 11 14 drone 933 122 13 13 drone
665 2 394 247 11 14 drone 933 122 13 13 drone
666 2 394 247 11 14 drone 932 122 13 13 drone
667 2 395 247 11 14 drone 931 123 13 13 drone
668 2 395 247 11 14 drone 931 123 13 13 drone
669 2 395 247 11 14 drone 931 123 13 13 drone
670 2 395 248 11 14 drone 931 123 13 13 drone
671 2 395 248 11 14 drone 930 124 13 13 drone
672 2 395 248 11 14 drone 930 124 13 13 drone
673 2 395 248 11 14 drone 930 125 13 13 drone
674 2 396 249 11 14 drone 929 125 13 13 drone
675 2 396 249 11 14 drone 929 126 13 13 drone
676 2 396 249 11 14 drone 928 127 13 13 drone
677 2 396 250 11 14 drone 928 127 13 13 drone
678 2 396 251 11 14 drone 928 128 13 13 drone
679 2 397 251 11 14 drone 927 129 13 13 drone
680 2 397 251 11 14 drone 927 130 13 13 drone
681 2 397 252 11 14 drone 927 131 13 13 drone
682 2 397 252 11 14 drone 926 131 13 13 drone
683 2 398 252 11 14 drone 926 131 13 13 drone
684 2 398 252 11 14 drone 926 131 13 13 drone
685 2 399 252 11 14 drone 926 131 13 13 drone
686 2 399 254 11 14 drone 925 131 13 13 drone
687 2 399 254 11 14 drone 924 132 13 13 drone
688 2 399 254 11 14 drone 924 133 13 13 drone
689 2 400 255 11 14 drone 924 134 13 13 drone
690 2 400 255 11 14 drone 925 134 13 13 drone
691 2 401 255 11 14 drone 924 134 13 13 drone
692 2 401 255 11 14 drone 924 135 13 13 drone
693 2 402 255 11 14 drone 923 135 13 13 drone
694 2 402 256 11 14 drone 923 135 13 13 drone
695 2 402 256 11 14 drone 922 135 13 13 drone
696 2 402 256 11 14 drone 922 135 13 13 drone
697 2 402 256 11 14 drone 922 135 13 13 drone
698 2 402 256 11 14 drone 921 135 13 13 drone
699 2 403 256 11 14 drone 921 135 13 13 drone
700 2 403 256 11 14 drone 921 135 13 13 drone
701 2 403 256 11 14 drone 921 135 13 13 drone
702 2 404 256 11 14 drone 920 135 13 13 drone
703 2 404 256 11 14 drone 920 135 13 13 drone
704 2 405 256 11 14 drone 920 137 13 13 drone
705 2 405 256 11 14 drone 920 137 13 13 drone
706 2 406 255 11 14 drone 920 137 13 13 drone
707 2 406 255 11 14 drone 919 137 13 13 drone
708 2 406 255 11 14 drone 919 138 13 13 drone
709 2 407 256 11 14 drone 918 138 13 13 drone
710 2 407 257 11 14 drone 918 138 13 13 drone
711 2 407 257 11 14 drone 918 138 13 13 drone
712 2 407 257 11 14 drone 918 138 13 13 drone
713 2 407 257 11 14 drone 917 139 13 13 drone
714 2 407 257 11 14 drone 917 139 13 13 drone
715 2 407 257 11 14 drone 916 139 13 13 drone
716 2 407 257 11 14 drone 916 139 13 13 drone
717 2 408 257 11 14 drone 916 139 13 13 drone
718 2 408 257 11 14 drone 916 140 13 13 drone
719 2 408 257 11 14 drone 915 140 13 13 drone
720 2 409 257 11 14 drone 915 140 13 13 drone
721 2 409 257 11 14 drone 915 140 13 13 drone
722 2 409 257 11 14 drone 914 140 13 13 drone
723 2 410 257 11 14 drone 914 140 13 13 drone
724 2 410 257 11 14 drone 914 140 13 13 drone
725 2 410 257 11 14 drone 913 140 13 13 drone
726 2 410 257 11 14 drone 913 140 13 13 drone
727 2 410 257 11 14 drone 912 140 13 13 drone
728 2 410 257 11 14 drone 912 141 13 13 drone
729 2 410 258 11 14 drone 912 141 13 13 drone
730 2 410 258 11 14 drone 912 141 13 13 drone
731 2 411 258 11 14 drone 912 142 13 13 drone
732 2 412 258 11 14 drone 911 142 13 13 drone
733 2 412 258 11 14 drone 911 143 13 13 drone
734 2 413 259 11 14 drone 911 143 13 13 drone
735 2 413 259 11 14 drone 911 143 13 13 drone
736 2 413 259 11 14 drone 911 143 13 13 drone
737 2 413 259 11 14 drone 911 144 13 13 drone
738 2 413 260 11 14 drone 910 144 13 13 drone
739 2 413 261 11 14 drone 909 145 13 13 drone
740 2 413 261 11 14 drone 909 146 13 13 drone
741 2 413 261 11 14 drone 909 146 13 13 drone
742 2 413 261 11 14 drone 909 146 13 13 drone
743 2 414 261 11 14 drone 909 146 13 13 drone
744 2 414 261 11 14 drone 909 146 13 13 drone
745 2 414 261 11 14 drone 908 147 13 13 drone
746 2 415 261 11 14 drone 908 147 13 13 drone
747 2 415 261 11 14 drone 908 146 13 13 drone
748 2 415 261 11 14 drone 908 146 13 13 drone
749 2 415 261 11 14 drone 907 146 13 13 drone
750 2 415 260 11 14 drone 907 146 13 13 drone
751 2 415 260 11 14 drone 907 146 13 13 drone
752 2 415 259 11 14 drone 906 145 13 13 drone
753 2 415 259 11 14 drone 906 144 13 13 drone
754 2 415 259 11 14 drone 906 145 13 13 drone
755 2 415 259 11 14 drone 905 145 13 13 drone
756 2 416 259 11 14 drone 905 145 13 13 drone
757 2 416 258 11 14 drone 905 144 13 13 drone
758 2 417 258 11 14 drone 904 144 13 13 drone
759 2 416 257 11 14 drone 903 144 13 13 drone
760 2 416 257 11 14 drone 903 143 13 13 drone
761 2 416 256 11 14 drone 903 142 13 13 drone
762 2 416 255 11 14 drone 902 142 13 13 drone
763 2 416 255 11 14 drone 902 141 13 13 drone
764 2 417 255 11 14 drone 902 141 13 13 drone
765 2 418 254 11 14 drone 902 141 13 13 drone
766 2 418 254 11 14 drone 902 141 13 13 drone
767 2 418 253 11 14 drone 902 141 13 13 drone
768 2 420 252 11 14 drone 902 140 13 13 drone
769 2 420 252 11 14 drone 902 140 13 13 drone
770 2 421 252 11 14 drone 901 140 13 13 drone
771 2 421 252 11 14 drone 901 140 13 13 drone
772 2 421 252 11 14 drone 901 140 13 13 drone
773 2 421 252 11 14 drone 900 140 13 13 drone
774 2 421 252 11 14 drone 900 140 13 13 drone
775 2 421 253 11 14 drone 899 141 13 13 drone
776 2 421 254 11 14 drone 899 141 13 13 drone
777 2 422 254 11 14 drone 899 142 13 13 drone
778 2 422 254 11 14 drone 899 142 13 13 drone
779 2 422 255 11 14 drone 899 143 13 13 drone
780 2 422 255 11 14 drone 899 143 13 13 drone
781 2 423 255 11 14 drone 899 144 13 13 drone
782 2 423 255 11 14 drone 899 144 13 13 drone
783 2 424 255 11 14 drone 899 144 13 13 drone
784 2 424 255 11 14 drone 899 144 13 13 drone
785 2 424 256 11 14 drone 897 144 13 13 drone
786 2 424 256 11 14 drone 897 144 13 13 drone
787 2 424 257 11 14 drone 897 144 13 13 drone
788 2 425 257 11 14 drone 897 145 13 13 drone
789 2 425 258 11 14 drone 897 146 13 13 drone
790 2 425 258 11 14 drone 897 147 13 13 drone
791 2 425 259 11 14 drone 896 147 13 13 drone
792 2 425 260 11 14 drone 896 147 13 13 drone
793 2 424 260 11 14 drone 895 147 13 13 drone
794 2 424 260 11 14 drone 895 147 13 13 drone
795 2 424 261 11 14 drone 894 148 13 13 drone
796 2 424 261 11 14 drone 894 149 13 13 drone
797 2 424 261 11 14 drone 894 149 13 13 drone
798 2 425 261 11 14 drone 893 149 13 13 drone
799 2 425 261 11 14 drone 893 149 13 13 drone
800 2 426 261 11 14 drone 893 150 13 13 drone
801 2 426 262 11 14 drone 892 151 13 13 drone
802 2 426 262 11 14 drone 892 151 13 13 drone
803 2 427 263 11 14 drone 892 152 13 13 drone
804 2 427 263 11 14 drone 891 153 13 13 drone
805 2 427 264 11 14 drone 891 153 13 13 drone
806 2 428 264 11 14 drone 891 153 13 13 drone
807 2 428 264 11 14 drone 891 153 13 13 drone
808 2 428 265 11 14 drone 891 153 13 13 drone
809 2 429 265 11 14 drone 891 153 13 13 drone
810 2 429 265 11 14 drone 890 153 13 13 drone
811 2 429 265 11 14 drone 890 153 13 13 drone
812 2 429 265 11 14 drone 889 153 13 13 drone
813 2 429 265 11 14 drone 889 153 13 13 drone
814 2 428 265 11 14 drone 889 153 13 13 drone
815 2 430 264 11 14 drone 889 153 13 13 drone
816 2 430 264 11 14 drone 889 153 13 13 drone
817 2 432 264 11 14 drone 889 153 13 13 drone
818 2 432 263 11 14 drone 889 152 13 13 drone
819 2 432 261 11 14 drone 889 151 13 13 drone
820 2 433 261 11 14 drone 889 151 13 13 drone
821 2 433 259 11 14 drone 889 150 13 13 drone
822 2 433 259 11 14 drone 889 150 13 13 drone
823 2 433 259 11 14 drone 889 149 13 13 drone
824 2 434 258 11 14 drone 889 149 13 13 drone
825 2 434 258 11 14 drone 889 147 13 13 drone
826 2 434 257 11 14 drone 889 147 13 13 drone
827 2 434 256 11 14 drone 888 146 13 13 drone
828 2 434 256 11 14 drone 888 146 13 13 drone
829 2 434 255 11 14 drone 887 146 13 13 drone
830 2 434 255 11 14 drone 887 146 13 13 drone
831 2 434 255 11 14 drone 887 148 13 13 drone
832 2 434 255 11 14 drone 887 147 13 13 drone
833 2 434 256 11 14 drone 886 147 13 13 drone
834 2 434 256 11 14 drone 886 147 13 13 drone
835 2 434 256 11 14 drone 886 147 13 13 drone
836 2 435 256 11 14 drone 885 147 13 13 drone
837 2 435 256 11 14 drone 885 147 13 13 drone
838 2 435 256 11 14 drone 885 147 13 13 drone
839 2 435 255 11 14 drone 885 147 13 13 drone
840 2 435 255 11 14 drone 885 147 13 13 drone
841 2 435 254 11 14 drone 884 147 13 13 drone
842 2 437 254 11 14 drone 884 147 13 13 drone
843 2 435 254 11 14 drone 883 147 13 13 drone
844 2 437 254 11 14 drone 883 147 13 13 drone
845 2 437 253 11 14 drone 884 146 13 13 drone
846 2 437 253 11 14 drone 883 146 13 13 drone
847 2 437 253 11 14 drone 883 146 13 13 drone
848 2 437 253 11 14 drone 882 146 13 13 drone
849 2 436 253 11 14 drone 882 146 13 13 drone
850 2 436 253 11 14 drone 882 146 13 13 drone
851 2 436 252 11 14 drone 882 146 13 13 drone
852 2 438 252 11 14 drone 882 146 13 13 drone
853 2 438 252 11 14 drone 882 146 13 13 drone
854 2 439 252 11 14 drone 882 145 13 13 drone
855 2 439 252 11 14 drone 881 145 13 13 drone
856 2 439 252 11 14 drone 881 145 13 13 drone
857 2 439 252 11 14 drone 881 145 13 13 drone
858 2 439 252 11 14 drone 881 145 13 13 drone
859 2 440 252 11 14 drone 880 145 13 13 drone
860 2 440 252 11 14 drone 880 145 13 13 drone
861 2 440 252 11 14 drone 879 145 13 13 drone
862 2 440 251 11 14 drone 879 145 13 13 drone
863 2 440 251 11 14 drone 879 145 13 13 drone
864 2 440 251 11 14 drone 879 145 13 13 drone
865 2 440 251 11 14 drone 879 145 13 13 drone
866 2 441 251 11 14 drone 878 145 13 13 drone
867 2 441 251 11 14 drone 879 148 13 13 drone
868 2 441 251 11 14 drone 880 147 13 13 drone
869 2 441 251 11 14 drone 880 147 13 13 drone
870 2 442 251 11 14 drone 880 147 13 13 drone
871 2 442 251 11 14 drone 879 147 13 13 drone
872 2 443 251 11 14 drone 879 147 13 13 drone
873 2 443 251 11 14 drone 879 146 13 13 drone
874 2 443 251 11 14 drone 879 146 13 13 drone
875 2 443 251 11 14 drone 879 146 13 13 drone
876 2 443 251 11 14 drone 879 146 13 13 drone
877 2 444 252 11 14 drone 879 146 13 13 drone
878 2 444 252 11 14 drone 879 146 13 13 drone
879 2 444 252 11 14 drone 879 145 13 13 drone
880 2 444 252 11 14 drone 879 145 13 13 drone
881 2 444 252 11 14 drone 879 143 13 13 drone
882 2 444 252 11 14 drone 879 143 13 13 drone
883 2 445 251 11 14 drone 879 142 13 13 drone
884 2 445 251 11 14 drone 879 142 13 13 drone
885 2 445 251 11 14 drone 879 141 13 13 drone
886 2 445 251 11 14 drone 879 141 13 13 drone
887 2 445 250 11 14 drone 879 141 13 13 drone
888 2 446 250 11 14 drone 880 140 13 13 drone
889 2 446 250 11 14 drone 874 146 14 10 drone
890 2 446 250 11 14 drone 875 147 14 10 drone
891 2 446 250 11 14 drone 874 147 14 10 drone
892 2 447 250 11 14 drone 873 148 14 10 drone
893 2 447 250 11 14 drone 876 146 14 10 drone
894 2 447 250 11 14 drone 877 145 14 10 drone
895 2 447 250 11 14 drone 871 146 12 10 drone
896 2 447 251 11 14 drone 869 147 12 10 drone
897 2 447 251 11 14 drone 873 146 12 10 drone
898 2 447 251 11 14 drone 873 146 12 10 drone
899 2 448 251 11 14 drone 873 146 12 10 drone
900 2 448 251 11 14 drone 869 146 12 10 drone
901 2 448 251 11 14 drone 872 146 12 10 drone
902 2 448 251 11 14 drone 872 146 12 10 drone
903 2 448 251 11 14 drone 873 146 12 10 drone
904 2 448 251 11 14 drone 873 146 12 10 drone
905 2 448 251 11 14 drone 873 146 12 10 drone
906 2 448 251 11 14 drone 871 146 12 10 drone
907 2 449 251 11 14 drone 871 146 12 10 drone
908 2 449 251 11 14 drone 871 146 12 10 drone
909 2 449 252 11 14 drone 871 144 12 10 drone
910 2 449 252 11 14 drone 872 144 12 10 drone
911 2 450 252 11 14 drone 872 144 12 10 drone
912 2 450 252 11 14 drone 872 144 12 10 drone
913 2 450 252 11 14 drone 873 144 12 10 drone
914 2 451 252 11 14 drone 873 144 12 10 drone
915 2 451 252 11 14 drone 873 144 12 10 drone
916 2 451 252 11 14 drone 873 144 12 10 drone
917 2 451 252 11 14 drone 872 147 10 13 drone
918 2 451 252 11 14 drone 873 147 10 13 drone
919 2 451 252 11 14 drone 873 147 10 13 drone
920 2 451 252 11 14 drone 872 146 10 13 drone
921 2 451 251 11 14 drone 872 146 10 13 drone
922 2 451 251 11 14 drone 871 146 10 13 drone
923 2 451 250 11 14 drone 868 144 13 14 drone
924 2 451 249 11 14 drone 869 143 13 14 drone
925 2 451 248 11 14 drone 867 143 13 14 drone
926 2 451 248 11 14 drone 867 143 13 14 drone
927 2 451 247 11 14 drone 867 141 13 14 drone
928 2 451 247 11 14 drone 867 141 13 14 drone
929 2 451 247 11 14 drone 867 140 13 14 drone
930 2 451 246 11 14 drone 862 140 19 17 drone
931 2 451 246 11 14 drone 866 145 19 17 drone
932 2 451 246 11 14 drone 866 143 19 17 drone
933 2 452 246 11 14 drone 866 143 19 17 drone
934 2 453 246 11 14 drone 865 143 19 17 drone
935 2 453 247 11 14 drone 865 144 19 17 drone
936 2 453 247 11 14 drone 864 145 19 17 drone
937 2 453 247 11 14 drone 863 145 19 17 drone
938 2 453 247 11 14 drone 863 145 19 17 drone
939 2 453 248 11 14 drone 863 145 19 17 drone
940 2 453 248 11 14 drone 862 145 19 17 drone
941 2 454 248 11 14 drone 862 145 19 17 drone
942 2 454 248 11 14 drone 862 145 19 17 drone
943 2 454 248 11 14 drone 861 144 19 17 drone
944 2 454 248 11 14 drone 861 162 19 17 drone
945 2 454 248 11 14 drone 860 140 19 17 drone
946 2 454 249 11 14 drone 859 140 19 17 drone
947 2 454 249 11 14 drone 859 140 19 17 drone
948 2 455 250 11 14 drone 861 140 19 17 drone
949 2 455 250 11 14 drone 861 146 19 17 drone
950 2 456 250 11 14 drone 860 143 19 17 drone
951 2 455 250 11 14 drone 860 143 19 17 drone
952 2 455 250 11 14 drone 860 143 19 17 drone
953 2 455 251 11 14 drone 860 144 19 17 drone
954 2 456 251 11 14 drone 860 142 19 17 drone
955 2 456 251 11 14 drone 848 142 19 17 drone
956 2 457 251 11 14 drone 854 148 18 15 drone
957 2 457 251 11 14 drone 855 148 18 15 drone
958 2 457 251 11 14 drone 855 148 18 15 drone
959 2 453 247 11 15 drone 854 151 18 13 drone
960 2 454 249 11 15 drone 858 152 18 13 drone
961 2 455 249 11 15 drone 856 154 18 13 drone
962 2 455 249 11 15 drone 856 154 18 13 drone
963 2 456 249 11 15 drone 856 154 18 13 drone
964 2 456 249 11 15 drone 856 154 18 13 drone
965 2 456 249 11 15 drone 857 154 18 13 drone
966 2 456 250 11 15 drone 858 154 18 13 drone
967 2 456 252 11 15 drone 856 154 18 13 drone
968 2 457 252 11 15 drone 856 154 18 13 drone
969 2 457 253 11 15 drone 856 154 18 13 drone
970 2 457 253 11 15 drone 856 154 18 13 drone
971 2 459 253 11 15 drone 853 150 17 22 drone
972 2 459 255 11 15 drone 857 151 17 22 drone
973 2 459 256 11 15 drone 859 151 17 22 drone
974 2 460 256 11 15 drone 856 152 11 20 drone
975 2 460 256 11 15 drone 858 152 11 20 drone
976 2 460 256 11 15 drone 858 153 11 20 drone
977 2 460 256 11 15 drone 859 153 11 20 drone
978 2 460 257 11 15 drone 858 153 11 20 drone
979 2 460 257 11 15 drone 857 154 11 20 drone
980 2 460 258 11 15 drone 850 159 22 16 drone
981 2 460 259 11 15 drone 856 163 22 16 drone
982 2 461 259 11 15 drone 849 157 21 16 drone
983 2 461 262 11 15 drone 852 159 21 16 drone
984 2 461 265 11 15 drone 848 162 21 16 drone
985 2 461 267 11 15 drone 847 164 21 16 drone
986 2 447 266 11 15 drone 846 168 21 16 drone
987 2 445 263 11 15 drone 842 168 21 16 drone
988 2 447 266 20 19 drone 847 167 15 20 drone
989 2 448 269 20 19 drone 847 168 15 20 drone
990 2 444 269 20 19 drone 848 168 15 20 drone
991 2 441 269 20 19 drone 843 171 15 13 drone
992 2 437 260 20 25 drone 840 165 27 24 drone
993 2 435 264 20 17 drone 844 163 30 18 drone
994 2 437 261 17 24 drone 849 161 23 16 drone
995 2 426 259 23 28 drone 862 156 15 26 drone
996 2 426 263 23 28 drone 870 154 15 26 drone
997 2 411 266 23 28 drone 872 151 15 26 drone
998 2 401 263 21 23 drone 887 149 13 12 drone
999 2 398 268 21 23 drone 887 129 26 26 drone
1000 2 398 269 21 23 drone 892 131 26 26 drone
1001 2 380 259 16 20 drone 904 121 27 31 drone
1002 2 368 260 19 24 drone 914 120 29 24 drone
1003 2 359 262 27 27 drone 934 112 22 32 drone
1004 2 340 267 30 26 drone 939 104 39 29 drone
1005 2 330 277 30 26 drone 962 104 39 29 drone
1006 2 328 277 30 26 drone 966 104 39 29 drone
1007 2 316 291 30 26 drone 989 103 39 29 drone
1008 2 306 295 30 26 drone 992 101 39 29 drone
1009 2 283 311 26 23 drone 1025 123 21 24 drone
1010 2 257 317 30 32 drone 1041 120 35 32 drone
1011 2 246 337 30 32 drone 1067 132 28 26 drone
1012 2 243 340 30 32 drone 1067 131 28 26 drone
1013 2 241 353 30 32 drone 1072 144 28 26 drone
1014 2 241 364 30 32 drone 1076 159 25 22 drone
1015 2 240 374 30 32 drone 1071 161 24 36 drone
1016 2 241 382 30 32 drone 1071 168 24 36 drone
1017 2 228 399 25 23 drone 1055 184 32 29 drone
1018 2 230 399 25 23 drone 1058 185 32 29 drone
1019 2 227 403 25 23 drone 1051 197 32 29 drone
1020 2 218 408 25 23 drone 1045 197 32 29 drone
1021 2 213 413 25 23 drone 1035 199 32 29 drone
1022 2 209 418 25 23 drone 1029 205 32 29 drone
1023 2 204 420 25 23 drone 1028 207 32 29 drone
1024 2 202 421 25 23 drone 1028 207 32 29 drone
1025 2 199 424 25 23 drone 1026 215 32 29 drone
1026 2 196 427 25 23 drone 1022 216 32 29 drone
1027 2 191 429 25 23 drone 1017 220 32 29 drone
1028 2 188 429 25 23 drone 1010 224 32 29 drone
1029 2 186 431 25 23 drone 1003 223 32 29 drone
1030 2 185 431 25 23 drone 1003 223 32 29 drone
1031 2 179 432 25 23 drone 1003 224 32 29 drone
1032 2 173 434 25 23 drone 1005 224 32 29 drone
1033 2 160 436 25 23 drone 1006 223 32 29 drone
1034 2 145 438 25 23 drone 1026 197 35 42 drone
1035 2 125 442 25 23 drone 1036 196 35 42 drone
1036 2 124 442 25 23 drone 1040 194 35 42 drone
1037 2 94 444 34 22 drone 1070 201 26 15 drone
1038 2 69 448 20 25 drone 1101 186 23 25 drone
1039 2 27 454 31 27 drone 1136 178 20 25 drone
1040 2 1166 162 24 37 drone -3 465 25 28 drone
1041 1 1202 153 40 27 drone
1042 1 1199 153 40 27 drone
1043 1 1273 135 13 31 drone
1044 0
1045 0
1046 0
1047 0
1048 0
1049 0
1050 0
1051 0
1052 0
1053 0
1054 0
1055 0
1056 1 4 515 29 22 drone
1057 1 44 512 24 24 drone
1058 1 77 516 26 28 drone
1059 1 115 515 28 29 drone
1060 1 118 518 28 29 drone
1061 1 168 518 23 25 drone
1062 1 212 514 34 34 drone
1063 1 240 514 34 34 drone
1064 1 272 512 22 27 drone
1065 1 293 512 22 27 drone
1066 1 300 513 22 27 drone
1067 1 323 513 22 27 drone
1068 1 359 505 23 30 drone
1069 1 381 502 23 30 drone
1070 1 398 498 23 30 drone
1071 1 404 475 47 37 drone
1072 1 407 478 47 37 drone
1073 1 417 466 47 37 drone
1074 1 435 453 47 37 drone
1075 1 441 451 47 37 drone
1076 1 429 451 47 37 drone
1077 1 424 451 47 37 drone
1078 1 424 453 47 37 drone
1079 1 418 453 47 37 drone
1080 1 415 456 47 37 drone
1081 1 394 458 47 37 drone
1082 1 382 461 47 37 drone
1083 1 358 461 47 37 drone
1084 1 354 462 47 37 drone
1085 1 331 471 47 37 drone
1086 1 311 466 47 37 drone
1087 1 300 464 47 37 drone
1088 1 296 456 47 37 drone
1089 1 300 450 47 37 drone
1090 1 300 449 47 37 drone
1091 1 315 442 47 37 drone
1092 1 343 429 47 37 drone
1093 1 371 423 47 37 drone
1094 1 398 415 47 37 drone
1095 1 423 408 47 37 drone
1096 1 424 406 47 37 drone
1097 1 442 398 47 37 drone
1098 1 453 383 47 37 drone
1099 1 466 369 47 37 drone
1100 1 474 354 47 37 drone
1101 1 481 335 47 37 drone
1102 1 481 334 47 37 drone
1103 1 481 318 47 37 drone
1104 1 481 296 47 37 drone
1105 1 488 280 47 37 drone
1106 1 494 265 47 37 drone
1107 1 502 251 47 37 drone
1108 1 502 250 47 37 drone
1109 1 509 240 47 37 drone
1110 1 519 234 47 37 drone
1111 1 530 234 47 37 drone
1112 1 543 234 47 37 drone
1113 1 563 236 47 37 drone
1114 1 564 236 47 37 drone
1115 1 583 242 47 37 drone
1116 1 598 249 47 37 drone
1117 1 600 251 47 37 drone
1118 1 600 255 47 37 drone
1119 1 595 262 47 37 drone
1120 1 595 262 47 37 drone
1121 1 593 263 47 37 drone
1122 1 593 263 47 37 drone
1123 1 594 264 47 37 drone
1124 1 597 267 47 37 drone
1125 1 599 269 47 37 drone
1126 1 599 269 47 37 drone
1127 1 600 271 47 37 drone
1128 1 602 275 47 37 drone
1129 1 604 278 47 37 drone
1130 1 608 278 47 37 drone
1131 1 608 281 47 37 drone
1132 1 607 281 47 37 drone
1133 1 606 282 47 37 drone
1134 1 606 282 47 37 drone
1135 1 604 284 47 37 drone
1136 1 604 287 47 37 drone
1137 1 600 290 47 37 drone
1138 1 600 290 47 37 drone
1139 1 594 291 47 37 drone
1140 1 594 293 47 37 drone
1141 1 595 295 47 37 drone
1142 1 599 296 47 37 drone
1143 1 599 297 47 37 drone
1144 1 599 297 47 37 drone
1145 1 599 298 47 37 drone
1146 1 600 301 47 37 drone
1147 1 603 300 47 37 drone
1148 1 607 299 47 37 drone
1149 1 611 298 47 37 drone
1150 1 611 297 47 37 drone
1151 1 613 296 47 37 drone
1152 1 616 297 47 37 drone
1153 1 617 295 47 37 drone
1154 1 621 291 47 37 drone
1155 1 628 289 47 37 drone
1156 1 628 289 47 37 drone
1157 1 634 289 47 37 drone
1158 1 641 287 47 37 drone
1159 1 646 285 47 37 drone
1160 1 648 283 47 37 drone
1161 1 648 282 47 37 drone
1162 1 648 282 47 37 drone
1163 1 647 284 47 37 drone
1164 1 647 284 47 37 drone
1165 1 650 285 47 37 drone
1166 1 648 289 47 37 drone
1167 1 645 292 47 37 drone
1168 1 645 292 47 37 drone
1169 1 646 292 47 37 drone
1170 1 646 294 47 37 drone
1171 1 642 295 47 37 drone
1172 1 637 299 47 37 drone
1173 1 630 296 47 37 drone
1174 1 630 296 47 37 drone
1175 1 622 296 47 37 drone
1176 1 612 297 47 37 drone
1177 1 603 299 47 37 drone
1178 1 598 300 47 37 drone
1179 1 588 300 47 37 drone
1180 1 588 300 47 37 drone
1181 1 586 302 47 37 drone
1182 1 586 302 47 37 drone
1183 1 583 302 47 37 drone
1184 1 581 307 47 37 drone
1185 1 580 309 47 37 drone
1186 1 580 309 47 37 drone
1187 1 580 310 47 37 drone
1188 1 579 309 47 37 drone
1189 1 579 315 47 37 drone
1190 1 575 317 47 37 drone
1191 1 575 320 47 37 drone
1192 1 575 321 47 37 drone
1193 1 576 320 47 37 drone
1194 1 576 321 47 37 drone
1195 1 577 321 47 37 drone
1196 1 581 320 47 37 drone
1197 1 581 321 47 37 drone
1198 1 579 322 47 37 drone
1199 1 581 325 47 37 drone
1200 1 585 322 47 37 drone
1201 1 587 324 47 37 drone
1202 1 587 325 47 37 drone
1203 1 589 328 47 37 drone
1204 1 589 328 47 37 drone
1205 1 590 330 47 37 drone
1206 1 590 332 47 37 drone
1207 1 590 335 47 37 drone
1208 1 592 336 47 37 drone
1209 1 592 340 47 37 drone
1210 1 592 340 47 37 drone
1211 1 592 340 47 37 drone
1212 1 592 341 47 37 drone
1213 1 593 343 47 37 drone
1214 1 589 344 47 37 drone
1215 1 584 346 47 37 drone
1216 1 584 346 47 37 drone
1217 1 580 347 47 37 drone
1218 1 577 347 47 37 drone
1219 1 574 350 47 37 drone
1220 1 570 353 47 37 drone
1221 1 562 355 47 37 drone
1222 1 561 355 47 37 drone
1223 1 552 357 47 37 drone
1224 1 530 357 47 37 drone
1225 1 504 357 47 37 drone
1226 1 480 357 47 37 drone
1227 1 450 358 47 37 drone
1228 1 450 359 47 37 drone
1229 1 424 359 47 37 drone
1230 1 337 357 51 47 drone
1231 1 273 364 42 33 drone
1232 1 201 372 49 41 drone
1233 1 131 370 44 36 drone
1234 1 131 371 44 36 drone
1235 1 60 377 49 31 drone
1236 1 -4 382 55 34 drone
1237 0
1238 0
1239 0
1240 0
1241 0
1242 0
1243 0
1244 0
1245 0
1246 0
1247 0
1248 0
1249 0
1250 0
1251 0
1252 0
1253 0
1254 0
1255 0
1256 0
1257 0
1258 0
1259 0
1260 0
1261 0
1262 1 1212 39 48 28 drone
1263 1 1161 63 27 37 drone
1264 1 1162 65 27 37 drone
1265 1 1115 96 20 23 drone
1266 1 1068 123 28 27 drone
1267 1 1017 139 36 29 drone
1268 1 999 165 17 28 drone
1269 1 968 184 26 33 drone
1270 1 969 184 26 33 drone
1271 2 16 448 16 20 drone 942 209 21 21 drone
1272 2 54 450 22 18 drone 910 221 27 26 drone
1273 2 88 450 12 17 drone 898 232 18 27 drone
1274 2 115 441 25 26 drone 882 246 17 19 drone
1275 2 115 442 25 26 drone 877 251 17 19 drone
1276 2 115 442 25 26 drone 877 251 17 19 drone
1277 2 111 443 25 26 drone 873 253 17 19 drone
1278 2 109 444 25 26 drone 871 253 17 19 drone
1279 2 106 446 25 26 drone 866 253 17 19 drone
1280 2 101 446 25 26 drone 862 253 17 19 drone
1281 2 96 447 25 26 drone 857 253 17 19 drone
1282 2 96 447 25 26 drone 857 253 17 19 drone
1283 2 93 447 25 26 drone 851 253 17 19 drone
1284 2 86 446 25 26 drone 847 253 17 19 drone
1285 2 81 448 25 26 drone 841 253 17 19 drone
1286 2 75 448 25 26 drone 836 253 17 19 drone
1287 2 71 449 25 26 drone 832 255 17 19 drone
1288 2 71 449 25 26 drone 831 255 17 19 drone
1289 2 70 450 25 26 drone 829 256 17 19 drone
1290 2 67 450 25 26 drone 827 256 17 19 drone
1291 2 62 451 25 26 drone 828 256 17 19 drone
1292 2 49 455 25 26 drone 830 256 17 19 drone
1293 2 30 459 16 16 drone 827 250 29 22 drone
1294 2 30 460 16 16 drone 828 250 29 22 drone
1295 2 2 463 19 23 drone 835 250 20 22 drone
1296 1 845 241 21 27 drone
1297 1 855 240 21 27 drone
1298 1 866 234 21 27 drone
1299 1 876 230 21 27 drone
1300 1 877 230 21 27 drone
1301 1 888 227 21 27 drone
1302 1 898 226 21 27 drone
1303 1 906 226 21 27 drone
1304 1 914 230 21 27 drone
1305 1 922 237 21 27 drone
1306 1 923 237 21 27 drone
1307 1 930 242 21 27 drone
1308 1 942 253 21 27 drone
1309 1 949 266 21 27 drone
1310 1 950 280 21 27 drone
1311 1 950 290 21 27 drone
1312 1 950 291 21 27 drone
1313 1 943 297 21 27 drone
1314 1 929 302 21 27 drone
1315 1 912 306 21 27 drone
1316 1 898 308 21 27 drone
1317 1 887 309 21 27 drone
1318 1 886 309 21 27 drone
1319 1 876 311 21 27 drone
1320 1 865 311 21 27 drone
1321 1 846 306 40 31 drone
1322 1 836 306 40 31 drone
1323 1 824 306 40 31 drone
1324 1 823 306 40 31 drone
1325 1 810 305 40 31 drone
1326 1 793 301 40 31 drone
1327 1 774 302 40 31 drone
1328 1 756 303 40 31 drone
1329 1 743 302 40 31 drone
1330 1 743 302 40 31 drone
1331 1 734 302 40 31 drone
1332 1 722 303 40 31 drone
1333 1 713 304 40 31 drone
1334 1 703 303 40 31 drone
1335 1 696 303 40 31 drone
1336 1 696 303 40 31 drone
1337 1 688 304 40 31 drone
1338 1 682 303 40 31 drone
1339 1 679 303 40 31 drone
1340 1 677 303 40 31 drone
1341 1 676 303 40 31 drone
1342 1 675 302 40 31 drone
1343 1 675 301 40 31 drone
1344 1 675 299 40 31 drone
1345 1 673 299 40 31 drone
1346 1 670 299 40 31 drone
1347 1 671 298 40 31 drone
1348 1 671 298 40 31 drone
1349 1 670 296 40 31 drone
1350 1 670 295 40 31 drone
1351 1 669 293 40 31 drone
1352 1 669 293 40 31 drone
1353 1 668 293 40 31 drone
1354 1 668 293 40 31 drone
1355 1 667 294 40 31 drone
1356 1 666 292 40 31 drone
1357 1 667 292 40 31 drone
1358 1 666 292 40 31 drone
1359 1 666 292 40 31 drone
1360 1 666 292 40 31 drone
1361 1 665 291 40 31 drone
1362 1 665 291 40 31 drone
1363 1 665 291 40 31 drone
1364 1 665 292 40 31 drone
1365 1 662 292 40 31 drone
1366 1 662 293 40 31 drone
1367 1 661 294 40 31 drone
1368 1 661 295 40 31 drone
1369 1 661 297 40 31 drone
1370 1 661 300 40 31 drone
1371 1 659 303 40 31 drone
1372 1 659 303 40 31 drone
1373 1 658 307 40 31 drone
1374 1 659 307 40 31 drone
1375 1 659 307 40 31 drone
1376 1 660 307 40 31 drone
1377 1 657 307 40 31 drone
1378 1 656 308 40 31 drone
1379 1 655 308 40 31 drone
1380 1 655 308 40 31 drone
1381 1 655 309 40 31 drone
1382 1 655 308 40 31 drone
1383 1 660 308 40 31 drone
1384 1 660 308 40 31 drone
1385 1 664 308 40 31 drone
1386 1 667 308 40 31 drone
1387 1 668 308 40 31 drone
1388 1 669 310 40 31 drone
1389 1 670 310 40 31 drone
1390 1 670 311 40 31 drone
1391 1 670 311 40 31 drone
1392 1 670 312 40 31 drone
1393 1 669 313 40 31 drone
1394 1 669 313 40 31 drone
1395 1 669 314 40 31 drone
1396 1 669 314 40 31 drone
1397 1 678 319 25 16 drone
1398 1 683 319 25 16 drone
1399 1 687 321 25 16 drone
1400 1 687 321 25 16 drone
1401 1 693 320 25 16 drone
1402 1 693 320 25 16 drone
1403 1 697 318 25 16 drone
1404 1 699 318 25 16 drone
1405 2 702 321 25 16 drone 3 489 21 14 drone
1406 2 708 322 25 16 drone 42 482 19 21 drone
1407 2 714 323 25 16 drone 59 483 18 15 drone
1408 2 715 323 25 16 drone 59 483 18 15 drone
1409 2 722 323 25 16 drone 67 483 18 15 drone
1410 2 730 323 25 16 drone 77 481 18 15 drone
1411 2 739 320 25 16 drone 87 481 18 15 drone
1412 2 748 320 25 16 drone 99 481 18 15 drone
1413 2 761 320 25 16 drone 114 481 18 15 drone
1414 2 766 320 25 16 drone 116 480 18 15 drone
1415 2 782 319 25 16 drone 131 480 18 15 drone
1416 2 798 319 25 16 drone 148 480 18 15 drone
1417 2 821 317 25 16 drone 160 480 18 15 drone
1418 2 829 317 25 16 drone 180 469 20 24 drone
1419 2 838 317 25 16 drone 197 473 17 19 drone
1420 2 840 316 25 16 drone 191 476 21 17 drone
1421 2 849 316 25 16 drone 204 478 21 17 drone
1422 2 855 315 25 16 drone 210 478 21 17 drone
1423 2 862 315 25 16 drone 214 476 21 17 drone
1424 2 869 316 25 16 drone 219 476 21 17 drone
1425 2 879 315 25 16 drone 229 478 21 17 drone
1426 2 879 315 25 16 drone 232 478 21 17 drone
1427 2 243 471 17 19 drone 895 309 13 19 drone
1428 2 259 469 22 16 drone 903 309 15 18 drone
1429 2 908 308 24 20 drone 272 462 32 19 drone
1430 2 908 307 24 20 drone 293 456 32 19 drone
1431 2 913 310 24 20 drone 321 448 17 21 drone
1432 2 913 310 24 20 drone 321 449 17 21 drone
1433 2 332 442 22 23 drone 910 302 16 25 drone
1434 2 343 433 23 34 drone 890 297 28 30 drone
1435 2 365 435 12 14 drone 885 305 16 17 drone
1436 2 369 435 12 14 drone 886 305 16 17 drone
1437 2 369 434 12 14 drone 885 306 16 17 drone
1438 2 369 434 12 14 drone 883 306 16 17 drone
1439 2 370 432 12 14 drone 883 304 16 17 drone
1440 2 370 429 12 14 drone 883 302 16 17 drone
1441 2 370 428 12 14 drone 883 299 16 17 drone
1442 2 368 422 14 12 drone 881 294 16 19 drone
1443 2 372 419 14 12 drone 882 294 16 19 drone
1444 2 372 419 14 12 drone 883 294 16 19 drone
1445 2 370 414 14 12 drone 884 289 16 19 drone
1446 2 370 408 14 12 drone 885 283 16 19 drone
1447 2 370 402 14 12 drone 885 276 16 19 drone
1448 2 373 398 14 12 drone 886 271 16 19 drone
1449 2 376 386 18 17 drone 891 257 12 21 drone
1450 2 376 387 18 17 drone 893 258 12 21 drone
1451 2 381 383 18 17 drone 896 253 12 21 drone
1452 2 381 377 18 17 drone 902 247 12 21 drone
1453 2 396 366 17 14 drone 907 241 14 14 drone
1454 2 913 234 11 16 drone 395 356 22 20 drone
1455 2 917 225 13 22 drone 400 352 23 15 drone
1456 2 919 226 13 22 drone 401 353 23 15 drone
1457 2 410 344 13 20 drone 920 217 20 21 drone
1458 2 413 340 13 20 drone 920 219 20 21 drone
1459 2 414 335 13 20 drone 920 202 29 24 drone
1460 2 421 328 13 20 drone 919 202 29 24 drone
1461 2 429 322 13 20 drone 928 192 16 28 drone
1462 2 431 322 13 20 drone 930 193 16 28 drone
1463 2 441 316 11 14 drone 934 196 13 16 drone
1464 2 449 311 19 18 drone 924 191 20 23 drone
1465 2 459 309 19 18 drone 923 199 20 23 drone
1466 2 478 302 20 21 drone 923 197 14 17 drone
1467 2 915 196 22 24 drone 493 302 17 19 drone
1468 2 915 197 22 24 drone 495 303 17 19 drone
1469 2 508 304 22 18 drone 910 201 19 18 drone
1470 2 517 304 22 18 drone 909 204 17 18 drone
1471 2 526 304 22 18 drone 900 210 18 17 drone
1472 2 536 304 22 18 drone 899 213 18 17 drone
1473 2 546 303 22 18 drone 886 214 22 19 drone
1474 2 548 303 22 18 drone 888 214 22 19 drone
1475 2 556 302 22 18 drone 881 220 17 16 drone
1476 2 562 302 22 18 drone 883 221 17 16 drone
1477 2 567 301 22 18 drone 889 216 14 21 drone
1478 2 571 298 22 18 drone 894 213 14 24 drone
1479 2 577 298 22 18 drone 902 213 14 24 drone
1480 2 578 298 22 18 drone 904 212 14 24 drone
1481 2 581 296 22 18 drone 906 211 14 24 drone
1482 2 588 297 22 18 drone 911 210 14 24 drone
1483 2 593 297 22 18 drone 915 210 14 24 drone
1484 2 602 292 22 18 drone 921 209 14 24 drone
1485 2 606 292 22 18 drone 921 206 18 19 drone
1486 2 607 292 22 18 drone 922 207 18 19 drone
1487 2 609 291 22 18 drone 925 206 18 19 drone
1488 2 610 289 22 18 drone 928 206 18 19 drone
1489 2 610 288 22 18 drone 932 204 18 19 drone
1490 2 611 287 22 18 drone 932 204 18 19 drone
1491 2 612 287 22 18 drone 935 203 18 19 drone
1492 2 612 288 22 18 drone 936 203 18 19 drone
1493 2 612 288 22 18 drone 936 203 18 19 drone
1494 2 612 288 22 18 drone 936 204 18 19 drone
1495 2 609 285 16 20 drone 933 204 14 19 drone
1496 2 611 288 16 20 drone 935 205 14 19 drone
1497 2 608 287 17 17 drone 932 204 20 21 drone
1498 2 609 287 17 17 drone 934 204 20 21 drone
1499 2 608 287 17 17 drone 936 206 20 21 drone
1500 2 609 287 17 17 drone 938 203 20 21 drone
1501 2 608 287 17 17 drone 938 202 20 21 drone
1502 2 608 287 17 17 drone 938 203 20 21 drone
1503 2 608 287 17 17 drone 939 204 20 21 drone
1504 2 608 287 17 17 drone 939 204 20 21 drone
1505 2 606 281 21 17 drone 942 203 13 24 drone
1506 2 607 279 21 17 drone 944 203 13 24 drone
1507 2 608 276 21 17 drone 944 204 13 24 drone
1508 2 609 277 21 17 drone 945 205 13 24 drone
1509 2 609 276 21 17 drone 945 205 13 24 drone
1510 2 612 282 19 17 drone 939 200 17 18 drone
1511 2 938 201 18 18 drone 613 283 11 16 drone
1512 2 939 201 18 18 drone 613 283 11 16 drone
1513 2 940 201 18 18 drone 613 283 11 16 drone
1514 2 940 201 18 18 drone 615 283 11 16 drone
1515 2 941 202 18 18 drone 615 284 11 16 drone
1516 2 941 202 18 18 drone 612 280 11 16 drone
1517 2 941 202 18 18 drone 608 282 21 17 drone
1518 2 941 201 18 18 drone 609 283 21 17 drone
1519 2 941 202 18 18 drone 609 283 21 17 drone
1520 2 939 202 18 18 drone 607 285 21 17 drone
1521 2 938 201 18 18 drone 603 284 21 17 drone
1522 2 938 202 18 18 drone 602 284 21 17 drone
1523 2 937 202 18 18 drone 602 285 21 17 drone
1524 2 934 202 18 18 drone 598 278 20 17 drone
1525 2 931 202 18 18 drone 595 277 20 17 drone
1526 2 927 200 18 18 drone 593 277 20 17 drone
1527 2 925 200 18 18 drone 592 276 20 17 drone
1528 2 924 200 18 18 drone 592 276 20 17 drone
1529 2 923 200 18 18 drone 592 276 20 17 drone
1530 2 922 200 18 18 drone 592 275 20 17 drone
1531 2 919 200 18 18 drone 583 280 20 20 drone
1532 2 917 200 18 18 drone 583 280 20 20 drone
1533 2 915 200 18 18 drone 583 280 20 20 drone
1534 2 914 200 18 18 drone 583 280 20 20 drone
1535 2 912 201 18 18 drone 577 282 20 20 drone
1536 2 910 201 18 18 drone 576 273 20 20 drone
1537 2 910 201 18 18 drone 570 281 17 15 drone
1538 2 910 201 18 18 drone 572 281 17 15 drone
1539 2 910 201 18 18 drone 571 281 17 15 drone
1540 2 910 201 18 18 drone 571 281 17 15 drone
1541 2 910 201 18 18 drone 574 279 17 15 drone
1542 2 908 202 18 18 drone 566 280 21 16 drone
1543 2 908 202 18 18 drone 571 280 21 16 drone
1544 2 908 202 18 18 drone 572 280 21 16 drone
1545 2 907 201 18 18 drone 571 279 21 16 drone
1546 2 907 201 18 18 drone 571 279 21 16 drone
1547 2 907 201 18 18 drone 564 279 21 16 drone
1548 2 907 200 18 18 drone 564 280 21 16 drone
1549 2 906 200 18 18 drone 564 280 21 16 drone
1550 2 905 200 18 18 drone 562 280 21 16 drone
1551 2 906 200 18 18 drone 562 280 21 16 drone
1552 2 906 200 18 18 drone 562 280 21 16 drone
1553 2 896 195 22 20 drone 555 280 19 17 drone
1554 2 896 196 22 20 drone 555 282 19 17 drone
1555 2 895 198 22 20 drone 554 283 19 17 drone
1556 2 893 199 22 20 drone 553 283 19 17 drone
1557 2 893 199 22 20 drone 551 283 19 17 drone
1558 2 893 199 22 20 drone 549 283 19 17 drone
1559 2 893 199 22 20 drone 547 283 19 17 drone
1560 2 891 199 22 20 drone 547 283 19 17 drone
1561 2 886 200 22 20 drone 540 281 12 14 drone
1562 2 882 200 22 20 drone 540 282 12 14 drone
1563 2 878 201 22 20 drone 539 282 12 14 drone
1564 2 878 201 22 20 drone 537 282 12 14 drone
1565 2 877 201 22 20 drone 534 282 12 14 drone
1566 2 877 201 22 20 drone 531 282 12 14 drone
1567 2 871 196 18 18 drone 519 279 21 17 drone
1568 2 873 195 18 18 drone 519 280 21 17 drone
1569 2 866 195 14 20 drone 519 278 14 16 drone
1570 2 867 195 14 20 drone 520 280 14 16 drone
1571 2 868 195 14 20 drone 519 281 14 16 drone
1572 2 863 197 14 20 drone 518 282 14 16 drone
1573 2 863 197 14 20 drone 514 282 14 16 drone
1574 0
1575 2 505 282 14 19 drone 850 200 14 19 drone
1576 2 506 283 14 19 drone 853 200 14 19 drone
1577 2 497 283 16 15 drone 847 202 15 18 drone
1578 2 497 283 16 15 drone 847 203 15 18 drone
1579 2 496 285 16 15 drone 848 206 15 18 drone
1580 2 494 285 16 15 drone 836 202 18 23 drone
1581 2 489 286 16 15 drone 831 204 18 23 drone
1582 2 488 286 16 15 drone 831 206 18 23 drone
1583 2 486 286 16 15 drone 826 206 18 23 drone
1584 2 484 287 16 15 drone 827 206 27 18 drone
1585 2 482 289 16 15 drone 827 207 27 18 drone
1586 2 478 290 16 15 drone 827 207 27 18 drone
1587 2 475 291 16 15 drone 824 211 27 18 drone
1588 2 475 291 16 15 drone 823 211 27 18 drone
1589 2 472 295 16 15 drone 822 213 27 18 drone
1590 2 474 300 16 15 drone 822 219 27 18 drone
1591 2 473 305 16 15 drone 821 221 27 18 drone
1592 2 470 310 16 15 drone 813 227 27 18 drone
1593 2 469 315 16 15 drone 810 232 27 18 drone
1594 2 468 315 16 15 drone 810 233 27 18 drone
1595 2 464 318 16 15 drone 809 237 27 18 drone
1596 2 461 320 16 15 drone 806 240 27 18 drone
1597 2 442 323 16 15 drone 806 242 27 18 drone
1598 2 446 325 16 15 drone 804 243 27 18 drone
1599 2 449 331 16 15 drone 796 248 17 16 drone
1600 2 443 331 10 11 drone 797 251 16 12 drone
1601 2 438 331 17 16 drone 796 252 11 15 drone
1602 2 439 333 17 16 drone 792 261 11 15 drone
1603 1 429 337 10 13 drone
1604 1 423 336 21 19 drone
1605 1 423 342 17 15 drone
1606 1 425 343 17 15 drone
1607 1 418 346 11 12 drone
1608 1 412 353 21 11 drone
1609 1 409 355 21 11 drone
1610 2 408 347 17 18 drone 762 272 19 15 drone
1611 2 408 347 17 18 drone 763 273 19 15 drone
1612 2 408 348 17 18 drone 762 274 19 15 drone
1613 2 394 352 13 19 drone 759 270 18 19 drone
1614 2 386 353 15 18 drone 760 271 19 21 drone
1615 2 755 268 22 20 drone 372 354 19 18 drone
1616 2 759 268 22 20 drone 362 356 16 20 drone
1617 2 761 269 22 20 drone 344 358 21 21 drone
1618 2 761 270 22 20 drone 345 359 21 21 drone
1619 2 761 270 22 20 drone 332 358 17 25 drone
1620 2 315 354 18 27 drone 769 260 24 23 drone
1621 2 299 358 24 25 drone 778 256 17 21 drone
1622 2 773 246 26 31 drone 283 363 14 20 drone
1623 2 259 361 21 29 drone 791 248 12 25 drone
1624 2 259 361 21 29 drone 792 250 12 25 drone
1625 2 241 364 21 22 drone 796 242 17 29 drone
1626 2 219 367 17 23 drone 801 238 23 20 drone
1627 2 193 372 21 18 drone 817 236 12 22 drone
1628 2 817 226 31 28 drone 176 374 10 14 drone
1629 2 824 226 31 28 drone 158 375 10 14 drone
1630 2 825 226 31 28 drone 157 376 10 14 drone
1631 2 824 225 31 28 drone 157 377 10 14 drone
1632 2 820 225 31 28 drone 152 378 10 14 drone
1633 2 819 226 31 28 drone 150 379 10 14 drone
1634 2 822 226 31 28 drone 149 379 10 14 drone
1635 2 831 226 31 28 drone 142 375 14 19 drone
1636 2 827 224 19 25 drone 143 375 17 17 drone
1637 2 830 233 19 25 drone 142 376 17 17 drone
1638 2 824 228 16 19 drone 138 378 16 14 drone
1639 2 136 377 17 18 drone 822 229 20 17 drone
1640 2 134 379 17 18 drone 823 234 20 17 drone
1641 2 134 381 17 18 drone 821 234 15 20 drone
1642 2 132 381 17 18 drone 822 234 15 20 drone
1643 2 131 382 17 18 drone 823 235 15 20 drone
1644 2 124 384 17 18 drone 823 235 15 20 drone
1645 2 113 385 17 18 drone 823 235 15 20 drone
1646 2 96 389 28 19 drone 828 226 13 22 drone
1647 2 79 392 28 19 drone 835 225 13 22 drone
1648 2 79 393 28 19 drone 837 224 13 22 drone
1649 2 55 389 30 32 drone 841 217 23 32 drone
1650 2 29 388 36 30 drone 848 212 24 28 drone
1651 2 25 388 36 30 drone 849 212 24 28 drone
1652 2 25 388 36 30 drone 850 213 24 28 drone
1653 2 23 378 36 30 drone 851 213 24 28 drone
1654 2 24 378 36 30 drone 851 214 24 28 drone
1655 2 21 378 36 30 drone 851 214 24 28 drone
1656 2 20 378 36 30 drone 853 214 24 28 drone
1657 2 32 396 21 24 drone 849 211 24 29 drone
1658 2 33 396 21 24 drone 851 211 24 29 drone
1659 2 35 396 21 24 drone 853 212 24 29 drone
1660 2 35 396 21 24 drone 854 213 24 29 drone
1661 2 35 396 21 24 drone 854 213 24 29 drone
1662 2 35 396 21 24 drone 854 212 24 29 drone
1663 2 35 396 21 24 drone 855 212 24 29 drone
1664 2 35 397 21 24 drone 857 212 24 29 drone
1665 2 39 398 21 24 drone 859 215 24 29 drone
1666 2 39 398 21 24 drone 860 214 24 29 drone
1667 2 42 401 21 24 drone 865 215 24 29 drone
1668 2 45 403 21 24 drone 869 218 24 29 drone
1669 2 48 406 21 24 drone 872 220 24 29 drone
1670 2 52 408 21 24 drone 879 221 24 29 drone
1671 2 58 411 21 24 drone 883 224 24 29 drone
1672 2 58 412 21 24 drone 885 225 24 29 drone
1673 2 64 416 21 24 drone 889 229 24 29 drone
1674 2 69 420 21 24 drone 895 234 24 29 drone
1675 2 73 426 21 24 drone 903 238 24 29 drone
1676 2 77 431 21 24 drone 905 243 24 29 drone
1677 2 81 437 21 24 drone 910 248 24 29 drone
1678 2 83 437 21 24 drone 914 248 24 29 drone
1679 2 87 444 21 24 drone 916 256 24 29 drone
1680 2 90 449 21 24 drone 922 262 24 29 drone
1681 2 95 454 21 24 drone 926 268 24 29 drone
1682 2 102 460 21 24 drone 930 273 24 29 drone
1683 2 108 465 21 24 drone 935 279 24 29 drone
1684 2 110 465 21 24 drone 937 280 24 29 drone
1685 2 113 469 21 24 drone 942 281 24 29 drone
1686 2 115 473 21 24 drone 948 291 24 29 drone
1687 2 118 475 21 24 drone 953 292 24 29 drone
1688 2 119 475 21 24 drone 959 290 15 22 drone
1689 2 119 476 21 24 drone 960 291 15 22 drone
1690 2 119 476 21 24 drone 960 291 15 22 drone
1691 2 119 477 21 24 drone 960 291 15 22 drone
1692 2 120 477 21 24 drone 961 291 15 22 drone
1693 2 120 478 21 24 drone 963 292 15 22 drone
1694 2 120 479 21 24 drone 965 293 15 22 drone
1695 2 120 480 21 24 drone 965 293 15 22 drone
1696 2 119 480 21 24 drone 965 293 15 22 drone
1697 2 119 481 21 24 drone 965 294 15 22 drone
1698 2 119 484 21 24 drone 957 285 29 35 drone
1699 2 121 484 21 24 drone 961 286 29 35 drone
1700 2 123 485 21 24 drone 964 288 29 35 drone
1701 2 126 486 21 24 drone 968 291 29 35 drone
1702 2 126 488 21 24 drone 970 291 29 35 drone
1703 2 131 488 21 24 drone 977 291 29 35 drone
1704 2 136 489 21 24 drone 980 291 29 35 drone
1705 2 145 490 21 24 drone 987 291 29 35 drone
1706 2 150 490 21 24 drone 994 291 29 35 drone
1707 2 157 490 21 24 drone 1002 291 29 35 drone
1708 2 158 490 21 24 drone 1004 291 29 35 drone
1709 2 163 492 21 24 drone 1009 290 29 35 drone
1710 2 166 490 21 24 drone 1015 290 29 35 drone
1711 2 168 489 21 24 drone 1017 289 29 35 drone
1712 2 171 488 21 24 drone 1017 289 29 35 drone
1713 2 172 488 21 24 drone 1017 287 29 35 drone
1714 2 173 488 21 24 drone 1017 287 29 35 drone
1715 2 169 488 21 24 drone 1018 293 25 25 drone
1716 2 170 490 21 24 drone 1016 290 30 25 drone
1717 2 170 490 21 24 drone 1018 291 30 25 drone
1718 2 169 490 21 24 drone 1018 292 30 25 drone
1719 2 168 490 21 24 drone 1018 293 30 25 drone
1720 2 168 491 21 24 drone 1017 293 30 25 drone
1721 2 168 489 21 24 drone 1017 293 30 25 drone
1722 2 168 489 21 24 drone 1017 292 30 25 drone
1723 2 163 488 18 17 drone 1021 296 20 18 drone
1724 2 165 488 18 17 drone 1023 296 20 18 drone
1725 2 166 490 18 17 drone 1025 296 20 18 drone
1726 2 165 490 18 17 drone 1025 296 20 18 drone
1727 2 165 490 18 17 drone 1025 295 20 18 drone
1728 2 165 490 18 17 drone 1025 296 20 18 drone
1729 2 165 490 18 17 drone 1025 296 20 18 drone
1730 2 165 490 18 17 drone 1026 296 20 18 drone
1731 2 165 490 18 17 drone 1027 297 20 18 drone
1732 2 165 489 18 17 drone 1028 297 20 18 drone
1733 2 163 490 18 17 drone 1028 297 20 18 drone
1734 2 163 488 18 17 drone 1029 295 20 18 drone
1735 2 164 488 18 17 drone 1030 296 20 18 drone
1736 2 163 488 18 17 drone 1031 295 20 18 drone
1737 2 164 486 18 17 drone 1032 294 20 18 drone
1738 2 164 486 18 17 drone 1032 293 20 18 drone
1739 2 164 486 18 17 drone 1033 292 20 18 drone
1740 2 166 486 18 17 drone 1035 291 20 18 drone
1741 2 167 485 18 17 drone 1038 291 20 18 drone
1742 2 167 485 18 17 drone 1038 290 20 18 drone
1743 2 166 484 18 17 drone 1040 288 20 18 drone
1744 2 166 484 18 17 drone 1040 288 20 18 drone
1745 2 166 484 18 17 drone 1040 288 20 18 drone
1746 2 166 483 18 17 drone 1041 287 20 18 drone
1747 2 166 482 18 17 drone 1041 286 20 18 drone
1748 2 166 482 18 17 drone 1042 286 20 18 drone
1749 2 166 481 18 17 drone 1042 286 20 18 drone
1750 2 166 481 18 17 drone 1043 286 20 18 drone
1751 2 166 481 18 17 drone 1043 284 20 18 drone
1752 2 168 481 18 17 drone 1044 284 20 18 drone
1753 2 165 479 18 17 drone 1044 283 20 18 drone
1754 2 164 479 18 17 drone 1044 283 20 18 drone
1755 2 163 479 18 17 drone 1045 282 20 18 drone
1756 2 162 479 18 17 drone 1045 282 20 18 drone
1757 2 162 479 18 17 drone 1046 280 20 18 drone
1758 2 163 479 18 17 drone 1047 280 20 18 drone
1759 2 163 479 18 17 drone 1047 280 20 18 drone
1760 2 163 477 18 17 drone 1048 280 20 18 drone
1761 2 163 476 18 17 drone 1049 278 20 18 drone
1762 2 163 476 18 17 drone 1049 277 20 18 drone
1763 2 163 474 18 17 drone 1050 277 20 18 drone
1764 2 163 474 18 17 drone 1050 277 20 18 drone
1765 2 162 473 18 17 drone 1050 275 20 18 drone
1766 2 162 472 18 17 drone 1050 276 20 18 drone
1767 2 162 472 18 17 drone 1052 276 20 18 drone
1768 2 161 472 18 17 drone 1052 276 20 18 drone
1769 2 161 472 18 17 drone 1052 276 20 18 drone
1770 2 161 472 18 17 drone 1052 276 20 18 drone
